0 0.1229802513464991 0.478125 0.026929982046678638 0.10375000000000001
0 0.1606822262118492 0.47875 0.026929982046678638 0.105
0 0.2621184919210054 0.8768750000000001 0.02872531418312388 0.06125
0 0.2989228007181329 0.8875000000000001 0.03052064631956912 0.085
0 0.3384201077199282 0.888125 0.026929982046678638 0.08375
0 0.4542190305206463 0.154375 0.03231597845601436 0.10875
0 0.49461400359066426 0.14375000000000002 0.03052064631956912 0.08750000000000001
0 0.5341113105924596 0.131875 0.03052064631956912 0.06625
0 0.6929982046678635 0.113125 0.02154398563734291 0.06875
0 0.7235188509874327 0.120625 0.025134649910233394 0.08625000000000001
0 0.755834829443447 0.130625 0.025134649910233394 0.10375000000000001
0 0.7872531418312388 0.10312500000000001 0.026929982046678638 0.051250000000000004
0 0.8186714542190305 0.1125 0.025134649910233394 0.0675
0 0.8411131059245961 0.92125 0.02333931777378815 0.085
0 0.8725314183123878 0.92125 0.025134649910233394 0.08750000000000001
0 0.9111310592459605 0.81125 0.02333931777378815 0.065
