0 0.06642728904847398 0.95375 0.02872531418312388 0.02
0 0.09605026929982047 0.95375 0.01974865350089767 0.0175
0 0.12567324955116696 0.954375 0.02872531418312388 0.01875
0 0.17414721723518853 0.604375 0.02154398563734291 0.16375
0 0.18312387791741472 0.443125 0.0466786355475763 0.19125
0 0.20017953321364454 0.46375 0.012567324955116697 0.0125
0 0.14093357271095153 0.810625 0.17414721723518853 0.06125
0 0.2459605026929982 0.82875 0.00718132854578097 0.02
0 0.2190305206463196 0.95375 0.12208258527827648 0.02
0 0.29712746858168765 0.954375 0.026929982046678638 0.01875
0 0.7944344703770198 0.511875 0.04488330341113106 0.33375
0 0.8105924596050269 0.3575 0.012567324955116697 0.0125
0 0.8087971274685817 0.45937500000000003 0.012567324955116697 0.01375
