0 0.04757630161579893 0.54625 0.026929982046678638 0.055
0 0.10233393177737882 0.80375 0.13644524236983843 0.075
0 0.07091561938958707 0.56375 0.008976660682226212 0.0525
0 0.08797127468581688 0.538125 0.01436265709156194 0.01125
0 0.14901256732495513 0.87 0.118491921005386 0.045
0 0.11938958707360862 0.568125 0.05206463195691203 0.03625
0 0.14542190305206465 0.5925 0.00718132854578097 0.005
0 0.2800718132854578 0.909375 0.3123877917414722 0.10875
0 0.1561938958707361 0.600625 0.00718132854578097 0.00375
0 0.3752244165170557 0.726875 0.4236983842010772 0.16625
0 0.22262118491921007 0.6525 0.05026929982046679 0.0275
0 0.22082585278276481 0.85 0.01436265709156194 0.0125
0 0.289048473967684 0.8300000000000001 0.118491921005386 0.0425
0 0.2639138240574506 0.6425 0.017953321364452424 0.0175
0 0.2666068222621185 0.41875 0.01615798922800718 0.0375
0 0.2710951526032316 0.7837500000000001 0.00718132854578097 0.005
0 0.28994614003590663 0.43875000000000003 0.01974865350089767 0.075
0 0.2908438061041293 0.63375 0.025134649910233394 0.015
0 0.3114901256732496 0.9875 0.026929982046678638 0.0225
0 0.3132854578096948 0.438125 0.01974865350089767 0.07625
0 0.3132854578096948 0.368125 0.01974865350089767 0.02375
0 0.3339317773788151 0.41250000000000003 0.017953321364452424 0.025
0 0.3429084380610413 0.98375 0.017953321364452424 0.015
0 0.3680430879712747 0.9762500000000001 0.025134649910233394 0.02
0 0.3725314183123878 0.806875 0.026929982046678638 0.01625
0 0.3985637342908438 0.969375 0.02872531418312388 0.01875
0 0.4640933572710952 0.780625 0.1526032315978456 0.05375
0 0.4658886894075404 0.848125 0.05565529622980252 0.02625
0 0.4605026929982047 0.88625 0.026929982046678638 0.015
0 0.49551166965888693 0.96875 0.0718132854578097 0.025
0 0.4883303411131059 0.73375 0.04308797127468582 0.02
0 0.48384201077199285 0.879375 0.01615798922800718 0.01375
0 0.5 0.5750000000000001 0.01974865350089767 0.105
0 0.5026929982046678 0.838125 0.01436265709156194 0.01375
0 0.5179533213644525 0.725625 0.012567324955116697 0.00875
0 0.526032315978456 0.5750000000000001 0.02154398563734291 0.105
0 0.566427289048474 0.8175 0.1095152603231598 0.0375
0 0.5457809694793537 0.96375 0.017953321364452424 0.02
0 0.5754039497307002 0.74125 0.07360861759425494 0.035
0 0.5538599640933572 0.551875 0.01974865350089767 0.058750000000000004
0 0.5807899461400359 0.6687500000000001 0.005385996409335727 0.005
0 0.6220825852782765 0.723125 0.01615798922800718 0.01875
0 0.6265709156193896 0.7975 0.00718132854578097 0.0075
0 0.6831238779174148 0.89875 0.01974865350089767 0.0425
0 0.7001795332136446 0.5575 0.017953321364452424 0.0525
0 0.7091561938958708 0.89125 0.017953321364452424 0.03
0 0.7244165170556554 0.564375 0.01974865350089767 0.06625
0 0.7477558348294435 0.578125 0.01974865350089767 0.09375
0 0.7639138240574507 0.408125 0.01974865350089767 0.06875
0 0.7728904847396769 0.5775 0.01974865350089767 0.0925
0 0.7899461400359067 0.40125 0.017953321364452424 0.055
0 0.796229802513465 0.57125 0.01974865350089767 0.08
0 0.8141831238779175 0.414375 0.01974865350089767 0.08125
0 0.8195691202872532 0.5437500000000001 0.01974865350089767 0.025
0 0.8402154398563735 0.40125 0.02154398563734291 0.055
0 0.8581687612208259 0.32625 0.017953321364452424 0.07
0 0.8859964093357271 0.55 0.02333931777378815 0.035
