0 0.10323159784560144 0.84 0.01974865350089767 0.0725
0 0.13016157989228008 0.818125 0.01974865350089767 0.02875
0 0.14991023339317774 0.405625 0.02333931777378815 0.08375
0 0.1570915619389587 0.771875 0.01974865350089767 0.05375
0 0.1822262118491921 0.7575000000000001 0.01974865350089767 0.0275
0 0.4263913824057451 0.796875 0.01974865350089767 0.05625
0 0.4524236983842011 0.80375 0.017953321364452424 0.07
0 0.5251346499102334 0.864375 0.01974865350089767 0.06125
0 0.5538599640933572 0.8725 0.01974865350089767 0.075
0 0.5807899461400359 0.8718750000000001 0.01974865350089767 0.07625
0 0.5978456014362658 0.369375 0.03949730700179534 0.05375
0 0.6337522441651706 0.385 0.010771992818671455 0.0075
0 0.744165170556553 0.623125 0.026929982046678638 0.058750000000000004
0 0.7809694793536804 0.623125 0.02872531418312388 0.06125
0 0.8213644524236984 0.791875 0.01974865350089767 0.08625000000000001
0 0.8464991023339318 0.7775 0.01974865350089767 0.0575
0 0.8752244165170557 0.318125 0.0017953321364452424 0.00125
0 0.8725314183123878 0.785 0.02154398563734291 0.0725
0 0.8949730700179533 0.32125 0.04129263913824058 0.0625
