0 0.10502692998204669 0.819375 0.059245960502693 0.11375
0 0.39407540394973073 0.18875 0.03052064631956912 0.06
0 0.42998204667863554 0.513125 0.026929982046678638 0.12375
0 0.49371633752244165 0.5231250000000001 0.0969479353680431 0.14375000000000002
0 0.5565529622980252 0.47750000000000004 0.025134649910233394 0.05
0 0.6193895870736087 0.3525 0.02154398563734291 0.0475
0 0.7486535008976661 0.49562500000000004 0.07899461400359067 0.051250000000000004
0 0.7836624775583483 0.83875 0.07360861759425494 0.15
0 0.8070017953321365 0.525 0.07719928186714542 0.055
0 0.8186714542190305 0.164375 0.02154398563734291 0.11875000000000001
0 0.8285457809694794 0.79625 0.02333931777378815 0.065
0 0.8456014362657092 0.15 0.02154398563734291 0.08750000000000001
0 0.8725314183123878 0.15687500000000001 0.02154398563734291 0.10375000000000001
0 0.8994614003590664 0.141875 0.02154398563734291 0.07125000000000001
