0 0.12567324955116696 0.89375 0.025134649910233394 0.10250000000000001
0 0.1355475763016158 0.39687500000000003 0.02333931777378815 0.13375
0 0.1561938958707361 0.8775000000000001 0.025134649910233394 0.065
0 0.16157989228007183 0.374375 0.02154398563734291 0.08875
0 0.1903052064631957 0.374375 0.02154398563734291 0.08875
0 0.37971274685816875 0.628125 0.02333931777378815 0.04875
0 0.40843806104129265 0.66125 0.02333931777378815 0.115
0 0.4380610412926392 0.645 0.025134649910233394 0.08
0 0.45870736086175945 0.17375000000000002 0.02333931777378815 0.03
0 0.4874326750448833 0.18937500000000002 0.02333931777378815 0.06375
0 0.533213644524237 0.6475 0.02154398563734291 0.08750000000000001
0 0.5655296229802513 0.138125 0.02154398563734291 0.04625
0 0.7432675044883303 0.135 0.08617594254937164 0.1125
0 0.8375224416517056 0.625 0.05206463195691203 0.1075
