0 0.1229802513464991 0.45937500000000003 0.01974865350089767 0.05375
0 0.12746858168761221 0.925 0.02154398563734291 0.045
0 0.13016157989228008 0.270625 0.02333931777378815 0.04875
0 0.1436265709156194 0.62625 0.02154398563734291 0.1475
0 0.14991023339317774 0.458125 0.01615798922800718 0.05625
0 0.15978456014362658 0.2625 0.02154398563734291 0.0325
0 0.17055655296229802 0.61125 0.02154398563734291 0.11750000000000001
0 0.17504488330341114 0.45875 0.01974865350089767 0.055
0 0.17863554757630162 0.39125 0.01974865350089767 0.0275
0 0.19748653500897667 0.6118750000000001 0.02154398563734291 0.11875000000000001
0 0.20556552962298025 0.384375 0.01974865350089767 0.01375
0 0.43447037701974867 0.09625 0.025134649910233394 0.035
0 0.4658886894075404 0.096875 0.02333931777378815 0.03375
0 0.466786355475763 0.598125 0.017953321364452424 0.06875
0 0.4919210053859964 0.58625 0.017953321364452424 0.04
0 0.5170556552962298 0.59875 0.017953321364452424 0.07
0 0.5197486535008977 0.66625 0.01615798922800718 0.02
0 0.5341113105924596 0.200625 0.02333931777378815 0.10875
0 0.5601436265709157 0.20750000000000002 0.02154398563734291 0.1225
0 0.6059245960502693 0.1925 0.05565529622980252 0.0925
0 0.6499102333931778 0.06625 0.003590664272890485 0.015
0 0.6427289048473968 0.096875 0.02154398563734291 0.07625
0 0.6705565529622981 0.089375 0.01974865350089767 0.06125
0 0.8168761220825853 0.599375 0.017953321364452424 0.09125
0 0.8402154398563735 0.59875 0.017953321364452424 0.09
0 0.8635547576301617 0.57375 0.017953321364452424 0.0375
