0 0.06463195691202872 0.8143750000000001 0.02154398563734291 0.06375
0 0.08707360861759426 0.56125 0.012567324955116697 0.0325
0 0.08527827648114901 0.721875 0.02333931777378815 0.04875
0 0.09605026929982047 0.539375 0.0017953321364452424 0.00125
0 0.09425493716337523 0.80625 0.02333931777378815 0.05
0 0.10771992818671455 0.185625 0.02154398563734291 0.03125
0 0.11490125673249552 0.7225 0.02154398563734291 0.0475
0 0.3635547576301616 0.625625 0.01974865350089767 0.06375
0 0.3859964093357271 0.626875 0.017953321364452424 0.06375
0 0.40933572710951527 0.619375 0.01436265709156194 0.051250000000000004
0 0.4910233393177738 0.655625 0.01974865350089767 0.03875
0 0.5179533213644525 0.059375000000000004 0.005385996409335727 0.01625
0 0.5341113105924596 0.81 0.012567324955116697 0.0225
0 0.5538599640933572 0.069375 0.02333931777378815 0.03625
0 0.5547576301615799 0.8150000000000001 0.017953321364452424 0.035
0 0.5646319569120287 0.7675000000000001 0.01615798922800718 0.025
0 0.6723518850987433 0.914375 0.01974865350089767 0.05375
0 0.8456014362657092 0.853125 0.02154398563734291 0.02875
