0 0.22351885098743268 0.390625 0.03411131059245961 0.09125
0 0.27019748653500897 0.88375 0.02333931777378815 0.085
0 0.26481149012567323 0.379375 0.03411131059245961 0.06875
0 0.4622980251346499 0.34375 0.01974865350089767 0.0725
0 0.4874326750448833 0.32875 0.01974865350089767 0.0425
0 0.5143626570915619 0.323125 0.01974865350089767 0.02625
0 0.5224416517055656 0.113125 0.02872531418312388 0.058750000000000004
0 0.7172351885098743 0.865625 0.02333931777378815 0.07875
0 0.7459605026929982 0.865625 0.02333931777378815 0.07875
0 0.7612208258527828 0.07187500000000001 0.017953321364452424 0.05375
0 0.7746858168761221 0.89 0.02333931777378815 0.1275
0 0.781867145421903 0.278125 0.01615798922800718 0.03375
0 0.803411131059246 0.28375 0.01615798922800718 0.05
0 0.8267504488330342 0.265 0.01615798922800718 0.0125
0 0.8913824057450629 0.095625 0.01615798922800718 0.051250000000000004
