0 0.1059245960502693 0.884375 0.03231597845601436 0.11375
0 0.3258527827648115 0.425 0.07001795332136446 0.0325
0 0.4228007181328546 0.435625 0.03411131059245961 0.02375
0 0.4748653500897666 0.311875 0.03411131059245961 0.01625
0 0.5062836624775584 0.435 0.03231597845601436 0.0225
0 0.5044883303411132 0.3125 0.017953321364452424 0.0125
0 0.5323159784560144 0.314375 0.01974865350089767 0.01125
0 0.5628366247755835 0.314375 0.01974865350089767 0.01125
0 0.59245960502693 0.314375 0.017953321364452424 0.01125
0 0.6005385996409336 0.435625 0.03052064631956912 0.01875
0 0.6831238779174148 0.4375 0.026929982046678638 0.0175
0 0.736983842010772 0.440625 0.008976660682226212 0.00625
0 0.7746858168761221 0.441875 0.005385996409335727 0.00375
0 0.8087971274685817 0.441875 0.005385996409335727 0.00375
