0 0.10233393177737882 0.6025 0.02154398563734291 0.0275
0 0.11579892280071814 0.446875 0.05206463195691203 0.26625
0 0.11579892280071814 0.6587500000000001 0.005385996409335727 0.08
0 0.11220825852782765 0.95875 0.026929982046678638 0.02
0 0.1319569120287253 0.6 0.01615798922800718 0.0175
0 0.14183123877917414 0.95875 0.017953321364452424 0.0175
0 0.17235188509874327 0.95875 0.02872531418312388 0.02
0 0.15798922800718135 0.8043750000000001 0.1400359066427289 0.06625
0 0.23429084380610413 0.8250000000000001 0.008976660682226212 0.02
0 0.27019748653500897 0.95875 0.1310592459605027 0.02
0 0.8393177737881509 0.445 0.04847396768402155 0.2675
