0 0.1400359066427289 0.14625 0.02154398563734291 0.075
0 0.18491921005385997 0.14625 0.02154398563734291 0.075
0 0.2118491921005386 0.14625 0.02154398563734291 0.075
0 0.23877917414721725 0.16125 0.02154398563734291 0.105
0 0.24865350089766608 0.81125 0.02333931777378815 0.05
0 0.27737881508078993 0.819375 0.02333931777378815 0.06625
0 0.37881508078994613 0.775625 0.025134649910233394 0.10125
0 0.8240574506283663 0.110625 0.02154398563734291 0.05625
0 0.850987432675045 0.12562500000000001 0.02154398563734291 0.08625000000000001
0 0.8985637342908438 0.058125 0.01974865350089767 0.02625
