0 0.2881508078994614 0.60875 0.02333931777378815 0.075
0 0.4012567324955117 0.843125 0.02333931777378815 0.03125
0 0.4263913824057451 0.078125 0.02333931777378815 0.04875
0 0.42908438061041293 0.883125 0.02154398563734291 0.11375
0 0.45780969479353684 0.07875 0.02154398563734291 0.05
0 0.45870736086175945 0.891875 0.02333931777378815 0.13125
0 0.4883303411131059 0.10312500000000001 0.025134649910233394 0.10125
0 0.5763016157989228 0.8250000000000001 0.03590664272890485 0.115
0 0.6202872531418313 0.6637500000000001 0.01974865350089767 0.0575
0 0.6454219030520647 0.6637500000000001 0.01615798922800718 0.0575
