0 0.13285457809694795 0.14875 0.02154398563734291 0.115
0 0.1606822262118492 0.12375 0.02333931777378815 0.065
0 0.15798922800718135 0.91625 0.025134649910233394 0.0725
0 0.3985637342908438 0.73375 0.04308797127468582 0.0475
0 0.44165170556552963 0.76625 0.05026929982046679 0.025
0 0.48114901256732495 0.726875 0.02154398563734291 0.03125
0 0.7324955116696589 0.114375 0.02154398563734291 0.10875
0 0.7603231597845602 0.114375 0.02333931777378815 0.10875
0 0.7890484739676841 0.114375 0.02333931777378815 0.10625
0 0.8168761220825853 0.0925 0.02154398563734291 0.06
