0 0.10771992818671455 0.479375 0.025134649910233394 0.07125000000000001
0 0.14183123877917414 0.46187500000000004 0.025134649910233394 0.03625
0 0.18581687612208259 0.23375 0.03411131059245961 0.0675
0 0.2495511669658887 0.6775 0.02154398563734291 0.03
0 0.24416517055655296 0.93 0.025134649910233394 0.0675
0 0.3590664272890485 0.64625 0.025134649910233394 0.0475
0 0.388689407540395 0.645625 0.01974865350089767 0.04625
0 0.5538599640933572 0.645 0.02333931777378815 0.0825
0 0.5825852782764812 0.6375000000000001 0.026929982046678638 0.06
0 0.6202872531418313 0.385625 0.02333931777378815 0.12375
0 0.6131059245960503 0.644375 0.02333931777378815 0.08125
0 0.6481149012567325 0.378125 0.02154398563734291 0.10875
0 0.6759425493716338 0.3625 0.02333931777378815 0.0775
0 0.7648114901256733 0.506875 0.025134649910233394 0.06875
0 0.796229802513465 0.9225 0.026929982046678638 0.0625
0 0.796229802513465 0.48812500000000003 0.02333931777378815 0.03125
0 0.8168761220825853 0.130625 0.025134649910233394 0.15625
0 0.8168761220825853 0.909375 0.00718132854578097 0.03375
0 0.8411131059245961 0.349375 0.01974865350089767 0.05375
0 0.8473967684021544 0.130625 0.025134649910233394 0.15625
0 0.8644524236983843 0.790625 0.01974865350089767 0.08875
0 0.8797127468581688 0.130625 0.025134649910233394 0.15625
0 0.8913824057450629 0.775 0.01974865350089767 0.0575
