0 0.09874326750448834 0.9500000000000001 0.02872531418312388 0.02
0 0.12746858168761221 0.9500000000000001 0.010771992818671455 0.0175
0 0.14721723518850988 0.9500000000000001 0.017953321364452424 0.0175
0 0.16247755834829444 0.864375 0.05206463195691203 0.03625
0 0.177737881508079 0.9500000000000001 0.02872531418312388 0.02
0 0.21364452423698385 0.86375 0.017953321364452424 0.03
0 0.24775583482944347 0.9500000000000001 0.07540394973070018 0.02
0 0.3752244165170557 0.860625 0.2657091561938959 0.043750000000000004
0 0.5350089766606823 0.86375 0.010771992818671455 0.03
0 0.6678635547576302 0.864375 0.2118491921005386 0.03625
0 0.7998204667863555 0.864375 0.04847396768402155 0.03625
0 0.8527827648114902 0.86375 0.010771992818671455 0.03
