0 0.1606822262118492 0.436875 0.02333931777378815 0.08625000000000001
0 0.19210053859964094 0.43875000000000003 0.025134649910233394 0.085
0 0.21005385996409337 0.910625 0.10771992818671455 0.09375
0 0.22172351885098743 0.436875 0.02333931777378815 0.08625000000000001
0 0.5017953321364452 0.628125 0.01974865350089767 0.03125
0 0.533213644524237 0.644375 0.02154398563734291 0.06375
0 0.6481149012567325 0.636875 0.025134649910233394 0.03625
0 0.6804308797127468 0.65375 0.025134649910233394 0.07
0 0.7244165170556554 0.085625 0.02333931777378815 0.01375
0 0.7396768402154399 0.796875 0.025134649910233394 0.06875
0 0.7576301615798923 0.1275 0.025134649910233394 0.10250000000000001
0 0.7719928186714542 0.805625 0.025134649910233394 0.08625000000000001
0 0.7872531418312388 0.10312500000000001 0.02333931777378815 0.04875
0 0.7935368043087971 0.4275 0.025134649910233394 0.0975
0 0.8025134649910234 0.796875 0.025134649910233394 0.06875
0 0.8231597845601436 0.41000000000000003 0.02333931777378815 0.065
