0 0.16337522441651706 0.176875 0.025134649910233394 0.10375000000000001
0 0.17594254937163376 0.5750000000000001 0.02154398563734291 0.045
0 0.1867145421903052 0.779375 0.02154398563734291 0.07875
0 0.1938958707360862 0.15125 0.017953321364452424 0.05
0 0.20377019748653502 0.59 0.02333931777378815 0.0775
0 0.21633752244165172 0.786875 0.02333931777378815 0.09625
0 0.2324955116696589 0.5825 0.01974865350089767 0.06
0 0.24416517055655296 0.77125 0.025134649910233394 0.0625
0 0.2737881508078995 0.77125 0.02333931777378815 0.0625
0 0.4919210053859964 0.5750000000000001 0.02154398563734291 0.08
0 0.5215439856373429 0.59125 0.02333931777378815 0.11
0 0.5502692998204668 0.5825 0.02333931777378815 0.095
0 0.7342908438061042 0.74875 0.02154398563734291 0.095
0 0.7585278276481149 0.755625 0.01974865350089767 0.10625
0 0.7800718132854578 0.58125 0.02333931777378815 0.08750000000000001
0 0.7827648114901257 0.74875 0.02154398563734291 0.095
0 0.8213644524236984 0.586875 0.05206463195691203 0.10125
0 0.8689407540394973 0.140625 0.02154398563734291 0.11375
0 0.862657091561939 0.55875 0.01974865350089767 0.045
0 0.888689407540395 0.573125 0.02154398563734291 0.07125000000000001
0 0.8985637342908438 0.123125 0.02333931777378815 0.08125
