0 0.09425493716337523 0.59 0.01615798922800718 0.0525
0 0.10053859964093358 0.84125 0.02154398563734291 0.115
0 0.11938958707360862 0.61625 0.01974865350089767 0.1075
0 0.13016157989228008 0.8325 0.02333931777378815 0.0975
0 0.14272890484739678 0.623125 0.01974865350089767 0.12125
0 0.15978456014362658 0.80875 0.02154398563734291 0.0475
0 0.1687612208258528 0.575625 0.01436265709156194 0.02625
0 0.36624775583482944 0.145625 0.02154398563734291 0.07125000000000001
0 0.3850987432675045 0.58125 0.01974865350089767 0.0675
0 0.39138240574506283 0.145625 0.02154398563734291 0.07125000000000001
0 0.40933572710951527 0.5593750000000001 0.017953321364452424 0.02625
0 0.44524236983842014 0.374375 0.02154398563734291 0.11625
0 0.47037701974865354 0.374375 0.02154398563734291 0.11625
0 0.48384201077199285 0.420625 0.0017953321364452424 0.00125
0 0.49730700179533216 0.374375 0.02154398563734291 0.11625
0 0.5224416517055656 0.34500000000000003 0.02154398563734291 0.0575
0 0.8007181328545782 0.8025 0.02154398563734291 0.0925
0 0.8141831238779175 0.308125 0.01974865350089767 0.06625
0 0.8285457809694794 0.801875 0.01974865350089767 0.09125
0 0.8384201077199283 0.32125 0.017953321364452424 0.095
0 0.8608617594254937 0.795 0.03411131059245961 0.0775
0 0.862657091561939 0.314375 0.01974865350089767 0.08125
0 0.8877917414721724 0.335 0.01974865350089767 0.1225
