0 0.0969479353680431 0.73875 0.02154398563734291 0.08
0 0.1265709156193896 0.7368750000000001 0.02333931777378815 0.08125
0 0.1391382405745063 0.596875 0.026929982046678638 0.05375
0 0.18402154398563736 0.873125 0.03411131059245961 0.01375
0 0.1732495511669659 0.578125 0.01974865350089767 0.01625
0 0.2666068222621185 0.86 0.12746858168761221 0.03
0 0.4488330341113106 0.23500000000000001 0.02154398563734291 0.045
0 0.4766606822262119 0.274375 0.02333931777378815 0.12375
0 0.49551166965888693 0.096875 0.02154398563734291 0.043750000000000004
0 0.5053859964093358 0.25875 0.02333931777378815 0.0925
0 0.5224416517055656 0.12625 0.02154398563734291 0.10250000000000001
0 0.533213644524237 0.2275 0.02154398563734291 0.03
0 0.5637342908438061 0.12625 0.053859964093357277 0.10250000000000001
0 0.5583482944344704 0.72875 0.02154398563734291 0.06
0 0.5861759425493717 0.744375 0.02333931777378815 0.09125
0 0.5816876122082586 0.919375 0.025134649910233394 0.051250000000000004
0 0.6140035906642729 0.74375 0.02154398563734291 0.095
0 0.6238779174147218 0.481875 0.026929982046678638 0.09625
0 0.6427289048473968 0.72875 0.02154398563734291 0.0625
0 0.658886894075404 0.46187500000000004 0.02872531418312388 0.05625
0 0.6705565529622981 0.744375 0.02333931777378815 0.09375
0 0.7648114901256733 0.4625 0.02154398563734291 0.055
0 0.7782764811490126 0.7106250000000001 0.02333931777378815 0.043750000000000004
0 0.8061041292639138 0.7262500000000001 0.02154398563734291 0.0775
0 0.8348294434470377 0.734375 0.02154398563734291 0.09125
