0 0.09245960502692999 0.443125 0.01974865350089767 0.03125
0 0.118491921005386 0.619375 0.02872531418312388 0.06125
0 0.12118491921005387 0.451875 0.02333931777378815 0.04625
0 0.14272890484739678 0.935 0.01974865350089767 0.0425
0 0.14901256732495513 0.444375 0.01436265709156194 0.03125
0 0.1606822262118492 0.605625 0.026929982046678638 0.04125
0 0.236983842010772 0.105625 0.08258527827648116 0.03375
0 0.35727109515260325 0.095625 0.02154398563734291 0.07625
0 0.38420107719928187 0.10375000000000001 0.02154398563734291 0.0925
0 0.4129263913824058 0.08750000000000001 0.017953321364452424 0.06
0 0.4263913824057451 0.073125 0.0017953321364452424 0.00125
0 0.48473967684021546 0.864375 0.02154398563734291 0.10625
0 0.5080789946140036 0.623125 0.02872531418312388 0.07625
0 0.5125673249551167 0.84875 0.02333931777378815 0.0775
0 0.5125673249551167 0.43 0.02333931777378815 0.0175
0 0.5394973070017953 0.85 0.02333931777378815 0.075
0 0.6265709156193896 0.44625000000000004 0.02154398563734291 0.0925
0 0.6543985637342908 0.445625 0.02333931777378815 0.09125
0 0.7262118491921006 0.70375 0.03052064631956912 0.0175
0 0.7585278276481149 0.69875 0.03052064631956912 0.0175
0 0.7917414721723519 0.694375 0.025134649910233394 0.02125
0 0.8123877917414722 0.11375 0.01974865350089767 0.08
0 0.8204667863554758 0.435 0.02154398563734291 0.075
0 0.8420107719928187 0.105625 0.02154398563734291 0.06375
0 0.8464991023339318 0.435625 0.02333931777378815 0.07875
0 0.8716337522441652 0.089375 0.01974865350089767 0.03125
0 0.8761220825852784 0.435 0.02154398563734291 0.0775
