0 0.2531418312387792 0.9137500000000001 0.02154398563734291 0.0975
0 0.362657091561939 0.805 0.06463195691202872 0.0275
0 0.34380610412926393 0.74 0.03052064631956912 0.0175
0 0.3752244165170557 0.734375 0.02154398563734291 0.02125
0 0.4102333931777379 0.796875 0.02333931777378815 0.01875
0 0.4380610412926392 0.790625 0.025134649910233394 0.01875
0 0.4640933572710952 0.793125 0.012567324955116697 0.00875
0 0.5143626570915619 0.776875 0.06283662477558348 0.02625
0 0.5511669658886894 0.576875 0.02154398563734291 0.058750000000000004
0 0.5619389587073609 0.771875 0.02154398563734291 0.01375
0 0.5789946140035906 0.59125 0.02333931777378815 0.0925
0 0.5888689407540395 0.763125 0.02872531418312388 0.01875
0 0.6077199281867146 0.58375 0.02333931777378815 0.0775
0 0.6202872531418313 0.758125 0.02333931777378815 0.01875
0 0.6355475763016158 0.591875 0.02154398563734291 0.09375
0 0.6499102333931778 0.754375 0.02872531418312388 0.01875
0 0.781867145421903 0.61125 0.02333931777378815 0.0475
0 0.8123877917414722 0.603125 0.01615798922800718 0.03125
