0 0.04208273894436519 0.857421875 0.047075606276747506 0.111328125
0 0.11626248216833096 0.87939453125 0.09557774607703282 0.1572265625
0 0.19044222539229672 0.87939453125 0.047075606276747506 0.1572265625
0 0.20399429386590587 0.61328125 0.02282453637660485 0.09375
0 0.20898716119828817 0.57080078125 0.007132667617689016 0.0068359375
0 0.23680456490727533 0.4306640625 0.02567760342368046 0.056640625
0 0.23894436519258203 0.603515625 0.03566333808844508 0.080078125
0 0.5021398002853067 0.6640625 0.019971469329529243 0.072265625
0 0.5499286733238231 0.67822265625 0.06419400855920114 0.1005859375
0 0.5599144079885877 0.70849609375 0.018544935805991442 0.0087890625
0 0.5713266761768901 0.890625 0.03281027104136947 0.1796875
0 0.5770328102710414 0.6943359375 0.009985734664764621 0.013671875
0 0.5948644793152639 0.89111328125 0.011412268188302425 0.0419921875
0 0.6283880171184023 0.845703125 0.047075606276747506 0.08984375
0 0.644793152639087 0.87939453125 0.011412268188302425 0.0205078125
0 0.6711840228245364 0.86083984375 0.03281027104136947 0.1201171875
0 0.7118402282453637 0.83447265625 0.008559201141226819 0.0654296875
0 0.7924393723252496 0.81982421875 0.024251069900142655 0.0439453125
0 0.7981455064194009 0.8701171875 0.018544935805991442 0.0234375
0 0.8059914407988588 0.61572265625 0.03138373751783167 0.1162109375
0 0.8209700427960057 0.8193359375 0.024251069900142655 0.046875
0 0.8373751783166905 0.6240234375 0.03138373751783167 0.12890625
0 0.8430813124108417 0.80517578125 0.03138373751783167 0.0224609375
0 0.8651925820256776 0.6357421875 0.021398002853067047 0.1484375
0 0.890870185449358 0.57958984375 0.018544935805991442 0.0419921875
0 0.8901569186875892 0.83349609375 0.042796005706134094 0.0302734375
