0 0.039942938659058486 0.462890625 0.02282453637660485 0.126953125
0 0.05135520684736092 0.24169921875 0.03138373751783167 0.1337890625
0 0.07489300998573467 0.20849609375 0.01283880171184023 0.0205078125
0 0.10770328102710414 0.2529296875 0.047075606276747506 0.15625
0 0.0920114122681883 0.5029296875 0.06990014265335236 0.208984375
0 0.1861626248216833 0.46044921875 0.02710413694721826 0.1005859375
0 0.19400855920114124 0.41259765625 0.011412268188302425 0.0107421875
0 0.2189728958630528 0.4462890625 0.024251069900142655 0.07421875
0 0.2574893009985735 0.42236328125 0.03851640513552069 0.0322265625
0 0.42653352353780316 0.43212890625 0.019971469329529243 0.0673828125
0 0.4586305278174037 0.48681640625 0.021398002853067047 0.0654296875
0 0.46790299572039945 0.0810546875 0.0456490727532097 0.06640625
0 0.4586305278174037 0.4208984375 0.024251069900142655 0.046875
0 0.4971469329529244 0.4482421875 0.03851640513552069 0.10546875
0 0.4921540656205421 0.75146484375 0.02567760342368046 0.1318359375
0 0.5014265335235378 0.73095703125 0.007132667617689016 0.0068359375
0 0.5106990014265336 0.4404296875 0.011412268188302425 0.0078125
0 0.5114122681883024 0.0927734375 0.03281027104136947 0.08984375
0 0.5135520684736091 0.77099609375 0.011412268188302425 0.0185546875
0 0.5420827389443652 0.72216796875 0.042796005706134094 0.0771484375
0 0.5599144079885877 0.0927734375 0.047075606276747506 0.08984375
0 0.5770328102710414 0.12646484375 0.01283880171184023 0.0205078125
0 0.674037089871612 0.08447265625 0.024251069900142655 0.0927734375
0 0.7168330955777461 0.064453125 0.04136947218259629 0.056640625
0 0.8359486447931527 0.7412109375 0.02567760342368046 0.076171875
0 0.8530670470756063 0.06787109375 0.03138373751783167 0.0439453125
0 0.8601997146932954 0.45166015625 0.02567760342368046 0.1025390625
0 0.8659058487874466 0.40478515625 0.011412268188302425 0.0146484375
0 0.8537803138373752 0.5556640625 0.07845934379457918 0.0703125
0 0.8773181169757489 0.06787109375 0.011412268188302425 0.0419921875
0 0.8922967189728959 0.4365234375 0.024251069900142655 0.076171875
0 0.9029957203994294 0.0673828125 0.02567760342368046 0.04296875
0 0.905848787446505 0.5654296875 0.02282453637660485 0.0859375
