0 0.09415121255349501 0.5927734375 0.02567760342368046 0.056640625
0 0.12981455064194009 0.61181640625 0.02567760342368046 0.0966796875
0 0.15263908701854495 0.08251953125 0.10556348074179743 0.1435546875
0 0.15477888730385164 0.8369140625 0.024251069900142655 0.095703125
0 0.1754636233951498 0.79833984375 0.011412268188302425 0.0185546875
0 0.19757489300998574 0.8173828125 0.024251069900142655 0.0546875
0 0.19686162624821685 0.8701171875 0.028530670470756064 0.029296875
0 0.21825962910128388 0.08349609375 0.02282453637660485 0.1435546875
0 0.21825962910128388 0.8642578125 0.011412268188302425 0.033203125
0 0.3067047075606277 0.06787109375 0.02282453637660485 0.1044921875
0 0.4942938659058488 0.43115234375 0.02710413694721826 0.0966796875
0 0.5014265335235378 0.58349609375 0.02710413694721826 0.0556640625
0 0.5099857346647646 0.0791015625 0.024251069900142655 0.09375
0 0.5299572039942939 0.4111328125 0.02710413694721826 0.056640625
0 0.5370898716119828 0.6025390625 0.02710413694721826 0.095703125
0 0.5456490727532097 0.078125 0.02710413694721826 0.091796875
0 0.5670470756062768 0.09814453125 0.01283880171184023 0.0185546875
0 0.6005706134094151 0.80810546875 0.019971469329529243 0.0302734375
0 0.6276747503566334 0.4404296875 0.02282453637660485 0.14453125
0 0.645506419400856 0.3759765625 0.007132667617689016 0.0078125
0 0.6633380884450785 0.39990234375 0.017118402282453638 0.0634765625
0 0.8723252496433667 0.41650390625 0.03566333808844508 0.0634765625
0 0.8630527817403709 0.8525390625 0.02282453637660485 0.111328125
0 0.8930099857346648 0.8359375 0.034236804564907276 0.076171875
0 0.8858773181169758 0.134765625 0.02282453637660485 0.0625
0 0.9022824536376605 0.44091796875 0.021398002853067047 0.1083984375
0 0.927960057061341 0.8125 0.018544935805991442 0.03125
0 0.9322396576319544 0.41650390625 0.018544935805991442 0.0634765625
0 0.9614835948644793 0.41650390625 0.019971469329529243 0.0634765625
