0 0.3231098430813124 0.140625 0.024251069900142655 0.11328125
0 0.48074179743223966 0.65869140625 0.0456490727532097 0.0888671875
0 0.8009985734664765 0.45361328125 0.029957203994293868 0.0439453125
0 0.8423680456490727 0.47607421875 0.029957203994293868 0.0888671875
0 0.8452211126961484 0.11767578125 0.0014265335235378032 0.0009765625
0 0.8687589158345221 0.9052734375 0.039942938659058486 0.15234375
0 0.8594864479315264 0.12255859375 0.02710413694721826 0.1298828125
0 0.8837375178316691 0.4697265625 0.029957203994293868 0.076171875
0 0.9243937232524965 0.90673828125 0.042796005706134094 0.1533203125
0 0.9543509272467904 0.8603515625 0.014265335235378032 0.0546875
0 0.9664764621968617 0.65234375 0.007132667617689016 0.048828125
