0 0.10485021398002853 0.7900390625 0.021398002853067047 0.18359375
0 0.2218259629101284 0.11572265625 0.007132667617689016 0.0478515625
0 0.24393723252496435 0.73876953125 0.02282453637660485 0.0302734375
0 0.2788873038516405 0.77001953125 0.03281027104136947 0.0966796875
0 0.37874465049928674 0.1064453125 0.03851640513552069 0.15625
0 0.4029957203994294 0.03857421875 0.0042796005706134095 0.0048828125
0 0.42510699001426533 0.1064453125 0.028530670470756064 0.150390625
0 0.43580599144079885 0.08251953125 0.009985734664764621 0.0068359375
0 0.47289586305278175 0.11669921875 0.047075606276747506 0.1787109375
0 0.6626248216833096 0.07275390625 0.01283880171184023 0.0087890625
0 0.6711840228245364 0.140625 0.02710413694721826 0.11328125
0 0.6783166904422254 0.0712890625 0.01283880171184023 0.01171875
0 0.7047075606276748 0.107421875 0.02567760342368046 0.080078125
0 0.7717546362339516 0.49853515625 0.034236804564907276 0.1279296875
0 0.818830242510699 0.5107421875 0.037089871611982884 0.15234375
0 0.8437945791726106 0.44580078125 0.01283880171184023 0.0224609375
0 0.8708987161198288 0.11083984375 0.021398002853067047 0.0947265625
0 0.8801711840228246 0.47216796875 0.05135520684736092 0.0751953125
0 0.8994293865905849 0.4716796875 0.01283880171184023 0.021484375
0 0.9022824536376605 0.8056640625 0.03566333808844508 0.05078125
0 0.9051355206847361 0.08642578125 0.03566333808844508 0.0478515625
0 0.9165477888730386 0.10302734375 0.009985734664764621 0.0146484375
