0 0.06704707560627675 0.90771484375 0.02282453637660485 0.0400390625
0 0.07489300998573467 0.82421875 0.047075606276747506 0.15234375
0 0.10699001426533523 0.267578125 0.02567760342368046 0.0625
0 0.11697574893009986 0.80322265625 0.028530670470756064 0.1103515625
0 0.15977175463623394 0.837890625 0.03138373751783167 0.177734375
0 0.1833095577746077 0.80419921875 0.009985734664764621 0.0205078125
0 0.1833095577746077 0.86083984375 0.01283880171184023 0.0419921875
0 0.5035663338088445 0.77880859375 0.028530670470756064 0.0654296875
0 0.521398002853067 0.498046875 0.007132667617689016 0.07421875
0 0.5442225392296719 0.8466796875 0.029957203994293868 0.201171875
0 0.5649072753209701 0.75732421875 0.005706134094151213 0.0068359375
0 0.5713266761768901 0.7568359375 0.0042796005706134095 0.00390625
0 0.5934379457917262 0.8359375 0.03138373751783167 0.1796875
0 0.6176890156918687 0.779296875 0.014265335235378032 0.064453125
0 0.6433666191155493 0.79052734375 0.028530670470756064 0.0869140625
0 0.6961483594864479 0.23095703125 0.02567760342368046 0.0556640625
0 0.7161198288159772 0.45263671875 0.02567760342368046 0.0283203125
0 0.7375178316690443 0.259765625 0.05420827389443652 0.115234375
0 0.7689015691868759 0.8076171875 0.02282453637660485 0.037109375
0 0.7831669044222539 0.23095703125 0.019971469329529243 0.0556640625
