0 0.05143540669856459 0.7183333333333334 0.03588516746411483 0.45333333333333337
0 0.17105263157894737 0.8291666666666667 0.03588516746411483 0.04833333333333334
0 0.18421052631578946 0.5158333333333334 0.05263157894736842 0.14833333333333334
0 0.2033492822966507 0.7283333333333334 0.028708133971291863 0.09333333333333334
0 0.21291866028708134 0.6900000000000001 0.009569377990430622 0.01
0 0.19138755980861244 0.035833333333333335 0.2248803827751196 0.021666666666666667
0 0.32057416267942584 0.035 0.009569377990430622 0.02
0 0.39952153110047844 0.035833333333333335 0.09569377990430622 0.021666666666666667
0 0.4677033492822966 0.035833333333333335 0.021531100478468897 0.021666666666666667
0 0.49641148325358847 0.03666666666666667 0.03110047846889952 0.02
0 0.5239234449760766 0.035 0.014354066985645932 0.02
0 0.8241626794258373 0.37833333333333335 0.03588516746411483 0.15000000000000002
0 0.8421052631578947 0.7041666666666667 0.019138755980861243 0.04833333333333334
0 0.8576555023923444 0.6891666666666667 0.011961722488038277 0.011666666666666667
0 0.8696172248803827 0.3408333333333334 0.03588516746411483 0.07166666666666667
0 0.735645933014354 0.030833333333333334 0.38995215311004783 0.03166666666666667
