0 0.08373205741626794 0.16666666666666669 0.05263157894736842 0.25
0 0.08492822966507177 0.49750000000000005 0.03588516746411483 0.14833333333333334
0 0.10406698564593302 0.6900000000000001 0.02631578947368421 0.07666666666666667
0 0.1291866028708134 0.4741666666666667 0.03827751196172249 0.10166666666666667
0 0.13995215311004783 0.12083333333333333 0.05502392344497607 0.15833333333333335
0 0.17583732057416268 0.44833333333333336 0.03588516746411483 0.05
0 0.2631578947368421 0.8983333333333334 0.028708133971291863 0.06666666666666667
0 0.2631578947368421 0.7400000000000001 0.03827751196172249 0.07
0 0.3038277511961722 0.8983333333333334 0.028708133971291863 0.06666666666666667
0 0.34210526315789475 0.7058333333333334 0.028708133971291863 0.135
0 0.3755980861244019 0.6875 0.023923444976076555 0.095
0 0.4102870813397129 0.6866666666666668 0.02631578947368421 0.09666666666666668
0 0.673444976076555 0.2866666666666667 0.03110047846889952 0.07333333333333333
0 0.8098086124401913 0.18333333333333335 0.17464114832535885 0.2833333333333333
0 0.8050239234449761 0.6841666666666667 0.03110047846889952 0.04833333333333334
0 0.8133971291866028 0.4741666666666667 0.03827751196172249 0.07833333333333334
0 0.8361244019138756 0.8150000000000001 0.03110047846889952 0.09000000000000001
0 0.8504784688995215 0.6825 0.03588516746411483 0.04833333333333334
0 0.8624401913875598 0.4608333333333334 0.03588516746411483 0.055
0 0.8779904306220095 0.8150000000000001 0.03349282296650718 0.09333333333333334
