0 0.03495007132667618 0.36669921875 0.021398002853067047 0.0458984375
0 0.06990014265335236 0.40673828125 0.034236804564907276 0.1279296875
0 0.10627674750356633 0.40673828125 0.03281027104136947 0.1279296875
0 0.11055634807417974 0.115234375 0.021398002853067047 0.07421875
0 0.12054208273894437 0.85400390625 0.03566333808844508 0.1025390625
0 0.1355206847360913 0.37451171875 0.02282453637660485 0.0634765625
0 0.17403708987161198 0.15380859375 0.08273894436519258 0.1533203125
0 0.15335235378031384 0.35107421875 0.009985734664764621 0.0146484375
0 0.16119828815977175 0.7080078125 0.028530670470756064 0.056640625
0 0.20970042796005706 0.095703125 0.011412268188302425 0.037109375
0 0.43366619115549215 0.42529296875 0.037089871611982884 0.1064453125
0 0.46861626248216837 0.7041015625 0.021398002853067047 0.052734375
0 0.46718972895863053 0.4072265625 0.021398002853067047 0.0703125
0 0.47574893009985736 0.87109375 0.0442225392296719 0.046875
0 0.4985734664764622 0.76220703125 0.047075606276747506 0.0439453125
0 0.5099857346647646 0.794921875 0.009985734664764621 0.009765625
0 0.5064194008559201 0.69970703125 0.028530670470756064 0.0556640625
0 0.522111269614836 0.6806640625 0.02567760342368046 0.015625
0 0.5292439372325249 0.79833984375 0.019971469329529243 0.0185546875
0 0.6112696148359487 0.70458984375 0.03566333808844508 0.0791015625
0 0.6084165477888731 0.40478515625 0.024251069900142655 0.1591796875
0 0.6134094151212554 0.89990234375 0.019971469329529243 0.0634765625
0 0.6419400855920114 0.3955078125 0.02567760342368046 0.140625
0 0.6405135520684736 0.6796875 0.017118402282453638 0.029296875
0 0.6433666191155493 0.916015625 0.019971469329529243 0.095703125
0 0.6697574893009985 0.6884765625 0.0042796005706134095 0.046875
0 0.6726105563480742 0.89990234375 0.015691868758915834 0.0634765625
0 0.6890156918687589 0.1572265625 0.02282453637660485 0.09375
0 0.7068473609129815 0.3740234375 0.021398002853067047 0.0703125
0 0.7310984308131241 0.15673828125 0.04136947218259629 0.0947265625
0 0.738944365192582 0.3876953125 0.03138373751783167 0.1015625
0 0.7653352353780314 0.40283203125 0.021398002853067047 0.1298828125
0 0.768188302425107 0.16650390625 0.024251069900142655 0.1142578125
0 0.797432239657632 0.40234375 0.03138373751783167 0.130859375
0 0.8559201141226819 0.12939453125 0.034236804564907276 0.1435546875
0 0.8787446504992867 0.4033203125 0.07703281027104138 0.142578125
0 0.8730385164051355 0.4482421875 0.011412268188302425 0.0078125
