0 0.11412268188302425 0.87744140625 0.02567760342368046 0.1728515625
0 0.15049928673323823 0.8671875 0.02710413694721826 0.154296875
0 0.3751783166904422 0.830078125 0.019971469329529243 0.0703125
0 0.4015691868758916 0.84423828125 0.021398002853067047 0.1005859375
0 0.41797432239657634 0.86572265625 0.008559201141226819 0.0224609375
0 0.43437945791726107 0.8583984375 0.021398002853067047 0.130859375
0 0.46291012838801715 0.6533203125 0.024251069900142655 0.14453125
0 0.46576319543509276 0.8583984375 0.03281027104136947 0.130859375
0 0.492867332382311 0.64501953125 0.024251069900142655 0.1279296875
0 0.5463623395149786 0.85107421875 0.06276747503566334 0.1162109375
0 0.5962910128388017 0.611328125 0.02282453637660485 0.078125
0 0.6212553495007133 0.41162109375 0.021398002853067047 0.0322265625
0 0.6262482168330956 0.626953125 0.02282453637660485 0.111328125
0 0.6562054208273894 0.64306640625 0.034236804564907276 0.1455078125
0 0.6968616262482169 0.642578125 0.03566333808844508 0.14453125
0 0.8388017118402282 0.6328125 0.07703281027104138 0.142578125
0 0.833095577746077 0.67724609375 0.011412268188302425 0.0087890625
0 0.9044222539229673 0.83154296875 0.02567760342368046 0.0380859375
