0 0.09343794579172611 0.5009765625 0.02710413694721826 0.1328125
0 0.11483594864479316 0.443359375 0.01283880171184023 0.0078125
0 0.11483594864479316 0.482421875 0.009985734664764621 0.0078125
0 0.1369472182596291 0.49169921875 0.02282453637660485 0.1123046875
0 0.15834522111269617 0.45263671875 0.014265335235378032 0.0380859375
0 0.1797432239657632 0.4921875 0.02282453637660485 0.11328125
0 0.22610556348074182 0.9658203125 0.20399429386590587 0.013671875
0 0.7154065620542083 0.865234375 0.029957203994293868 0.111328125
0 0.7567760342368046 0.888671875 0.029957203994293868 0.15625
0 0.7803138373751783 0.91015625 0.005706134094151213 0.009765625
0 0.797432239657632 0.12646484375 0.02282453637660485 0.1279296875
0 0.8145506419400856 0.876953125 0.0456490727532097 0.134765625
0 0.8309557774607703 0.8876953125 0.01283880171184023 0.01953125
