0 0.1255980861244019 0.8358333333333334 0.03588516746411483 0.14833333333333334
0 0.14832535885167464 0.11583333333333334 0.023923444976076555 0.035
0 0.17105263157894737 0.8108333333333334 0.03588516746411483 0.09833333333333334
0 0.1770334928229665 0.0675 0.023923444976076555 0.018333333333333333
0 0.21650717703349281 0.7983333333333333 0.03110047846889952 0.07333333333333333
0 0.31220095693779903 0.7825000000000001 0.03110047846889952 0.13833333333333334
0 0.33373205741626794 0.10750000000000001 0.02631578947368421 0.14833333333333334
0 0.35287081339712917 0.35583333333333333 0.02631578947368421 0.04166666666666667
0 0.3672248803827751 0.09083333333333334 0.02631578947368421 0.10833333333333334
0 0.39114832535885163 0.4091666666666667 0.03110047846889952 0.14833333333333334
0 0.42942583732057416 0.3983333333333334 0.03110047846889952 0.12666666666666668
0 0.47368421052631576 0.06333333333333334 0.028708133971291863 0.060000000000000005
0 0.513157894736842 0.09416666666666668 0.03110047846889952 0.125
0 0.5514354066985646 0.06333333333333334 0.03110047846889952 0.06333333333333334
0 0.6925837320574162 0.755 0.02631578947368421 0.05666666666666667
0 0.7404306220095693 0.5566666666666668 0.050239234449760764 0.12000000000000001
0 0.7595693779904306 0.5091666666666667 0.0023923444976076554 0.0016666666666666668
0 0.8277511961722488 0.3816666666666667 0.028708133971291863 0.060000000000000005
0 0.8397129186602871 0.55 0.028708133971291863 0.11666666666666667
0 0.8409090909090908 0.7783333333333334 0.03110047846889952 0.11333333333333334
0 0.8660287081339713 0.4058333333333334 0.03349282296650718 0.10500000000000001
0 0.8744019138755981 0.56 0.02631578947368421 0.13333333333333333
0 0.8839712918660286 0.8025000000000001 0.03588516746411483 0.16166666666666668
0 0.9055023923444976 0.06333333333333334 0.03110047846889952 0.05
0 0.9043062200956937 0.4033333333333334 0.03349282296650718 0.10666666666666667
0 0.9090909090909091 0.5216666666666667 0.023923444976076555 0.05666666666666667
0 0.94377990430622 0.4058333333333334 0.02631578947368421 0.10166666666666667
