0 0.0023923444976076554 0.7216666666666667 0.004784688995215311 0.006666666666666667
0 0.010765550239234449 0.7425 0.0023923444976076554 0.0016666666666666668
0 0.08492822966507177 0.7075 0.0023923444976076554 0.0016666666666666668
0 0.08492822966507177 0.7291666666666667 0.0023923444976076554 0.0016666666666666668
0 0.04665071770334928 0.8225 0.09330143540669857 0.3416666666666667
0 0.11602870813397129 0.7041666666666667 0.0023923444976076554 0.0016666666666666668
0 0.14473684210526316 0.6458333333333334 0.0023923444976076554 0.0016666666666666668
0 0.16148325358851673 0.8200000000000001 0.09808612440191387 0.35333333333333333
0 0.2021531100478469 0.7025 0.0023923444976076554 0.0016666666666666668
0 0.2069377990430622 0.7025 0.0023923444976076554 0.0016666666666666668
