0 0.0992822966507177 0.18833333333333335 0.08851674641148324 0.24333333333333335
0 0.11602870813397129 0.8716666666666667 0.021531100478468897 0.023333333333333334
0 0.13157894736842105 0.8841666666666668 0.028708133971291863 0.045000000000000005
0 0.12440191387559808 0.79 0.07655502392344497 0.10333333333333335
0 0.6088516746411483 0.12916666666666668 0.06937799043062201 0.125
0 0.7093301435406698 0.2366666666666667 0.021531100478468897 0.06333333333333334
0 0.7392344497607655 0.22916666666666669 0.019138755980861243 0.045000000000000005
0 0.8301435406698564 0.7100000000000001 0.05263157894736842 0.03333333333333333
0 0.8289473684210525 0.6283333333333334 0.07894736842105263 0.10333333333333335
0 0.9019138755980861 0.07583333333333334 0.019138755980861243 0.03166666666666667
