0 0.05263157894736842 0.7633333333333334 0.03827751196172249 0.36333333333333334
0 0.17583732057416268 0.7125 0.04066985645933014 0.07833333333333334
0 0.21531100478468898 0.1625 0.023923444976076555 0.08166666666666667
0 0.2978468899521531 0.8566666666666667 0.07416267942583732 0.060000000000000005
0 0.35645933014354064 0.8566666666666667 0.03349282296650718 0.060000000000000005
0 0.45574162679425834 0.8508333333333334 0.15550239234449761 0.07166666666666667
0 0.5538277511961722 0.8400000000000001 0.03110047846889952 0.023333333333333334
0 0.6842105263157895 0.6083333333333334 0.028708133971291863 0.06666666666666667
0 0.631578947368421 0.8400000000000001 0.11483253588516745 0.02666666666666667
0 0.7093301435406698 0.8400000000000001 0.03110047846889952 0.02666666666666667
0 0.8098086124401913 0.36083333333333334 0.0023923444976076554 0.0016666666666666668
0 0.8241626794258373 0.41583333333333333 0.0023923444976076554 0.0016666666666666668
0 0.8433014354066986 0.3983333333333334 0.05980861244019139 0.07
0 0.8253588516746411 0.7608333333333334 0.14832535885167464 0.225
0 0.8791866028708134 0.33 0.050239234449760764 0.09333333333333334
0 0.8612440191387559 0.6541666666666667 0.11961722488038277 0.19166666666666668
