0 0.11722488038277512 0.115 0.019138755980861243 0.06333333333333334
0 0.1901913875598086 0.8458333333333334 0.04066985645933014 0.13166666666666668
0 0.21650717703349281 0.4783333333333334 0.03588516746411483 0.17333333333333334
0 0.23923444976076555 0.8058333333333334 0.03827751196172249 0.05166666666666667
0 0.2595693779904306 0.4633333333333334 0.03110047846889952 0.13333333333333333
0 0.25 0.12250000000000001 0.03110047846889952 0.09833333333333334
0 0.27870813397129185 0.49583333333333335 0.0023923444976076554 0.0016666666666666668
0 0.28708133971291866 0.11333333333333334 0.028708133971291863 0.08
0 0.30023923444976075 0.4741666666666667 0.03110047846889952 0.16166666666666668
0 0.3720095693779904 0.24083333333333334 0.050239234449760764 0.095
0 0.43779904306220097 0.12166666666666667 0.03349282296650718 0.09666666666666668
0 0.4820574162679426 0.12250000000000001 0.03588516746411483 0.10166666666666667
0 0.8098086124401913 0.5108333333333334 0.03110047846889952 0.09833333333333334
0 0.8456937799043062 0.49000000000000005 0.02631578947368421 0.060000000000000005
0 0.8624401913875598 0.13416666666666668 0.03588516746411483 0.16166666666666668
0 0.881578947368421 0.7341666666666667 0.04066985645933014 0.09166666666666667
0 0.9055023923444976 0.08833333333333333 0.03110047846889952 0.06666666666666667
