0 0.09449760765550239 0.8200000000000001 0.03110047846889952 0.06666666666666667
0 0.10167464114832535 0.12000000000000001 0.02631578947368421 0.06666666666666667
0 0.13157894736842105 0.6616666666666667 0.023923444976076555 0.060000000000000005
0 0.22248803827751196 0.12000000000000001 0.028708133971291863 0.1
0 0.2583732057416268 0.1 0.028708133971291863 0.060000000000000005
0 0.27870813397129185 0.47750000000000004 0.02631578947368421 0.05166666666666667
0 0.29545454545454547 0.12083333333333333 0.03110047846889952 0.10166666666666667
0 0.31339712918660284 0.46416666666666667 0.023923444976076555 0.035
0 0.4282296650717703 0.26166666666666666 0.028708133971291863 0.10333333333333335
0 0.43899521531100477 0.47750000000000004 0.05502392344497607 0.015000000000000001
0 0.46411483253588515 0.2516666666666667 0.028708133971291863 0.08
0 0.4748803827751196 0.09583333333333334 0.03110047846889952 0.08166666666666667
0 0.5023923444976076 0.8450000000000001 0.023923444976076555 0.07666666666666667
0 0.5119617224880383 0.07500000000000001 0.023923444976076555 0.04
0 0.5287081339712918 0.6875 0.028708133971291863 0.09833333333333334
0 0.5394736842105263 0.8441666666666667 0.02631578947368421 0.07833333333333334
0 0.5633971291866029 0.6683333333333333 0.03110047846889952 0.060000000000000005
0 0.5765550239234449 0.8550000000000001 0.028708133971291863 0.10333333333333335
0 0.8181818181818181 0.8358333333333334 0.06220095693779904 0.085
0 0.8325358851674641 0.09083333333333334 0.03349282296650718 0.155
0 0.8552631578947368 0.7975000000000001 0.0023923444976076554 0.0016666666666666668
0 0.8732057416267942 0.06916666666666667 0.03349282296650718 0.11166666666666668
