0 0.07894736842105263 0.8925000000000001 0.028708133971291863 0.09833333333333334
0 0.10047846889952153 0.4591666666666667 0.04784688995215311 0.10166666666666667
0 0.11483253588516745 0.8925000000000001 0.028708133971291863 0.10166666666666667
0 0.12799043062200957 0.24500000000000002 0.03110047846889952 0.14
0 0.16148325358851673 0.49333333333333335 0.050239234449760764 0.17333333333333334
0 0.4043062200956938 0.7625000000000001 0.028708133971291863 0.06166666666666667
0 0.44377990430622005 0.7516666666666667 0.03110047846889952 0.04
0 0.4617224880382775 0.685 0.028708133971291863 0.04
0 0.4605263157894737 0.19166666666666668 0.03110047846889952 0.06666666666666667
0 0.4904306220095694 0.10666666666666667 0.023923444976076555 0.03666666666666667
0 0.5897129186602871 0.155 0.03110047846889952 0.13
0 0.6303827751196172 0.14333333333333334 0.03110047846889952 0.11
0 0.8086124401913876 0.49333333333333335 0.043062200956937795 0.20333333333333334
0 0.8624401913875598 0.4666666666666667 0.03588516746411483 0.1366666666666667
