0 0.12440191387559808 0.6941666666666667 0.07655502392344497 0.06833333333333334
0 0.13516746411483252 0.5725 0.045454545454545456 0.06166666666666667
0 0.284688995215311 0.11333333333333334 0.023923444976076555 0.06666666666666667
0 0.5023923444976076 0.6133333333333334 0.03827751196172249 0.02666666666666667
0 0.49521531100478466 0.5625 0.057416267942583726 0.058333333333333334
0 0.59688995215311 0.8575 0.03110047846889952 0.14833333333333334
0 0.6088516746411483 0.08750000000000001 0.05502392344497607 0.10500000000000001
0 0.6351674641148325 0.8266666666666668 0.03110047846889952 0.08333333333333334
0 0.8062200956937798 0.5700000000000001 0.028708133971291863 0.05666666666666667
0 0.8409090909090908 0.5808333333333334 0.02631578947368421 0.07500000000000001
0 0.8767942583732057 0.5816666666666667 0.021531100478468897 0.07333333333333333
0 0.8600478468899522 0.06916666666666667 0.05502392344497607 0.06833333333333334
