0 0.09808612440191387 0.25 0.019138755980861243 0.05666666666666667
0 0.12440191387559808 0.28 0.019138755980861243 0.11666666666666667
0 0.1291866028708134 0.43583333333333335 0.03349282296650718 0.115
0 0.1519138755980861 0.1391666666666667 0.021531100478468897 0.13166666666666668
0 0.15311004784688995 0.8366666666666667 0.057416267942583726 0.08333333333333334
0 0.17105263157894737 0.4366666666666667 0.03588516746411483 0.11666666666666667
0 0.18181818181818182 0.10666666666666667 0.023923444976076555 0.06666666666666667
0 0.21291866028708134 0.42583333333333334 0.03349282296650718 0.09166666666666667
0 0.4019138755980861 0.12416666666666668 0.023923444976076555 0.021666666666666667
0 0.6770334928229664 0.13083333333333333 0.028708133971291863 0.115
0 0.7117224880382775 0.1125 0.02631578947368421 0.07833333333333334
0 0.7523923444976076 0.25333333333333335 0.03110047846889952 0.030000000000000002
0 0.7811004784688995 0.43333333333333335 0.03110047846889952 0.11666666666666667
0 0.8157894736842105 0.4041666666666667 0.028708133971291863 0.058333333333333334
0 0.8516746411483254 0.42333333333333334 0.028708133971291863 0.09666666666666668
0 0.8313397129186603 0.9458333333333334 0.13636363636363635 0.055
0 0.9246411483253588 0.66 0.045454545454545456 0.21000000000000002
