0 0.03110047846889952 0.4791666666666667 0.004784688995215311 0.03166666666666667
0 0.034688995215311005 0.3891666666666667 0.0023923444976076554 0.0016666666666666668
0 0.03708133971291866 0.5708333333333334 0.0023923444976076554 0.0016666666666666668
0 0.04425837320574162 0.5575 0.0023923444976076554 0.0016666666666666668
0 0.04665071770334928 0.5841666666666667 0.0023923444976076554 0.0016666666666666668
0 0.12320574162679425 0.5441666666666667 0.0023923444976076554 0.0016666666666666668
0 0.1303827751196172 0.4475 0.0023923444976076554 0.0016666666666666668
0 0.12200956937799043 0.555 0.1770334928229665 0.34
0 0.2021531100478469 0.29500000000000004 0.05502392344497607 0.043333333333333335
0 0.180622009569378 0.10333333333333335 0.16028708133971292 0.20333333333333334
0 0.5059808612440191 0.26666666666666666 0.07416267942583732 0.05333333333333334
0 0.7069377990430622 0.14500000000000002 0.0645933014354067 0.043333333333333335
0 0.7380382775119617 0.21500000000000002 0.09330143540669857 0.06333333333333334
