0 0.09688995215311004 0.335 0.02631578947368421 0.17333333333333334
0 0.12320574162679425 0.4658333333333334 0.021531100478468897 0.07833333333333334
0 0.29186602870813394 0.7158333333333334 0.057416267942583726 0.065
0 0.34210526315789475 0.3191666666666667 0.07177033492822966 0.14166666666666666
0 0.32177033492822965 0.5850000000000001 0.02631578947368421 0.05666666666666667
0 0.35167464114832536 0.7508333333333334 0.057416267942583726 0.03833333333333334
0 0.35645933014354064 0.6058333333333333 0.028708133971291863 0.095
0 0.3791866028708134 0.26416666666666666 0.0023923444976076554 0.0016666666666666668
0 0.44377990430622005 0.8408333333333334 0.03588516746411483 0.125
0 0.4449760765550239 0.4541666666666667 0.03349282296650718 0.14833333333333334
0 0.4832535885167464 0.4133333333333334 0.03349282296650718 0.06333333333333334
0 0.492822966507177 0.32583333333333336 0.028708133971291863 0.03833333333333334
