0 0.29904306220095694 0.05583333333333334 0.023923444976076555 0.058333333333333334
0 0.33253588516746413 0.055 0.023923444976076555 0.05333333333333334
0 0.458133971291866 0.08916666666666667 0.02631578947368421 0.095
0 0.5083732057416268 0.7266666666666667 0.045454545454545456 0.05666666666666667
0 0.6160287081339713 0.8650000000000001 0.02631578947368421 0.09333333333333334
0 0.6244019138755981 0.6266666666666667 0.028708133971291863 0.13333333333333333
0 0.6507177033492823 0.8625 0.023923444976076555 0.08833333333333333
0 0.6602870813397129 0.6258333333333334 0.023923444976076555 0.135
0 0.8708133971291866 0.39666666666666667 0.028708133971291863 0.13333333333333333
0 0.8875598086124401 0.5758333333333334 0.028708133971291863 0.058333333333333334
0 0.9066985645933014 0.065 0.028708133971291863 0.07666666666666667
0 0.9055023923444976 0.3766666666666667 0.02631578947368421 0.09666666666666668
0 0.923444976076555 0.6058333333333333 0.023923444976076555 0.11166666666666668
