0 0.053827751196172245 0.11 0.02631578947368421 0.05333333333333334
0 0.08492822966507177 0.1391666666666667 0.021531100478468897 0.10833333333333334
0 0.09090909090909091 0.6991666666666667 0.04784688995215311 0.12833333333333335
0 0.15071770334928228 0.7333333333333334 0.04784688995215311 0.19666666666666668
0 0.2834928229665072 0.5025000000000001 0.1124401913875598 0.04833333333333334
0 0.38516746411483255 0.12666666666666668 0.028708133971291863 0.11333333333333334
0 0.40909090909090906 0.7375 0.06220095693779904 0.04166666666666667
0 0.4461722488038277 0.6408333333333334 0.021531100478468897 0.025
0 0.46531100478468895 0.7466666666666667 0.03588516746411483 0.023333333333333334
0 0.6985645933014354 0.53 0.023923444976076555 0.03666666666666667
0 0.812200956937799 0.14416666666666667 0.02631578947368421 0.065
0 0.8409090909090908 0.8525 0.04066985645933014 0.13166666666666668
0 0.854066985645933 0.14583333333333334 0.028708133971291863 0.065
0 0.8684210526315789 0.48000000000000004 0.028708133971291863 0.09666666666666668
0 0.881578947368421 0.052500000000000005 0.02631578947368421 0.035
0 0.8899521531100478 0.8400000000000001 0.03827751196172249 0.10666666666666667
0 0.9019138755980861 0.48000000000000004 0.028708133971291863 0.09666666666666668
