0 0.061004784688995214 0.22416666666666668 0.0023923444976076554 0.0016666666666666668
0 0.07177033492822966 0.265 0.009569377990430622 0.01
0 0.08014354066985646 0.26083333333333336 0.0023923444976076554 0.0016666666666666668
0 0.13277511961722488 0.16416666666666668 0.13636363636363635 0.23500000000000001
0 0.09688995215311004 0.6858333333333334 0.06937799043062201 0.10166666666666667
0 0.19258373205741627 0.13416666666666668 0.011961722488038277 0.008333333333333333
0 0.35526315789473684 0.43083333333333335 0.13157894736842105 0.195
0 0.4665071770334928 0.4008333333333334 0.03827751196172249 0.10500000000000001
0 0.5167464114832536 0.4008333333333334 0.03827751196172249 0.10833333333333334
0 0.7033492822966507 0.385 0.043062200956937795 0.04
0 0.7057416267942583 0.6666666666666667 0.028708133971291863 0.04
0 0.8744019138755981 0.3983333333333334 0.050239234449760764 0.05333333333333334
0 0.8660287081339713 0.14583333333333334 0.057416267942583726 0.18833333333333335
