0 0.07296650717703348 0.10833333333333334 0.03110047846889952 0.11333333333333334
0 0.07416267942583732 0.45833333333333337 0.023923444976076555 0.05
0 0.08373205741626794 0.5975 0.04784688995215311 0.04833333333333334
0 0.10406698564593302 0.45833333333333337 0.021531100478468897 0.05
0 0.11363636363636363 0.14416666666666667 0.03588516746411483 0.18500000000000003
0 0.15789473684210525 0.1391666666666667 0.03349282296650718 0.1716666666666667
0 0.16507177033492823 0.6041666666666667 0.06220095693779904 0.045000000000000005
0 0.1985645933014354 0.3641666666666667 0.03349282296650718 0.015000000000000001
0 0.23923444976076555 0.3566666666666667 0.019138755980861243 0.013333333333333334
0 0.25598086124401914 0.35333333333333333 0.009569377990430622 0.01
0 0.25598086124401914 0.23 0.04784688995215311 0.060000000000000005
0 0.3624401913875598 0.6475000000000001 0.03110047846889952 0.14833333333333334
0 0.3923444976076555 0.3491666666666667 0.03349282296650718 0.021666666666666667
0 0.4007177033492823 0.6375000000000001 0.03110047846889952 0.12833333333333335
0 0.43899521531100477 0.6375000000000001 0.03110047846889952 0.12833333333333335
0 0.5095693779904306 0.40166666666666667 0.07177033492822966 0.12000000000000001
0 0.7954545454545454 0.6483333333333334 0.03110047846889952 0.12666666666666668
0 0.8337320574162679 0.6375000000000001 0.03110047846889952 0.10500000000000001
0 0.8337320574162679 0.4658333333333334 0.0023923444976076554 0.0016666666666666668
0 0.8720095693779903 0.6158333333333333 0.03110047846889952 0.06166666666666667
0 0.8600478468899522 0.4091666666666667 0.07416267942583732 0.155
