0 0.11886051080550097 0.856875 0.0805500982318271 0.043750000000000004
0 0.16601178781925344 0.27187500000000003 0.05304518664047151 0.03125
0 0.16011787819253437 0.185 0.06483300589390963 0.03
0 0.22691552062868367 0.77375 0.05304518664047151 0.05
0 0.22593320235756384 0.445 0.11787819253438113 0.06
0 0.34774066797642433 0.77875 0.06286836935166994 0.045
0 0.35461689587426326 0.16875 0.17092337917485265 0.065
0 0.44597249508840864 0.904375 0.14145383104125736 0.01625
0 0.4577603143418467 0.419375 0.11394891944990176 0.051250000000000004
0 0.5520628683693516 0.7837500000000001 0.0667976424361493 0.0275
0 0.56188605108055 0.13875 0.11394891944990176 0.065
0 0.6679764243614931 0.4225 0.12180746561886051 0.045
0 0.6630648330058939 0.795 0.060903732809430254 0.0275
0 0.7239685658153241 0.75625 0.04911591355599214 0.0125
0 0.7779960707269155 0.9025 0.12573673870333987 0.0325
0 0.8428290766208251 0.781875 0.015717092337917484 0.01375
0 0.8359528487229861 0.171875 0.15127701375245578 0.07875
0 0.8919449901768173 0.781875 0.07072691552062868 0.01375
