0 0.15029469548133595 0.525 0.15520628683693516 0.085
0 0.1335952848722986 0.161875 0.09823182711198428 0.03875
0 0.19941060903732807 0.34750000000000003 0.174852652259332 0.0675
0 0.29273084479371314 0.6375000000000001 0.04715127701375245 0.0125
0 0.28781925343811393 0.765625 0.09233791748526522 0.04625
0 0.399803536345776 0.365 0.08447937131630648 0.025
0 0.38703339882121807 0.6375000000000001 0.12573673870333987 0.0125
0 0.43516699410609033 0.76875 0.06876227897838899 0.0675
0 0.5098231827111984 0.161875 0.11984282907662082 0.10625
0 0.5599214145383103 0.516875 0.12966601178781925 0.09625
0 0.6611001964636541 0.30375 0.09233791748526522 0.0775
0 0.6728880157170923 0.15875 0.10019646365422397 0.0475
0 0.7337917485265225 0.726875 0.009823182711198428 0.01125
0 0.7131630648330058 0.624375 0.07858546168958742 0.04125
0 0.7465618860510805 0.49 0.12573673870333987 0.055
0 0.8202357563850687 0.24625 0.09233791748526522 0.0175
0 0.8163064833005893 0.769375 0.1630648330058939 0.09625
0 0.8634577603143417 0.161875 0.08447937131630648 0.10625
0 0.8772102161100196 0.484375 0.06483300589390963 0.03625
