0 0.12966601178781925 0.795 0.07465618860510805 0.0625
0 0.12278978388998034 0.17 0.10412573673870333 0.0675
0 0.24066797642436147 0.48625 0.10412573673870333 0.045
0 0.21709233791748525 0.613125 0.07269155206286837 0.07375
0 0.26129666011787817 0.79625 0.06286836935166994 0.0325
0 0.28781925343811393 0.160625 0.10805500982318271 0.09375
0 0.39390962671905694 0.81 0.08840864440078584 0.0325
0 0.4410609037328094 0.45937500000000003 0.09626719056974459 0.02875
0 0.48722986247544203 0.28500000000000003 0.11394891944990176 0.0575
0 0.46463654223968565 0.151875 0.11591355599214144 0.07125000000000001
0 0.5510805500982318 0.81375 0.09233791748526522 0.11
0 0.6846758349705304 0.151875 0.07269155206286837 0.10125
0 0.7082514734774066 0.81125 0.06876227897838899 0.035
0 0.818271119842829 0.521875 0.15520628683693516 0.13375
0 0.8388998035363457 0.153125 0.10216110019646364 0.08125
0 0.8664047151277013 0.820625 0.11394891944990176 0.06125
