0 0.11493123772102161 0.241875 0.07662082514734773 0.01375
0 0.12770137524557956 0.594375 0.0667976424361493 0.01125
0 0.1817288801571709 0.80625 0.09626719056974459 0.035
0 0.22593320235756384 0.15687500000000001 0.11787819253438113 0.06875
0 0.21512770137524556 0.460625 0.11198428290766207 0.03625
0 0.26129666011787817 0.588125 0.08644400785854617 0.02625
0 0.4066797642436149 0.17500000000000002 0.14145383104125736 0.1375
0 0.4518664047151277 0.7837500000000001 0.22003929273084477 0.0375
0 0.44499017681728875 0.3225 0.14341846758349705 0.015
0 0.611984282907662 0.33125 0.05697445972495088 0.045
0 0.7298624754420432 0.4575 0.12377210216110018 0.0775
0 0.7455795677799607 0.665 0.16699410609037327 0.055
0 0.8546168958742631 0.17500000000000002 0.10216110019646364 0.0975
0 0.8477406679764243 0.826875 0.10412573673870333 0.13125
