0 0.11591355599214144 0.346875 0.08644400785854617 0.02875
0 0.16601178781925344 0.7887500000000001 0.09626719056974459 0.07
0 0.11984282907662082 0.255625 0.08644400785854617 0.03875
0 0.17092337917485265 0.52 0.13752455795677798 0.08
0 0.21021611001964635 0.1375 0.09823182711198428 0.0475
0 0.35265225933202354 0.7875 0.10412573673870333 0.0575
0 0.45383104125736734 0.68 0.18467583497053044 0.04
0 0.38212180746561886 0.2 0.12377210216110018 0.14250000000000002
0 0.5913555992141454 0.48 0.07072691552062868 0.065
0 0.6178781925343811 0.359375 0.11198428290766207 0.02625
0 0.793713163064833 0.67375 0.08644400785854617 0.0575
0 0.8084479371316305 0.8143750000000001 0.10805500982318271 0.11875000000000001
0 0.8045186640471512 0.48375 0.09233791748526522 0.06
0 0.8526522593320235 0.18375 0.14538310412573674 0.06
0 0.8664047151277013 0.305 0.0667976424361493 0.025
