0 0.19842829076620824 0.21 0.13752455795677798 0.1
0 0.16601178781925344 0.49875 0.10019646365422397 0.05
0 0.15815324165029468 0.726875 0.10805500982318271 0.10125
0 0.46758349705304514 0.49125 0.12573673870333987 0.0475
0 0.5383104125736738 0.73 0.13752455795677798 0.0675
0 0.6895874263261296 0.699375 0.027504911591355596 0.01125
0 0.7180746561886051 0.69625 0.02554027504911591 0.01
0 0.7141453831041257 0.83375 0.10019646365422397 0.065
0 0.7612966601178781 0.69625 0.05304518664047151 0.01
0 0.8369351669941061 0.51 0.16895874263261296 0.06
0 0.8241650294695481 0.2125 0.13948919449901767 0.0775
0 0.8713163064833005 0.716875 0.10805500982318271 0.04625
