0 0.14440078585461688 0.501875 0.029469548133595282 0.01125
0 0.1424361493123772 0.37875000000000003 0.07662082514734773 0.035
0 0.17288801571709234 0.71625 0.12573673870333987 0.1
0 0.14636542239685657 0.274375 0.11591355599214144 0.058750000000000004
0 0.18958742632612965 0.151875 0.11984282907662082 0.07875
0 0.3379174852652259 0.70375 0.0943025540275049 0.0675
0 0.26129666011787817 0.53625 0.2829076620825147 0.08
0 0.38212180746561886 0.500625 0.029469548133595282 0.00875
0 0.39587426326129665 0.175625 0.11591355599214144 0.07125000000000001
0 0.4243614931237721 0.57125 0.058939096267190565 0.01
0 0.5697445972495088 0.521875 0.09823182711198428 0.04125
0 0.5854616895874263 0.18937500000000002 0.0943025540275049 0.04625
0 0.6080550098231826 0.7000000000000001 0.18664047151277013 0.09
0 0.7730844793713163 0.536875 0.19056974459724949 0.08375
0 0.8104125736738703 0.198125 0.1473477406679764 0.10625
0 0.8605108055009822 0.694375 0.08644400785854617 0.04125
0 0.8929273084479371 0.880625 0.06876227897838899 0.03125
