0 0.11984282907662082 0.721875 0.07465618860510805 0.051250000000000004
0 0.17878192534381138 0.205625 0.19253438113948917 0.10875
0 0.18074656188605107 0.47125 0.16895874263261296 0.095
0 0.25147347740667975 0.24875 0.011787819253438112 0.0225
0 0.31630648330058936 0.8562500000000001 0.05108055009823182 0.03
0 0.34774066797642433 0.46 0.05108055009823182 0.015
0 0.4518664047151277 0.66 0.07858546168958742 0.0225
0 0.47347740667976423 0.316875 0.06286836935166994 0.02375
0 0.5363457760314342 0.654375 0.07465618860510805 0.01625
0 0.5412573673870333 0.32875 0.06483300589390963 0.015
0 0.5717092337917485 0.76125 0.04715127701375245 0.0125
0 0.6110019646365422 0.32875 0.0667976424361493 0.015
0 0.6237721021611001 0.656875 0.07269155206286837 0.01875
0 0.7504911591355599 0.82125 0.05108055009823182 0.0475
0 0.8074656188605107 0.471875 0.16502946954813358 0.13125
0 0.8153241650294695 0.17 0.12573673870333987 0.12
0 0.8467583497053045 0.69375 0.0943025540275049 0.07
