0 0.12377210216110018 0.8456250000000001 0.07465618860510805 0.03375
0 0.20628683693516697 0.511875 0.08644400785854617 0.10125
0 0.21512770137524556 0.74125 0.09626719056974459 0.0325
0 0.2907662082514735 0.8406250000000001 0.08251473477406679 0.03625
0 0.2632612966601179 0.663125 0.11001964636542239 0.04875
0 0.33497053045186637 0.176875 0.10019646365422397 0.051250000000000004
0 0.46758349705304514 0.7025 0.14538310412573674 0.1225
0 0.6895874263261296 0.195625 0.11394891944990176 0.06875
0 0.8251473477406679 0.36875 0.04715127701375245 0.015
0 0.8280943025540275 0.516875 0.11591355599214144 0.06375
0 0.8388998035363457 0.1575 0.0943025540275049 0.0125
0 0.8379174852652259 0.69625 0.16699410609037327 0.045
