0 0.13948919449901767 0.201875 0.05108055009823182 0.03125
0 0.14833005893909626 0.636875 0.10805500982318271 0.10125
0 0.19155206286836934 0.370625 0.14341846758349705 0.07375
0 0.21218074656188604 0.81375 0.09823182711198428 0.12
0 0.280943025540275 0.194375 0.09823182711198428 0.08625000000000001
0 0.31335952848722987 0.633125 0.13163064833005894 0.06875
0 0.49115913555992136 0.633125 0.1335952848722986 0.06875
0 0.6591355599214145 0.61875 0.10412573673870333 0.0975
0 0.6846758349705304 0.73375 0.07269155206286837 0.04
0 0.6954813359528487 0.85375 0.10216110019646364 0.075
0 0.8104125736738703 0.368125 0.15913555992141454 0.13625
0 0.8457760314341846 0.1875 0.10805500982318271 0.08750000000000001
0 0.8487229862475442 0.619375 0.14538310412573674 0.07625
