0 0.14470588235294116 0.8258333333333334 0.05411764705882353 0.12833333333333335
0 0.16352941176470587 0.5633333333333334 0.039999999999999994 0.09000000000000001
0 0.19882352941176468 0.795 0.05411764705882353 0.06666666666666667
0 0.2011764705882353 0.5525 0.039999999999999994 0.06833333333333334
0 0.5176470588235293 0.5625 0.028235294117647056 0.09166666666666667
0 0.548235294117647 0.5516666666666667 0.03294117647058823 0.07333333333333333
0 0.58 0.5608333333333334 0.03529411764705882 0.09166666666666667
0 0.6988235294117646 0.21833333333333335 0.051764705882352935 0.19666666666666668
0 0.7117647058823529 0.8158333333333334 0.08235294117647059 0.165
0 0.756470588235294 0.165 0.06352941176470588 0.08666666666666667
0 0.7717647058823529 0.8166666666666668 0.042352941176470586 0.17
0 0.8082352941176469 0.5391666666666667 0.030588235294117645 0.08166666666666667
0 0.8129411764705882 0.805 0.04470588235294117 0.14666666666666667
