0 0.15058823529411763 0.16166666666666668 0.042352941176470586 0.11
0 0.18470588235294116 0.5291666666666667 0.03529411764705882 0.04166666666666667
0 0.22705882352941176 0.16833333333333333 0.11529411764705881 0.12333333333333334
0 0.4658823529411764 0.5575 0.06588235294117646 0.12833333333333335
0 0.7658823529411765 0.7791666666666667 0.039999999999999994 0.11166666666666668
0 0.7905882352941176 0.5433333333333333 0.06588235294117646 0.12666666666666668
0 0.8035294117647058 0.7666666666666667 0.03529411764705882 0.09000000000000001
0 0.8329411764705882 0.17250000000000001 0.03764705882352941 0.12166666666666667
0 0.8411764705882352 0.7575000000000001 0.03529411764705882 0.06833333333333334
0 0.8658823529411764 0.1525 0.03764705882352941 0.085
