0 0.18 0.445 0.03529411764705882 0.08333333333333334
0 0.18823529411764706 0.8275 0.042352941176470586 0.07500000000000001
0 0.1976470588235294 0.21916666666666668 0.03294117647058823 0.06166666666666667
0 0.21411764705882352 0.46416666666666667 0.03764705882352941 0.12166666666666667
0 0.23176470588235293 0.2391666666666667 0.03529411764705882 0.09833333333333334
0 0.24823529411764703 0.4741666666666667 0.03529411764705882 0.14166666666666666
0 0.2576470588235294 0.1125 0.03529411764705882 0.06166666666666667
0 0.2917647058823529 0.1325 0.03294117647058823 0.10166666666666667
0 0.32588235294117646 0.12166666666666667 0.03529411764705882 0.08333333333333334
0 0.3352941176470588 0.885 0.03529411764705882 0.18000000000000002
0 0.36941176470588233 0.8758333333333334 0.03764705882352941 0.16166666666666668
0 0.40352941176470586 0.8766666666666667 0.03529411764705882 0.15666666666666668
0 0.4341176470588235 0.17083333333333334 0.04470588235294117 0.14500000000000002
0 0.4552941176470588 0.8133333333333334 0.03529411764705882 0.10333333333333335
0 0.47529411764705876 0.195 0.042352941176470586 0.19333333333333336
0 0.5164705882352941 0.16 0.04470588235294117 0.12333333333333334
0 0.5682352941176471 0.4341666666666667 0.03529411764705882 0.09166666666666667
0 0.6 0.45083333333333336 0.03294117647058823 0.12833333333333335
0 0.6317647058823529 0.43500000000000005 0.03529411764705882 0.09666666666666668
0 0.6717647058823529 0.9416666666666668 0.05411764705882353 0.06666666666666667
0 0.7458823529411764 0.8808333333333334 0.023529411764705882 0.04833333333333334
0 0.7341176470588234 0.5033333333333334 0.06588235294117646 0.11
0 0.7811764705882352 0.5116666666666667 0.03294117647058823 0.12666666666666668
0 0.8117647058823528 0.4941666666666667 0.03294117647058823 0.095
0 0.8176470588235294 0.7441666666666668 0.03529411764705882 0.14166666666666666
0 0.8176470588235294 0.13333333333333333 0.039999999999999994 0.14333333333333334
0 0.8529411764705882 0.7541666666666668 0.03529411764705882 0.16166666666666668
0 0.8494117647058823 0.4066666666666667 0.03294117647058823 0.04
0 0.8588235294117647 0.14500000000000002 0.042352941176470586 0.17
0 0.8752941176470588 0.9525 0.042352941176470586 0.058333333333333334
0 0.8823529411764706 0.4241666666666667 0.03294117647058823 0.07500000000000001
0 0.8858823529411763 0.7533333333333334 0.03529411764705882 0.16
0 0.8999999999999999 0.12166666666666667 0.039999999999999994 0.12000000000000001
0 0.9341176470588235 0.9125000000000001 0.047058823529411764 0.085
