0 0.18823529411764706 0.8425 0.03764705882352941 0.14166666666666666
0 0.22235294117647056 0.8341666666666667 0.03529411764705882 0.12166666666666667
0 0.2576470588235294 0.8325 0.03529411764705882 0.12166666666666667
0 0.26705882352941174 0.4141666666666667 0.039999999999999994 0.165
0 0.2917647058823529 0.8025000000000001 0.03764705882352941 0.065
0 0.3070588235294117 0.4033333333333334 0.039999999999999994 0.14
0 0.47764705882352937 0.8250000000000001 0.03764705882352941 0.10333333333333335
0 0.5129411764705882 0.8158333333333334 0.03764705882352941 0.08166666666666667
0 0.6658823529411764 0.8033333333333333 0.028235294117647056 0.08666666666666667
0 0.6929411764705882 0.7875000000000001 0.030588235294117645 0.05166666666666667
0 0.7788235294117647 0.3408333333333334 0.03294117647058823 0.095
0 0.8105882352941176 0.3408333333333334 0.03529411764705882 0.095
0 0.8423529411764705 0.3408333333333334 0.03294117647058823 0.095
0 0.8599999999999999 0.805 0.030588235294117645 0.07
0 0.8741176470588234 0.32333333333333336 0.03529411764705882 0.060000000000000005
0 0.8694117647058823 0.10916666666666668 0.039999999999999994 0.07166666666666667
0 0.888235294117647 0.8041666666666667 0.030588235294117645 0.06833333333333334
