0 0.11882352941176469 0.16166666666666668 0.07294117647058823 0.14333333333333334
0 0.12 0.8641666666666667 0.03764705882352941 0.095
0 0.1388235294117647 0.6308333333333334 0.042352941176470586 0.11833333333333335
0 0.18823529411764706 0.1525 0.07058823529411765 0.125
0 0.22823529411764704 0.515 0.042352941176470586 0.07333333333333333
0 0.26941176470588235 0.55 0.039999999999999994 0.14333333333333334
0 0.30941176470588233 0.5491666666666667 0.039999999999999994 0.14500000000000002
0 0.42117647058823526 0.1375 0.03764705882352941 0.12166666666666667
0 0.4552941176470588 0.11916666666666667 0.03529411764705882 0.085
0 0.4905882352941176 0.10916666666666668 0.03529411764705882 0.065
0 0.6447058823529411 0.1525 0.03764705882352941 0.065
0 0.6788235294117646 0.8816666666666667 0.06823529411764705 0.09666666666666668
0 0.7247058823529411 0.5525 0.042352941176470586 0.14166666666666666
0 0.7647058823529411 0.5758333333333334 0.042352941176470586 0.18833333333333335
0 0.7858823529411764 0.8258333333333334 0.06588235294117646 0.095
0 0.7529411764705882 0.12083333333333333 0.06117647058823529 0.08833333333333333
0 0.7976470588235294 0.1375 0.03294117647058823 0.12166666666666667
0 0.8047058823529412 0.5533333333333333 0.042352941176470586 0.14333333333333334
0 0.8258823529411764 0.10500000000000001 0.03294117647058823 0.05666666666666667
