0 0.19882352941176468 0.1375 0.03529411764705882 0.12166666666666667
0 0.2352941176470588 0.1575 0.03764705882352941 0.16166666666666668
0 0.2717647058823529 0.7425 0.06823529411764705 0.14166666666666666
0 0.26941176470588235 0.14 0.03529411764705882 0.11666666666666667
0 0.32352941176470584 0.7433333333333334 0.03529411764705882 0.14
0 0.5694117647058823 0.10083333333333334 0.03294117647058823 0.03833333333333334
0 0.6 0.14333333333333334 0.03294117647058823 0.12666666666666668
0 0.6317647058823529 0.10833333333333334 0.03529411764705882 0.05666666666666667
0 0.6223529411764706 0.75 0.06352941176470588 0.11
0 0.6623529411764705 0.10083333333333334 0.030588235294117645 0.03833333333333334
0 0.668235294117647 0.7608333333333334 0.03294117647058823 0.125
0 0.6988235294117646 0.7150000000000001 0.03294117647058823 0.04
0 0.7823529411764705 0.46416666666666667 0.03529411764705882 0.16166666666666668
0 0.8176470588235294 0.46416666666666667 0.03529411764705882 0.16166666666666668
0 0.8517647058823529 0.45333333333333337 0.03764705882352941 0.14
0 0.8717647058823529 0.12083333333333333 0.03529411764705882 0.16166666666666668
0 0.8870588235294117 0.44583333333333336 0.03764705882352941 0.11833333333333335
0 0.9199999999999999 0.095 0.06588235294117646 0.11333333333333334
0 0.9211764705882353 0.7150000000000001 0.03529411764705882 0.09333333333333334
