0 0.11058823529411764 0.8158333333333334 0.03764705882352941 0.16166666666666668
0 0.14470588235294116 0.7866666666666667 0.03529411764705882 0.1
0 0.1788235294117647 0.8058333333333334 0.03764705882352941 0.14166666666666666
0 0.21294117647058822 0.7766666666666667 0.03529411764705882 0.08333333333333334
0 0.24823529411764703 0.8058333333333334 0.03529411764705882 0.14166666666666666
0 0.38588235294117645 0.15166666666666667 0.03294117647058823 0.11
0 0.4164705882352941 0.13416666666666668 0.03294117647058823 0.07500000000000001
0 0.44705882352941173 0.14250000000000002 0.03294117647058823 0.09166666666666667
0 0.47764705882352937 0.11750000000000001 0.03294117647058823 0.04166666666666667
0 0.528235294117647 0.7633333333333334 0.030588235294117645 0.09000000000000001
0 0.5399999999999999 0.09583333333333334 0.030588235294117645 0.058333333333333334
0 0.5705882352941176 0.10333333333333335 0.030588235294117645 0.07333333333333333
0 0.6964705882352941 0.43500000000000005 0.042352941176470586 0.11333333333333334
0 0.7423529411764705 0.46166666666666667 0.04941176470588235 0.16666666666666669
0 0.7423529411764705 0.7758333333333334 0.06352941176470588 0.12833333333333335
0 0.788235294117647 0.7583333333333334 0.03294117647058823 0.09333333333333334
0 0.7917647058823529 0.42000000000000004 0.04470588235294117 0.08333333333333334
