0 0.1752941176470588 0.4741666666666667 0.03529411764705882 0.08166666666666667
0 0.22588235294117645 0.49250000000000005 0.07058823529411765 0.12166666666666667
0 0.2164705882352941 0.8708333333333333 0.03764705882352941 0.14166666666666666
0 0.2505882352941176 0.8216666666666668 0.03529411764705882 0.043333333333333335
0 0.28470588235294114 0.18833333333333335 0.03764705882352941 0.09000000000000001
0 0.32352941176470584 0.21000000000000002 0.039999999999999994 0.13333333333333333
0 0.3941176470588235 0.49000000000000005 0.03529411764705882 0.12333333333333334
0 0.4305882352941176 0.46166666666666667 0.03764705882352941 0.06333333333333334
0 0.6 0.5 0.03764705882352941 0.12333333333333334
0 0.6341176470588235 0.51 0.03529411764705882 0.14
0 0.7447058823529411 0.8725 0.03529411764705882 0.16166666666666668
0 0.7788235294117647 0.8625 0.03764705882352941 0.14166666666666666
0 0.8105882352941176 0.14500000000000002 0.039999999999999994 0.11333333333333334
0 0.8494117647058823 0.14500000000000002 0.03764705882352941 0.11
0 0.8470588235294116 0.48500000000000004 0.03764705882352941 0.16
0 0.8799999999999999 0.4758333333333334 0.03764705882352941 0.14166666666666666
