0 0.1376470588235294 0.14583333333333334 0.03529411764705882 0.10166666666666667
0 0.17176470588235293 0.52 0.03764705882352941 0.11
0 0.17176470588235293 0.165 0.03764705882352941 0.14
0 0.20588235294117646 0.1366666666666667 0.03529411764705882 0.08333333333333334
0 0.34117647058823525 0.12666666666666668 0.03764705882352941 0.10333333333333335
0 0.3752941176470588 0.13583333333333333 0.03529411764705882 0.12166666666666667
0 0.4094117647058823 0.10666666666666667 0.03764705882352941 0.06333333333333334
0 0.4152941176470588 0.505 0.03529411764705882 0.09333333333333334
0 0.44588235294117645 0.505 0.03529411764705882 0.09333333333333334
0 0.5611764705882353 0.15833333333333335 0.030588235294117645 0.12666666666666668
0 0.676470588235294 0.8416666666666667 0.039999999999999994 0.15333333333333335
0 0.7329411764705882 0.81 0.0776470588235294 0.09333333333333334
0 0.7517647058823529 0.555 0.03529411764705882 0.09333333333333334
0 0.7752941176470588 0.14500000000000002 0.09647058823529411 0.13
0 0.7894117647058823 0.7775000000000001 0.039999999999999994 0.028333333333333335
0 0.8164705882352941 0.48833333333333334 0.03294117647058823 0.07666666666666667
