0 0.21058823529411763 0.14 0.03529411764705882 0.12333333333333334
0 0.24470588235294116 0.13 0.03764705882352941 0.10333333333333335
0 0.24588235294117644 0.445 0.03529411764705882 0.08333333333333334
0 0.2776470588235294 0.745 0.03764705882352941 0.09666666666666668
0 0.28117647058823525 0.46416666666666667 0.03529411764705882 0.12166666666666667
0 0.3164705882352941 0.4891666666666667 0.039999999999999994 0.17500000000000002
0 0.7999999999999999 0.7491666666666668 0.051764705882352935 0.12833333333333335
0 0.8058823529411764 0.37833333333333335 0.03529411764705882 0.08333333333333334
0 0.8411764705882352 0.10333333333333335 0.03529411764705882 0.04666666666666667
0 0.8388235294117646 0.3975 0.03529411764705882 0.12166666666666667
0 0.8552941176470588 0.7658333333333334 0.05411764705882353 0.16166666666666668
0 0.9094117647058823 0.765 0.04941176470588235 0.15666666666666668
