0 0.11411764705882352 0.5433333333333333 0.03529411764705882 0.12000000000000001
0 0.14823529411764705 0.5533333333333333 0.03764705882352941 0.14333333333333334
0 0.1588235294117647 0.7625000000000001 0.03529411764705882 0.06833333333333334
0 0.18941176470588234 0.5333333333333333 0.04941176470588235 0.10333333333333335
0 0.1976470588235294 0.7833333333333334 0.03764705882352941 0.11
0 0.28352941176470586 0.5225000000000001 0.03529411764705882 0.08166666666666667
0 0.3188235294117647 0.5141666666666667 0.03529411764705882 0.058333333333333334
0 0.3529411764705882 0.5225000000000001 0.03294117647058823 0.08166666666666667
0 0.39764705882352935 0.7441666666666668 0.03764705882352941 0.11166666666666668
0 0.5588235294117646 0.8216666666666668 0.039999999999999994 0.09000000000000001
0 0.5976470588235293 0.8225 0.03764705882352941 0.08833333333333333
0 0.6411764705882352 0.7466666666666667 0.039999999999999994 0.11333333333333334
0 0.6788235294117646 0.7466666666666667 0.039999999999999994 0.11333333333333334
0 0.7164705882352941 0.16083333333333336 0.04470588235294117 0.11166666666666668
0 0.8011764705882353 0.5041666666666667 0.039999999999999994 0.04833333333333334
0 0.7941176470588235 0.17500000000000002 0.10588235294117646 0.14
