0 0.10823529411764705 0.5875 0.03764705882352941 0.14166666666666666
0 0.13176470588235292 0.8316666666666667 0.03294117647058823 0.06333333333333334
0 0.14352941176470588 0.5691666666666667 0.03764705882352941 0.10500000000000001
0 0.16705882352941176 0.8516666666666667 0.03764705882352941 0.10333333333333335
0 0.20235294117647057 0.8508333333333334 0.03764705882352941 0.10166666666666667
0 0.21999999999999997 0.5333333333333333 0.06823529411764705 0.10333333333333335
0 0.27058823529411763 0.5325000000000001 0.03764705882352941 0.10500000000000001
0 0.3317647058823529 0.8183333333333334 0.07529411764705882 0.08333333333333334
0 0.4235294117647058 0.5133333333333334 0.03294117647058823 0.12000000000000001
0 0.46470588235294114 0.4741666666666667 0.04941176470588235 0.04166666666666667
0 0.5047058823529411 0.14166666666666666 0.03529411764705882 0.10333333333333335
0 0.7799999999999999 0.5283333333333333 0.039999999999999994 0.16333333333333333
0 0.788235294117647 0.11416666666666668 0.042352941176470586 0.11833333333333335
0 0.7835294117647058 0.8308333333333334 0.03294117647058823 0.08166666666666667
