0 0.15294117647058822 0.2041666666666667 0.03764705882352941 0.12166666666666667
0 0.1588235294117647 0.42500000000000004 0.03529411764705882 0.08666666666666667
0 0.19176470588235292 0.4475 0.03529411764705882 0.12166666666666667
0 0.20470588235294115 0.21500000000000002 0.07058823529411765 0.14333333333333334
0 0.2564705882352941 0.18583333333333335 0.03764705882352941 0.085
0 0.24470588235294116 0.4766666666666667 0.07058823529411765 0.18000000000000002
0 0.2964705882352941 0.44833333333333336 0.03764705882352941 0.12000000000000001
0 0.5811764705882353 0.4716666666666667 0.03294117647058823 0.11
0 0.6694117647058823 0.8058333333333334 0.03529411764705882 0.09166666666666667
0 0.7 0.7791666666666667 0.03529411764705882 0.04166666666666667
0 0.8023529411764705 0.6933333333333334 0.03294117647058823 0.05666666666666667
0 0.7952941176470587 0.14666666666666667 0.03764705882352941 0.12333333333333334
0 0.8082352941176469 0.42583333333333334 0.030588235294117645 0.07500000000000001
