0 0.1376470588235294 0.4625 0.030588235294117645 0.07500000000000001
0 0.16352941176470587 0.1716666666666667 0.05411764705882353 0.060000000000000005
0 0.18941176470588234 0.4791666666666667 0.0776470588235294 0.11166666666666668
0 0.16588235294117645 0.7216666666666667 0.09647058823529411 0.16333333333333333
0 0.3494117647058823 0.7308333333333333 0.1341176470588235 0.18166666666666667
0 0.48 0.7425 0.06588235294117646 0.11166666666666668
0 0.5258823529411765 0.7433333333333334 0.03529411764705882 0.11
0 0.5576470588235294 0.7083333333333334 0.03294117647058823 0.04
0 0.6035294117647059 0.6841666666666667 0.030588235294117645 0.058333333333333334
0 0.656470588235294 0.49333333333333335 0.03294117647058823 0.11
0 0.6647058823529411 0.20333333333333334 0.03529411764705882 0.14333333333333334
0 0.688235294117647 0.48333333333333334 0.03529411764705882 0.09333333333333334
0 0.7 0.17416666666666666 0.03529411764705882 0.08166666666666667
0 0.7188235294117646 0.49333333333333335 0.030588235294117645 0.11
0 0.7341176470588234 0.2025 0.03764705882352941 0.13833333333333334
0 0.7529411764705882 0.7291666666666667 0.03294117647058823 0.14500000000000002
0 0.7494117647058823 0.5141666666666667 0.03529411764705882 0.14500000000000002
0 0.7670588235294117 0.18333333333333335 0.03764705882352941 0.1
0 0.7835294117647058 0.7116666666666667 0.03294117647058823 0.11
0 0.7917647058823529 0.42583333333333334 0.03529411764705882 0.07500000000000001
0 0.8270588235294117 0.09666666666666668 0.030588235294117645 0.04666666666666667
0 0.8223529411764705 0.4608333333333334 0.03529411764705882 0.14500000000000002
0 0.8588235294117647 0.4791666666666667 0.047058823529411764 0.17833333333333334
0 0.8329411764705882 0.7025 0.07058823529411765 0.09166666666666667
