0 0.17058823529411762 0.48500000000000004 0.03529411764705882 0.1
0 0.39999999999999997 0.20916666666666667 0.05647058823529411 0.2516666666666667
0 0.4564705882352941 0.1925 0.051764705882352935 0.22166666666666668
0 0.36235294117647054 0.9550000000000001 0.2823529411764706 0.06666666666666667
0 0.5141176470588235 0.9541666666666667 0.030588235294117645 0.065
0 0.5670588235294117 0.9633333333333334 0.06588235294117646 0.04666666666666667
0 0.6164705882352941 0.9641666666666667 0.03764705882352941 0.04833333333333334
0 0.6741176470588235 0.9641666666666667 0.06352941176470588 0.04833333333333334
0 0.72 0.9650000000000001 0.03294117647058823 0.04666666666666667
0 0.7729411764705881 0.9766666666666667 0.030588235294117645 0.023333333333333334
0 0.8176470588235294 0.9766666666666667 0.016470588235294115 0.02
0 0.8435294117647059 0.2566666666666667 0.05411764705882353 0.18666666666666668
0 0.9070588235294117 0.2566666666666667 0.05411764705882353 0.18666666666666668
0 0.9199999999999999 0.8341666666666667 0.03764705882352941 0.29500000000000004
