0 0.0776470588235294 0.6558333333333334 0.042352941176470586 0.14166666666666666
0 0.1164705882352941 0.6433333333333334 0.039999999999999994 0.12000000000000001
0 0.1576470588235294 0.6208333333333333 0.042352941176470586 0.07500000000000001
0 0.14588235294117646 0.4091666666666667 0.042352941176470586 0.11833333333333335
0 0.18588235294117644 0.41000000000000003 0.042352941176470586 0.12000000000000001
0 0.22588235294117645 0.3975 0.042352941176470586 0.095
0 0.37882352941176467 0.12333333333333334 0.03764705882352941 0.10333333333333335
0 0.42 0.12416666666666668 0.04941176470588235 0.10166666666666667
0 0.4058823529411764 0.665 0.03529411764705882 0.10333333333333335
0 0.43999999999999995 0.6425000000000001 0.03764705882352941 0.06833333333333334
0 0.5141176470588235 0.6366666666666667 0.03529411764705882 0.10333333333333335
0 0.548235294117647 0.6166666666666667 0.03764705882352941 0.06333333333333334
0 0.7447058823529411 0.09916666666666667 0.04941176470588235 0.085
0 0.7670588235294117 0.3816666666666667 0.03764705882352941 0.12000000000000001
0 0.7670588235294117 0.6316666666666667 0.03294117647058823 0.10333333333333335
0 0.8023529411764705 0.6316666666666667 0.03764705882352941 0.10333333333333335
