0 0.1552941176470588 0.6991666666666667 0.07529411764705882 0.19833333333333333
0 0.21058823529411763 0.6950000000000001 0.039999999999999994 0.17333333333333334
0 0.22705882352941176 0.2041666666666667 0.05411764705882353 0.09833333333333334
0 0.24823529411764703 0.6775 0.039999999999999994 0.155
0 0.28352941176470586 0.6433333333333334 0.03529411764705882 0.08
0 0.36117647058823527 0.5033333333333334 0.030588235294117645 0.09333333333333334
0 0.36941176470588233 0.6541666666666667 0.03294117647058823 0.09833333333333334
0 0.4494117647058823 0.47000000000000003 0.03294117647058823 0.12000000000000001
0 0.4917647058823529 0.6891666666666667 0.07058823529411765 0.14166666666666666
0 0.5164705882352941 0.43750000000000006 0.030588235294117645 0.07833333333333334
0 0.5435294117647058 0.6983333333333334 0.03764705882352941 0.16
0 0.5776470588235294 0.6775 0.03529411764705882 0.12166666666666667
0 0.8517647058823529 0.6916666666666668 0.07999999999999999 0.16
