0 0.19882352941176468 0.19666666666666668 0.03529411764705882 0.08333333333333334
0 0.2176470588235294 0.7275 0.039999999999999994 0.05166666666666667
0 0.2329411764705882 0.20500000000000002 0.03764705882352941 0.10333333333333335
0 0.2576470588235294 0.7625000000000001 0.039999999999999994 0.11833333333333335
0 0.3917647058823529 0.09833333333333334 0.03529411764705882 0.06333333333333334
0 0.636470588235294 0.4866666666666667 0.03529411764705882 0.09666666666666668
0 0.6694117647058823 0.49583333333333335 0.03529411764705882 0.115
0 0.7611764705882352 0.7175 0.039999999999999994 0.09833333333333334
0 0.7788235294117647 0.43000000000000005 0.06588235294117646 0.11333333333333334
0 0.7635294117647058 0.16 0.03529411764705882 0.060000000000000005
0 0.7952941176470587 0.1875 0.03294117647058823 0.11166666666666668
0 0.8023529411764705 0.7291666666666667 0.042352941176470586 0.11833333333333335
0 0.8270588235294117 0.1691666666666667 0.03529411764705882 0.07833333333333334
