0 0.15294117647058822 0.48833333333333334 0.03294117647058823 0.11
0 0.18588235294117644 0.7008333333333334 0.03294117647058823 0.04166666666666667
0 0.2011764705882353 0.51 0.07294117647058823 0.15666666666666668
0 0.2176470588235294 0.7358333333333333 0.030588235294117645 0.10833333333333334
0 0.2964705882352941 0.16583333333333333 0.1364705882352941 0.17500000000000002
0 0.4305882352941176 0.7825000000000001 0.03764705882352941 0.14166666666666666
0 0.4658823529411764 0.765 0.03764705882352941 0.1
0 0.7105882352941176 0.48583333333333334 0.03294117647058823 0.09166666666666667
0 0.7423529411764705 0.5116666666666667 0.03529411764705882 0.14333333333333334
0 0.82 0.2758333333333334 0.039999999999999994 0.07500000000000001
0 0.7905882352941176 0.49500000000000005 0.07058823529411765 0.11
0 0.8352941176470587 0.7733333333333334 0.03764705882352941 0.10333333333333335
0 0.84 0.4791666666666667 0.03294117647058823 0.07166666666666667
0 0.8847058823529411 0.16 0.03764705882352941 0.09000000000000001
