0 0.1964705882352941 0.15083333333333335 0.03529411764705882 0.085
0 0.20705882352941174 0.8750000000000001 0.042352941176470586 0.10333333333333335
0 0.3635294117647058 0.6766666666666667 0.03529411764705882 0.06333333333333334
0 0.39764705882352935 0.7075 0.03294117647058823 0.12166666666666667
0 0.4329411764705882 0.7075 0.03764705882352941 0.12166666666666667
0 0.5529411764705882 0.6883333333333334 0.03294117647058823 0.09000000000000001
0 0.5847058823529411 0.7133333333333334 0.03529411764705882 0.15000000000000002
0 0.6152941176470588 0.6975 0.03529411764705882 0.11833333333333335
0 0.648235294117647 0.7050000000000001 0.03529411764705882 0.13
0 0.7388235294117647 0.14333333333333334 0.03764705882352941 0.12333333333333334
0 0.7741176470588235 0.12416666666666668 0.03764705882352941 0.085
0 0.7752941176470588 0.3825 0.03529411764705882 0.045000000000000005
0 0.8152941176470587 0.42583333333333334 0.039999999999999994 0.14166666666666666
0 0.8552941176470588 0.42583333333333334 0.039999999999999994 0.14166666666666666
0 0.8576470588235293 0.6950000000000001 0.03529411764705882 0.11333333333333334
0 0.8894117647058822 0.6950000000000001 0.03294117647058823 0.11333333333333334
