0 0.18352941176470586 0.7083333333333334 0.03764705882352941 0.14333333333333334
0 0.18470588235294116 0.44083333333333335 0.03529411764705882 0.07166666666666667
0 0.2188235294117647 0.6783333333333333 0.03764705882352941 0.08333333333333334
0 0.22588235294117645 0.46416666666666667 0.042352941176470586 0.11833333333333335
0 0.2541176470588235 0.68 0.03294117647058823 0.08333333333333334
0 0.26588235294117646 0.4633333333333334 0.042352941176470586 0.12000000000000001
0 0.30588235294117644 0.42833333333333334 0.042352941176470586 0.05
0 0.47882352941176465 0.7083333333333334 0.04470588235294117 0.12000000000000001
0 0.5247058823529411 0.7158333333333334 0.042352941176470586 0.135
0 0.7070588235294117 0.14 0.03529411764705882 0.10333333333333335
0 0.7458823529411764 0.1691666666666667 0.047058823529411764 0.16166666666666668
0 0.7929411764705881 0.1691666666666667 0.047058823529411764 0.16166666666666668
0 0.8011764705882353 0.6983333333333334 0.03529411764705882 0.07666666666666667
0 0.8070588235294117 0.49333333333333335 0.03294117647058823 0.07666666666666667
0 0.8329411764705882 0.7083333333333334 0.03294117647058823 0.09333333333333334
0 0.8341176470588234 0.13083333333333333 0.03529411764705882 0.08166666666666667
0 0.8635294117647058 0.6900000000000001 0.03294117647058823 0.060000000000000005
0 0.8788235294117647 0.42083333333333334 0.016470588235294115 0.058333333333333334
