0 0.19176470588235292 0.11750000000000001 0.03529411764705882 0.08166666666666667
0 0.22352941176470587 0.11750000000000001 0.03294117647058823 0.08166666666666667
0 0.2576470588235294 0.11666666666666667 0.03529411764705882 0.08333333333333334
0 0.5094117647058823 0.8041666666666667 0.04941176470588235 0.12166666666666667
0 0.5164705882352941 0.3566666666666667 0.05411764705882353 0.09666666666666668
0 0.5823529411764705 0.6975 0.03529411764705882 0.10166666666666667
0 0.6152941176470588 0.6883333333333334 0.03529411764705882 0.08333333333333334
0 0.776470588235294 0.12416666666666668 0.03294117647058823 0.045000000000000005
0 0.8447058823529411 0.7008333333333334 0.03764705882352941 0.07833333333333334
0 0.8788235294117647 0.6891666666666667 0.03529411764705882 0.06166666666666667
