0 0.12823529411764706 0.24333333333333335 0.03529411764705882 0.09333333333333334
0 0.20235294117647057 0.4541666666666667 0.03294117647058823 0.058333333333333334
0 0.2188235294117647 0.7241666666666667 0.042352941176470586 0.11833333333333335
0 0.2152941176470588 0.12083333333333333 0.06352941176470588 0.11166666666666668
0 0.2329411764705882 0.46416666666666667 0.03294117647058823 0.07500000000000001
0 0.26235294117647057 0.095 0.030588235294117645 0.05666666666666667
0 0.26352941176470585 0.4808333333333334 0.03294117647058823 0.10833333333333334
0 0.3635294117647058 0.7050000000000001 0.03529411764705882 0.14
0 0.40117647058823525 0.15083333333333335 0.03529411764705882 0.058333333333333334
0 0.39999999999999997 0.7041666666666667 0.03294117647058823 0.13833333333333334
0 0.4317647058823529 0.15083333333333335 0.03529411764705882 0.058333333333333334
0 0.5705882352941176 0.685 0.030588235294117645 0.11
0 0.5870588235294117 0.14333333333333334 0.03529411764705882 0.12666666666666668
0 0.6011764705882352 0.6491666666666667 0.030588235294117645 0.03833333333333334
0 0.7705882352941176 0.4691666666666667 0.06352941176470588 0.12833333333333335
0 0.82 0.12000000000000001 0.030588235294117645 0.10666666666666667
0 0.8176470588235294 0.4683333333333334 0.03529411764705882 0.12666666666666668
