0 0.1388235294117647 0.6833333333333333 0.03294117647058823 0.07333333333333333
0 0.16235294117647056 0.2966666666666667 0.03294117647058823 0.09333333333333334
0 0.16588235294117645 0.7100000000000001 0.039999999999999994 0.13
0 0.19176470588235292 0.2966666666666667 0.03529411764705882 0.09333333333333334
0 0.19999999999999998 0.665 0.03294117647058823 0.04
0 0.23058823529411762 0.6916666666666668 0.03294117647058823 0.09333333333333334
0 0.268235294117647 0.7008333333333334 0.047058823529411764 0.11166666666666668
0 0.4094117647058823 0.12666666666666668 0.03294117647058823 0.05666666666666667
0 0.43999999999999995 0.14416666666666667 0.03294117647058823 0.095
0 0.4729411764705882 0.15333333333333335 0.03294117647058823 0.11
0 0.7258823529411764 0.22583333333333336 0.030588235294117645 0.04166666666666667
0 0.7576470588235293 0.2516666666666667 0.03294117647058823 0.09333333333333334
0 0.7588235294117647 0.6933333333333334 0.039999999999999994 0.11
0 0.788235294117647 0.2516666666666667 0.03294117647058823 0.09333333333333334
0 0.796470588235294 0.6833333333333333 0.039999999999999994 0.09000000000000001
0 0.8341176470588234 0.6933333333333334 0.039999999999999994 0.11
