0 0.21058823529411763 0.8033333333333333 0.03529411764705882 0.07666666666666667
0 0.2117647058823529 0.14333333333333334 0.03294117647058823 0.08333333333333334
0 0.24235294117647058 0.795 0.03294117647058823 0.05666666666666667
0 0.24470588235294116 0.155 0.03294117647058823 0.1
0 0.32941176470588235 0.09333333333333334 0.03294117647058823 0.06333333333333334
0 0.3635294117647058 0.11083333333333334 0.03529411764705882 0.09833333333333334
0 0.3941176470588235 0.7475 0.030588235294117645 0.07500000000000001
0 0.42588235294117643 0.7475 0.03294117647058823 0.07500000000000001
0 0.45764705882352935 0.7475 0.030588235294117645 0.07500000000000001
0 0.7141176470588234 0.7633333333333334 0.03529411764705882 0.11
0 0.7458823529411764 0.7458333333333333 0.03294117647058823 0.07500000000000001
0 0.776470588235294 0.7458333333333333 0.03294117647058823 0.07500000000000001
0 0.788235294117647 0.1575 0.03764705882352941 0.11833333333333335
0 0.8223529411764705 0.14250000000000002 0.03529411764705882 0.10166666666666667
0 0.8941176470588235 0.8683333333333334 0.05647058823529411 0.15000000000000002
