0 0.1788235294117647 0.6191666666666668 0.03294117647058823 0.11166666666666668
0 0.19176470588235292 0.8508333333333334 0.03529411764705882 0.12166666666666667
0 0.1976470588235294 0.3041666666666667 0.06117647058823529 0.225
0 0.20941176470588233 0.6025 0.03294117647058823 0.07833333333333334
0 0.2329411764705882 0.8316666666666667 0.051764705882352935 0.08333333333333334
0 0.26352941176470585 0.27 0.05647058823529411 0.15000000000000002
0 0.39999999999999997 0.6158333333333333 0.06588235294117646 0.14500000000000002
0 0.448235294117647 0.5725 0.03529411764705882 0.058333333333333334
0 0.7694117647058822 0.5708333333333334 0.03294117647058823 0.10833333333333334
0 0.7847058823529411 0.8283333333333334 0.08235294117647059 0.09333333333333334
0 0.796470588235294 0.155 0.03529411764705882 0.16333333333333333
0 0.7999999999999999 0.5958333333333333 0.03764705882352941 0.16166666666666668
0 0.8329411764705882 0.5883333333333334 0.03294117647058823 0.14666666666666667
0 0.828235294117647 0.13 0.03294117647058823 0.11
0 0.8588235294117647 0.14750000000000002 0.03294117647058823 0.14500000000000002
0 0.8647058823529411 0.5441666666666667 0.03529411764705882 0.058333333333333334
