0 0.1341176470588235 0.4391666666666667 0.03294117647058823 0.095
0 0.16588235294117645 0.4566666666666667 0.03529411764705882 0.12666666666666668
0 0.1964705882352941 0.44 0.030588235294117645 0.09333333333333334
0 0.21999999999999997 0.10583333333333333 0.03529411764705882 0.09166666666666667
0 0.22823529411764704 0.44 0.03294117647058823 0.09333333333333334
0 0.2588235294117647 0.43083333333333335 0.03294117647058823 0.07500000000000001
0 0.2788235294117647 0.0575 0.030588235294117645 0.03833333333333334
0 0.3141176470588235 0.6716666666666667 0.03529411764705882 0.04666666666666667
0 0.3529411764705882 0.7250000000000001 0.03764705882352941 0.15333333333333335
0 0.3905882352941176 0.7241666666666667 0.03764705882352941 0.155
0 0.5411764705882353 0.08916666666666667 0.06588235294117646 0.13166666666666668
0 0.6835294117647058 0.6725000000000001 0.039999999999999994 0.11166666666666668
0 0.7258823529411764 0.42750000000000005 0.03529411764705882 0.058333333333333334
0 0.756470588235294 0.45583333333333337 0.03529411764705882 0.10833333333333334
0 0.7941176470588235 0.15416666666666667 0.03529411764705882 0.12833333333333335
0 0.788235294117647 0.4366666666666667 0.03294117647058823 0.07666666666666667
0 0.8188235294117646 0.4191666666666667 0.03294117647058823 0.03833333333333334
0 0.8258823529411764 0.11083333333333334 0.03294117647058823 0.04166666666666667
