0 0.10588235294117646 0.7808333333333334 0.03764705882352941 0.12166666666666667
0 0.12235294117647058 0.22166666666666668 0.042352941176470586 0.14333333333333334
0 0.14588235294117646 0.8158333333333334 0.042352941176470586 0.19166666666666668
0 0.18705882352941175 0.7916666666666667 0.039999999999999994 0.14333333333333334
0 0.22941176470588234 0.7916666666666667 0.039999999999999994 0.14333333333333334
0 0.2823529411764706 0.13416666666666668 0.03294117647058823 0.12833333333333335
0 0.3141176470588235 0.11583333333333334 0.03529411764705882 0.09166666666666667
0 0.42823529411764705 0.21083333333333334 0.03764705882352941 0.12166666666666667
0 0.46352941176470586 0.22166666666666668 0.03764705882352941 0.14
0 0.4976470588235294 0.22083333333333335 0.03529411764705882 0.13833333333333334
0 0.7023529411764705 0.45583333333333337 0.039999999999999994 0.155
0 0.7152941176470587 0.155 0.03764705882352941 0.16
0 0.7505882352941176 0.155 0.03764705882352941 0.16
0 0.7399999999999999 0.4783333333333334 0.039999999999999994 0.19666666666666668
0 0.7788235294117647 0.42500000000000004 0.03764705882352941 0.09000000000000001
0 0.7799999999999999 0.7366666666666667 0.039999999999999994 0.05666666666666667
0 0.7847058823529411 0.13416666666666668 0.03529411764705882 0.12166666666666667
0 0.8188235294117646 0.14666666666666667 0.03764705882352941 0.14666666666666667
