0 0.20823529411764705 0.6900000000000001 0.03529411764705882 0.11
0 0.21411764705882352 0.13 0.047058823529411764 0.08333333333333334
0 0.24705882352941175 0.4441666666666667 0.042352941176470586 0.165
0 0.27999999999999997 0.6591666666666667 0.03294117647058823 0.095
0 0.3117647058823529 0.65 0.03529411764705882 0.07666666666666667
0 0.34470588235294114 0.65 0.030588235294117645 0.07666666666666667
0 0.38235294117647056 0.4791666666666667 0.030588235294117645 0.08166666666666667
0 0.4023529411764706 0.135 0.03294117647058823 0.07666666666666667
0 0.4164705882352941 0.47000000000000003 0.03294117647058823 0.06333333333333334
0 0.4341176470588235 0.1525 0.03529411764705882 0.115
0 0.4294117647058823 0.6533333333333333 0.039999999999999994 0.10333333333333335
0 0.44705882352941173 0.8750000000000001 0.03764705882352941 0.09666666666666668
0 0.4658823529411764 0.13583333333333333 0.03294117647058823 0.07833333333333334
0 0.4658823529411764 0.6825 0.03764705882352941 0.16166666666666668
0 0.4976470588235294 0.12666666666666668 0.03529411764705882 0.060000000000000005
0 0.49999999999999994 0.6641666666666667 0.039999999999999994 0.125
0 0.5529411764705882 0.10083333333333334 0.06588235294117646 0.13166666666666668
0 0.5352941176470588 0.685 0.039999999999999994 0.16666666666666669
0 0.7399999999999999 0.7075 0.03529411764705882 0.14833333333333334
0 0.7729411764705881 0.7000000000000001 0.03529411764705882 0.13
0 0.7823529411764705 0.1366666666666667 0.03529411764705882 0.08333333333333334
0 0.8164705882352941 0.14583333333333334 0.03764705882352941 0.10500000000000001
0 0.82 0.6533333333333333 0.03529411764705882 0.11333333333333334
0 0.8517647058823529 0.14666666666666667 0.03764705882352941 0.10333333333333335
0 0.8517647058823529 0.645 0.03294117647058823 0.09666666666666668
0 0.8847058823529411 0.6383333333333334 0.03764705882352941 0.08333333333333334
0 0.8858823529411763 0.12666666666666668 0.039999999999999994 0.06333333333333334
