0 0.1788235294117647 0.15666666666666668 0.03294117647058823 0.15000000000000002
0 0.1964705882352941 0.8566666666666667 0.03529411764705882 0.060000000000000005
0 0.21058823529411763 0.14750000000000002 0.03529411764705882 0.13166666666666668
0 0.24235294117647058 0.14833333333333334 0.03294117647058823 0.13
0 0.28705882352941176 0.5041666666666667 0.06588235294117646 0.13166666666666668
0 0.2741176470588235 0.10166666666666667 0.03529411764705882 0.04
0 0.3329411764705882 0.47750000000000004 0.03529411764705882 0.07833333333333334
0 0.4588235294117647 0.12583333333333335 0.03294117647058823 0.095
0 0.48470588235294115 0.7458333333333333 0.03294117647058823 0.095
0 0.5317647058823529 0.7366666666666667 0.06588235294117646 0.07666666666666667
0 0.5741176470588235 0.15583333333333335 0.03294117647058823 0.095
0 0.6058823529411764 0.14666666666666667 0.030588235294117645 0.07666666666666667
0 0.6388235294117647 0.14750000000000002 0.03529411764705882 0.07833333333333334
0 0.8035294117647058 0.4491666666666667 0.04941176470588235 0.07833333333333334
0 0.8588235294117647 0.1325 0.03294117647058823 0.13166666666666668
0 0.8894117647058822 0.12416666666666668 0.03294117647058823 0.11166666666666668
