0 0.1764705882352941 0.2 0.03764705882352941 0.12333333333333334
0 0.2117647058823529 0.17083333333333334 0.03764705882352941 0.065
0 0.23058823529411762 0.4541666666666667 0.03764705882352941 0.10166666666666667
0 0.2647058823529412 0.12583333333333335 0.03529411764705882 0.14166666666666666
0 0.28352941176470586 0.46416666666666667 0.07294117647058823 0.12166666666666667
0 0.29882352941176465 0.11916666666666667 0.03764705882352941 0.12833333333333335
0 0.47764705882352937 0.11 0.03764705882352941 0.12333333333333334
0 0.5117647058823529 0.08166666666666667 0.03529411764705882 0.06333333333333334
0 0.5235294117647058 0.6733333333333333 0.039999999999999994 0.11666666666666667
0 0.5635294117647058 0.6733333333333333 0.039999999999999994 0.11666666666666667
0 0.6294117647058823 0.8325 0.011764705882352941 0.008333333333333333
0 0.7447058823529411 0.4216666666666667 0.03529411764705882 0.08
0 0.756470588235294 0.1675 0.039999999999999994 0.16166666666666668
0 0.7788235294117647 0.4191666666666667 0.03764705882352941 0.085
0 0.796470588235294 0.6516666666666667 0.039999999999999994 0.09333333333333334
0 0.8082352941176469 0.15916666666666668 0.07294117647058823 0.14500000000000002
0 0.8376470588235293 0.6633333333333333 0.03764705882352941 0.11666666666666667
0 0.8611764705882352 0.11916666666666667 0.03764705882352941 0.065
0 0.876470588235294 0.6633333333333333 0.039999999999999994 0.12000000000000001
