0 0.1788235294117647 0.9616666666666668 0.03294117647058823 0.023333333333333334
0 0.23176470588235293 0.9608333333333334 0.030588235294117645 0.021666666666666667
0 0.2717647058823529 0.7416666666666667 0.030588235294117645 0.04666666666666667
0 0.2858823529411764 0.9608333333333334 0.030588235294117645 0.021666666666666667
0 0.3176470588235294 0.7416666666666667 0.05647058823529411 0.04666666666666667
0 0.3388235294117647 0.9616666666666668 0.028235294117647056 0.02
0 0.37882352941176467 0.7416666666666667 0.06588235294117646 0.04666666666666667
0 0.5047058823529411 0.4591666666666667 0.48235294117647054 0.14500000000000002
0 0.5047058823529411 0.7225 0.19058823529411764 0.085
0 0.508235294117647 0.9291666666666667 0.30117647058823527 0.08833333333333333
0 0.6305882352941176 0.7416666666666667 0.06588235294117646 0.04666666666666667
0 0.6941176470588235 0.9608333333333334 0.03294117647058823 0.021666666666666667
0 0.6941176470588235 0.7425 0.06117647058823529 0.045000000000000005
0 0.7458823529411764 0.9616666666666668 0.03294117647058823 0.023333333333333334
0 0.7399999999999999 0.7416666666666667 0.030588235294117645 0.04666666666666667
0 0.7847058823529411 0.2 0.03529411764705882 0.09000000000000001
0 0.7988235294117646 0.9616666666666668 0.030588235294117645 0.023333333333333334
0 0.8223529411764705 0.19833333333333333 0.039999999999999994 0.08666666666666667
0 0.8435294117647059 0.9616666666666668 0.016470588235294115 0.016666666666666666
0 0.8588235294117647 0.21166666666666667 0.03764705882352941 0.11
