0 0.10941176470588235 0.23 0.03529411764705882 0.08333333333333334
0 0.15999999999999998 0.25833333333333336 0.07058823529411765 0.14
0 0.18705882352941175 0.8258333333333334 0.039999999999999994 0.17500000000000002
0 0.22705882352941176 0.7733333333333334 0.039999999999999994 0.07
0 0.3847058823529411 0.1375 0.03529411764705882 0.12166666666666667
0 0.42 0.13 0.039999999999999994 0.10666666666666667
0 0.4552941176470588 0.09916666666666667 0.030588235294117645 0.045000000000000005
0 0.648235294117647 0.10583333333333333 0.0588235294117647 0.14500000000000002
0 0.6905882352941176 0.07500000000000001 0.030588235294117645 0.08333333333333334
0 0.7305882352941175 0.6308333333333334 0.03529411764705882 0.058333333333333334
0 0.82 0.10250000000000001 0.03529411764705882 0.10500000000000001
0 0.8552941176470588 0.08166666666666667 0.03529411764705882 0.06333333333333334
