0 0.18 0.2516666666666667 0.03529411764705882 0.06333333333333334
0 0.18588235294117644 0.5025000000000001 0.03294117647058823 0.058333333333333334
0 0.2152941176470588 0.2516666666666667 0.03529411764705882 0.06333333333333334
0 0.2152941176470588 0.5025000000000001 0.03529411764705882 0.058333333333333334
0 0.24941176470588233 0.26333333333333336 0.03764705882352941 0.08333333333333334
0 0.3329411764705882 0.11833333333333335 0.03529411764705882 0.06333333333333334
0 0.34470588235294114 0.8458333333333334 0.03529411764705882 0.12166666666666667
0 0.3670588235294117 0.12916666666666668 0.03764705882352941 0.08166666666666667
0 0.5117647058823529 0.745 0.03529411764705882 0.11
0 0.6 0.17500000000000002 0.03294117647058823 0.07666666666666667
0 0.628235294117647 0.5416666666666667 0.03294117647058823 0.11
0 0.6317647058823529 0.19333333333333336 0.03529411764705882 0.11
0 0.6741176470588235 0.5408333333333334 0.06352941176470588 0.11166666666666668
0 0.6776470588235294 0.18333333333333335 0.06588235294117646 0.09333333333333334
0 0.7858823529411764 0.48250000000000004 0.03294117647058823 0.11166666666666668
0 0.8152941176470587 0.48250000000000004 0.03529411764705882 0.11166666666666668
0 0.8235294117647058 0.7466666666666667 0.03294117647058823 0.09333333333333334
0 0.8470588235294116 0.465 0.03294117647058823 0.07666666666666667
0 0.8541176470588234 0.7391666666666667 0.03294117647058823 0.07500000000000001
0 0.8588235294117647 0.1275 0.03294117647058823 0.058333333333333334
