0 0.16117647058823528 0.6950000000000001 0.03529411764705882 0.12000000000000001
0 0.1952941176470588 0.6558333333333334 0.03764705882352941 0.04166666666666667
0 0.2552941176470588 0.6483333333333334 0.030588235294117645 0.04
0 0.2776470588235294 0.1875 0.03764705882352941 0.12166666666666667
0 0.3129411764705882 0.1875 0.03764705882352941 0.12166666666666667
0 0.3458823529411764 0.17750000000000002 0.03764705882352941 0.10166666666666667
0 0.4447058823529411 0.7033333333333334 0.03764705882352941 0.09000000000000001
0 0.48235294117647054 0.6941666666666667 0.03764705882352941 0.06833333333333334
0 0.5199999999999999 0.7050000000000001 0.03764705882352941 0.09000000000000001
0 0.6611764705882353 0.8575 0.03764705882352941 0.08166666666666667
0 0.7011764705882352 0.7216666666666667 0.03294117647058823 0.08333333333333334
0 0.7329411764705882 0.1366666666666667 0.030588235294117645 0.06333333333333334
0 0.7647058823529411 0.14583333333333334 0.03764705882352941 0.08166666666666667
0 0.8729411764705881 0.6658333333333334 0.03294117647058823 0.06833333333333334
