0 0.10823529411764705 0.8508333333333334 0.03764705882352941 0.10166666666666667
0 0.15999999999999998 0.8416666666666667 0.07058823529411765 0.08333333333333334
0 0.1776470588235294 0.375 0.030588235294117645 0.09333333333333334
0 0.20705882352941174 0.375 0.03294117647058823 0.09333333333333334
0 0.23764705882352938 0.3925 0.03294117647058823 0.12833333333333335
0 0.24117647058823527 0.7816666666666667 0.03529411764705882 0.11666666666666667
0 0.26941176470588235 0.38583333333333336 0.030588235294117645 0.10833333333333334
0 0.2776470588235294 0.77 0.03294117647058823 0.10333333333333335
0 0.3105882352941176 0.76 0.03764705882352941 0.08333333333333334
0 0.42235294117647054 0.35583333333333333 0.030588235294117645 0.07500000000000001
0 0.4529411764705882 0.38083333333333336 0.03529411764705882 0.12833333333333335
0 0.4835294117647058 0.3466666666666667 0.03529411764705882 0.060000000000000005
0 0.6917647058823528 0.8041666666666667 0.03764705882352941 0.14166666666666666
0 0.7247058823529411 0.7841666666666667 0.03764705882352941 0.10166666666666667
0 0.7364705882352941 0.5391666666666667 0.042352941176470586 0.09833333333333334
0 0.7588235294117647 0.795 0.03529411764705882 0.11666666666666667
0 0.7929411764705881 0.7933333333333333 0.03764705882352941 0.12000000000000001
