0 0.18117647058823527 0.515 0.03294117647058823 0.16333333333333333
0 0.20823529411764705 0.2016666666666667 0.039999999999999994 0.1366666666666667
0 0.2117647058823529 0.8208333333333334 0.03294117647058823 0.10833333333333334
0 0.2117647058823529 0.5075000000000001 0.03294117647058823 0.14500000000000002
0 0.24235294117647058 0.4891666666666667 0.03294117647058823 0.10833333333333334
0 0.2505882352941176 0.17333333333333334 0.039999999999999994 0.1
0 0.24352941176470586 0.8375 0.030588235294117645 0.14500000000000002
0 0.2741176470588235 0.785 0.030588235294117645 0.04
0 0.2729411764705882 0.4708333333333334 0.03294117647058823 0.07500000000000001
0 0.2894117647058823 0.18500000000000003 0.042352941176470586 0.12000000000000001
0 0.4411764705882353 0.505 0.06352941176470588 0.14666666666666667
0 0.488235294117647 0.47000000000000003 0.030588235294117645 0.07666666666666667
0 0.5188235294117647 0.4608333333333334 0.030588235294117645 0.058333333333333334
0 0.676470588235294 0.26166666666666666 0.0588235294117647 0.12000000000000001
0 0.7435294117647058 0.8150000000000001 0.06588235294117646 0.14666666666666667
0 0.7905882352941176 0.8141666666666667 0.03294117647058823 0.14500000000000002
0 0.8376470588235293 0.8141666666666667 0.06588235294117646 0.14500000000000002
0 0.8599999999999999 0.10916666666666668 0.039999999999999994 0.07500000000000001
0 0.9011764705882352 0.1325 0.042352941176470586 0.12166666666666667
