0 0.07999999999999999 0.21166666666666667 0.03764705882352941 0.10333333333333335
0 0.10941176470588235 0.7758333333333334 0.03529411764705882 0.10166666666666667
0 0.11411764705882352 0.21166666666666667 0.03529411764705882 0.10333333333333335
0 0.15058823529411763 0.21166666666666667 0.03294117647058823 0.10333333333333335
0 0.24588235294117644 0.5183333333333333 0.1341176470588235 0.11
0 0.2505882352941176 0.7616666666666667 0.03529411764705882 0.08
0 0.28470588235294114 0.7616666666666667 0.03764705882352941 0.08333333333333334
0 0.3764705882352941 0.42083333333333334 0.03294117647058823 0.07500000000000001
0 0.4058823529411764 0.44 0.03529411764705882 0.11
0 0.42 0.125 0.03529411764705882 0.14
0 0.4552941176470588 0.12583333333333335 0.03529411764705882 0.14166666666666666
0 0.488235294117647 0.09666666666666668 0.030588235294117645 0.08333333333333334
0 0.7270588235294116 0.0975 0.03764705882352941 0.08166666666666667
0 0.72 0.7641666666666667 0.03294117647058823 0.04166666666666667
0 0.7517647058823529 0.8 0.03529411764705882 0.11
0 0.7599999999999999 0.4766666666666667 0.03294117647058823 0.12666666666666668
0 0.7611764705882352 0.11750000000000001 0.03529411764705882 0.12166666666666667
0 0.7823529411764705 0.7925000000000001 0.03529411764705882 0.08833333333333333
0 0.7917647058823529 0.4491666666666667 0.030588235294117645 0.07500000000000001
0 0.796470588235294 0.0975 0.030588235294117645 0.08166666666666667
0 0.8141176470588235 0.7741666666666667 0.03294117647058823 0.058333333333333334
