0 0.18352941176470586 0.07916666666666668 0.03294117647058823 0.04166666666666667
0 0.21411764705882352 0.11583333333333334 0.03294117647058823 0.11166666666666668
0 0.24588235294117644 0.10750000000000001 0.03529411764705882 0.095
0 0.27999999999999997 0.5333333333333333 0.03764705882352941 0.08333333333333334
0 0.36 0.11 0.03294117647058823 0.060000000000000005
0 0.3929411764705882 0.1275 0.03294117647058823 0.09166666666666667
0 0.4235294117647058 0.1275 0.03294117647058823 0.095
0 0.4552941176470588 0.10083333333333334 0.03529411764705882 0.04166666666666667
0 0.4976470588235294 0.8700000000000001 0.03529411764705882 0.12000000000000001
0 0.5764705882352941 0.14833333333333334 0.03294117647058823 0.11333333333333334
0 0.608235294117647 0.1575 0.03529411764705882 0.13166666666666668
0 0.6399999999999999 0.13 0.03294117647058823 0.07666666666666667
0 0.6705882352941176 0.14 0.03294117647058823 0.09666666666666668
0 0.7611764705882352 0.4966666666666667 0.03529411764705882 0.1
0 0.7599999999999999 0.8025000000000001 0.03294117647058823 0.06166666666666667
0 0.796470588235294 0.48583333333333334 0.03529411764705882 0.08166666666666667
0 0.848235294117647 0.115 0.03529411764705882 0.060000000000000005
0 0.8799999999999999 0.14083333333333334 0.03294117647058823 0.11166666666666668
