0 0.10588235294117646 0.22833333333333336 0.03764705882352941 0.06333333333333334
0 0.13176470588235292 0.8708333333333333 0.028235294117647056 0.03833333333333334
0 0.1411764705882353 0.26416666666666666 0.03764705882352941 0.135
0 0.1576470588235294 0.6858333333333334 0.03294117647058823 0.09166666666666667
0 0.20588235294117646 0.14166666666666666 0.03529411764705882 0.16
0 0.24 0.13083333333333333 0.03764705882352941 0.14166666666666666
0 0.23882352941176468 0.4991666666666667 0.03529411764705882 0.045000000000000005
0 0.36470588235294116 0.8166666666666668 0.06588235294117646 0.11
0 0.4105882352941176 0.8008333333333334 0.030588235294117645 0.07500000000000001
0 0.4517647058823529 0.6983333333333334 0.03294117647058823 0.11
0 0.44588235294117645 0.14333333333333334 0.06823529411764705 0.14333333333333334
0 0.48235294117647054 0.7158333333333334 0.03294117647058823 0.14500000000000002
0 0.4952941176470588 0.13416666666666668 0.03529411764705882 0.12166666666666667
0 0.5129411764705882 0.6833333333333333 0.03294117647058823 0.08
0 0.5294117647058824 0.10250000000000001 0.03294117647058823 0.058333333333333334
0 0.7752941176470588 0.15083333333333335 0.10117647058823528 0.14500000000000002
0 0.7517647058823529 0.4783333333333334 0.03529411764705882 0.08
0 0.7847058823529411 0.4691666666666667 0.03529411764705882 0.065
0 0.8070588235294117 0.6741666666666667 0.03294117647058823 0.08166666666666667
0 0.84 0.11583333333333334 0.03294117647058823 0.07500000000000001
