0 0.08705882352941176 0.8250000000000001 0.03294117647058823 0.15000000000000002
0 0.12 0.8083333333333333 0.03294117647058823 0.11333333333333334
0 0.15058823529411763 0.8066666666666668 0.03294117647058823 0.11333333333333334
0 0.18705882352941175 0.3416666666666667 0.03529411764705882 0.06333333333333334
0 0.18470588235294116 0.11416666666666668 0.03529411764705882 0.14166666666666666
0 0.21999999999999997 0.10583333333333333 0.03529411764705882 0.12833333333333335
0 0.22117647058823528 0.3691666666666667 0.03764705882352941 0.12166666666666667
0 0.3317647058823529 0.6208333333333333 0.13176470588235292 0.04166666666666667
0 0.36941176470588233 0.7875000000000001 0.03294117647058823 0.11166666666666668
0 0.39999999999999997 0.7791666666666667 0.03294117647058823 0.095
0 0.42117647058823526 0.37083333333333335 0.03294117647058823 0.045000000000000005
0 0.4329411764705882 0.7608333333333334 0.03294117647058823 0.058333333333333334
0 0.5447058823529412 0.8075000000000001 0.03529411764705882 0.13166666666666668
0 0.5764705882352941 0.79 0.03294117647058823 0.09666666666666668
0 0.608235294117647 0.7991666666666667 0.030588235294117645 0.11166666666666668
0 0.5623529411764705 0.5958333333333333 0.3388235294117647 0.08833333333333333
0 0.7435294117647058 0.62 0.028235294117647056 0.04
0 0.7917647058823529 0.12000000000000001 0.0776470588235294 0.14333333333333334
0 0.8047058823529412 0.3441666666666667 0.03764705882352941 0.085
0 0.8494117647058823 0.10083333333333334 0.03294117647058823 0.10166666666666667
0 0.8364705882352941 0.765 0.03529411764705882 0.060000000000000005
