0 0.19058823529411764 0.23083333333333333 0.03764705882352941 0.11833333333333335
0 0.23058823529411762 0.2316666666666667 0.042352941176470586 0.12000000000000001
0 0.2541176470588235 0.7250000000000001 0.042352941176470586 0.11666666666666667
0 0.2717647058823529 0.2325 0.039999999999999994 0.12166666666666667
0 0.4141176470588235 0.8525 0.03294117647058823 0.06166666666666667
0 0.4494117647058823 0.8625 0.03764705882352941 0.08166666666666667
0 0.4835294117647058 0.8633333333333334 0.03529411764705882 0.08333333333333334
0 0.7070588235294117 0.5333333333333333 0.03529411764705882 0.07666666666666667
0 0.7352941176470588 0.19166666666666668 0.039999999999999994 0.14333333333333334
0 0.7388235294117647 0.5258333333333334 0.03294117647058823 0.058333333333333334
0 0.7494117647058823 0.7233333333333334 0.03529411764705882 0.08333333333333334
0 0.7847058823529411 0.7333333333333334 0.03529411764705882 0.10333333333333335
0 0.8188235294117646 0.7225 0.03764705882352941 0.08166666666666667
