0 0.16823529411764704 0.5066666666666667 0.039999999999999994 0.07
0 0.18823529411764706 0.19 0.047058823529411764 0.09666666666666668
0 0.1952941176470588 0.7591666666666668 0.042352941176470586 0.05166666666666667
0 0.2352941176470588 0.7833333333333334 0.042352941176470586 0.1
0 0.2611764705882353 0.2275 0.09411764705882353 0.195
0 0.32705882352941174 0.17750000000000002 0.03764705882352941 0.08833333333333333
0 0.7105882352941176 0.5041666666666667 0.03294117647058823 0.07500000000000001
0 0.7423529411764705 0.5033333333333334 0.030588235294117645 0.07333333333333333
0 0.7670588235294117 0.7816666666666667 0.042352941176470586 0.19
0 0.7799999999999999 0.20583333333333334 0.039999999999999994 0.11166666666666668
0 0.7941176470588235 0.4566666666666667 0.030588235294117645 0.04
0 0.8047058823529412 0.7766666666666667 0.03764705882352941 0.18000000000000002
0 0.8164705882352941 0.19583333333333336 0.042352941176470586 0.09166666666666667
0 0.84 0.7691666666666667 0.03764705882352941 0.165
0 0.8552941176470588 0.21750000000000003 0.039999999999999994 0.13166666666666668
