0 0.14705882352941174 0.6816666666666668 0.03529411764705882 0.09333333333333334
0 0.1788235294117647 0.6816666666666668 0.03294117647058823 0.09333333333333334
0 0.1976470588235294 0.19 0.03764705882352941 0.08333333333333334
0 0.21058823529411763 0.6733333333333333 0.03529411764705882 0.07666666666666667
0 0.22470588235294114 0.4191666666666667 0.03529411764705882 0.14166666666666666
0 0.2329411764705882 0.18000000000000002 0.03764705882352941 0.06333333333333334
0 0.2588235294117647 0.4091666666666667 0.03764705882352941 0.12166666666666667
0 0.2941176470588235 0.4191666666666667 0.03764705882352941 0.14166666666666666
0 0.46470588235294114 0.6541666666666667 0.03529411764705882 0.14500000000000002
0 0.4952941176470588 0.6291666666666667 0.03529411764705882 0.095
0 0.5258823529411765 0.6458333333333334 0.03529411764705882 0.12833333333333335
0 0.6329411764705882 0.195 0.03294117647058823 0.11
0 0.6705882352941176 0.6225 0.03294117647058823 0.03833333333333334
0 0.7176470588235293 0.12250000000000001 0.03294117647058823 0.14500000000000002
0 0.748235294117647 0.10583333333333333 0.03294117647058823 0.11166666666666668
0 0.756470588235294 0.3975 0.030588235294117645 0.08166666666666667
0 0.7729411764705881 0.6141666666666667 0.03529411764705882 0.11166666666666668
0 0.7788235294117647 0.08833333333333333 0.03294117647058823 0.07666666666666667
0 0.8023529411764705 0.5975 0.03294117647058823 0.07500000000000001
0 0.8105882352941176 0.12333333333333334 0.03529411764705882 0.14333333333333334
0 0.8329411764705882 0.5800000000000001 0.03294117647058823 0.043333333333333335
