0 0.1752941176470588 0.3875 0.03529411764705882 0.08166666666666667
0 0.20941176470588233 0.3691666666666667 0.03294117647058823 0.045000000000000005
0 0.2329411764705882 0.7458333333333333 0.03764705882352941 0.065
0 0.26705882352941174 0.7758333333333334 0.03529411764705882 0.12166666666666667
0 0.2964705882352941 0.38083333333333336 0.03764705882352941 0.12166666666666667
0 0.30117647058823527 0.7566666666666667 0.03764705882352941 0.08333333333333334
0 0.3517647058823529 0.39083333333333337 0.0776470588235294 0.14166666666666666
0 0.3352941176470588 0.7858333333333334 0.03529411764705882 0.14166666666666666
0 0.40705882352941175 0.38333333333333336 0.03764705882352941 0.12333333333333334
0 0.48470588235294115 0.39583333333333337 0.03764705882352941 0.10166666666666667
0 0.5199999999999999 0.3866666666666667 0.03764705882352941 0.08333333333333334
0 0.5788235294117646 0.35333333333333333 0.03294117647058823 0.06333333333333334
0 0.6941176470588235 0.3591666666666667 0.03294117647058823 0.04166666666666667
0 0.7247058823529411 0.39333333333333337 0.03294117647058823 0.11
0 0.7305882352941175 0.7200000000000001 0.03529411764705882 0.06333333333333334
0 0.7552941176470588 0.385 0.03294117647058823 0.09333333333333334
0 0.7729411764705881 0.15583333333333335 0.039999999999999994 0.155
0 0.7635294117647058 0.7400000000000001 0.03529411764705882 0.10333333333333335
0 0.7976470588235294 0.7416666666666667 0.03764705882352941 0.10666666666666667
0 0.8329411764705882 0.14500000000000002 0.08470588235294117 0.13333333333333333
0 0.8317647058823529 0.7208333333333333 0.03529411764705882 0.065
0 0.888235294117647 0.37333333333333335 0.03529411764705882 0.09333333333333334
