0 0.16588235294117645 0.41833333333333333 0.030588235294117645 0.14333333333333334
0 0.18823529411764706 0.7708333333333334 0.06117647058823529 0.26166666666666666
0 0.1976470588235294 0.37333333333333335 0.03294117647058823 0.05666666666666667
0 0.2541176470588235 0.7733333333333334 0.06117647058823529 0.26333333333333336
0 0.3635294117647058 0.3541666666666667 0.03529411764705882 0.08166666666666667
0 0.6988235294117646 0.44083333333333335 0.03294117647058823 0.07500000000000001
0 0.7705882352941176 0.125 0.03529411764705882 0.11333333333333334
0 0.8070588235294117 0.10416666666666667 0.03294117647058823 0.07166666666666667
0 0.8211764705882352 0.36583333333333334 0.03294117647058823 0.12833333333333335
0 0.8541176470588234 0.3666666666666667 0.03294117647058823 0.12666666666666668
