0 0.1764705882352941 0.6283333333333334 0.03294117647058823 0.060000000000000005
0 0.20823529411764705 0.6283333333333334 0.03529411764705882 0.060000000000000005
0 0.6799999999999999 0.8158333333333334 0.06588235294117646 0.13166666666666668
0 0.6858823529411764 0.14916666666666667 0.039999999999999994 0.165
0 0.6952941176470587 0.505 0.03529411764705882 0.09666666666666668
0 0.7270588235294116 0.13833333333333334 0.03764705882352941 0.14
0 0.7270588235294116 0.5041666666666667 0.03294117647058823 0.095
0 0.7258823529411764 0.7708333333333334 0.03529411764705882 0.04166666666666667
0 0.7588235294117647 0.5041666666666667 0.03529411764705882 0.095
0 0.8576470588235293 0.6825 0.011764705882352941 0.008333333333333333
