0 0.16235294117647056 0.155 0.03294117647058823 0.07666666666666667
0 0.18117647058823527 0.7666666666666667 0.03294117647058823 0.11
0 0.19294117647058823 0.18250000000000002 0.03294117647058823 0.12833333333333335
0 0.21294117647058822 0.7583333333333334 0.03529411764705882 0.09333333333333334
0 0.24352941176470586 0.48500000000000004 0.039999999999999994 0.09000000000000001
0 0.24 0.17250000000000001 0.06588235294117646 0.11166666666666668
0 0.28117647058823525 0.4741666666666667 0.039999999999999994 0.06833333333333334
0 0.25999999999999995 0.7658333333333334 0.06352941176470588 0.11166666666666668
0 0.3305882352941176 0.11333333333333334 0.03529411764705882 0.04
0 0.5164705882352941 0.12333333333333334 0.03529411764705882 0.07666666666666667
0 0.5458823529411764 0.7416666666666667 0.03294117647058823 0.07666666666666667
0 0.5623529411764705 0.16666666666666669 0.06588235294117646 0.16333333333333333
0 0.5764705882352941 0.7425 0.03294117647058823 0.07500000000000001
0 0.6105882352941175 0.14166666666666666 0.03529411764705882 0.11
0 0.636470588235294 0.5266666666666667 0.039999999999999994 0.13333333333333333
0 0.6741176470588235 0.505 0.03529411764705882 0.09000000000000001
0 0.7188235294117646 0.515 0.05411764705882353 0.11333333333333334
0 0.7835294117647058 0.48333333333333334 0.03764705882352941 0.13
0 0.8023529411764705 0.13166666666666668 0.03294117647058823 0.09333333333333334
0 0.8211764705882352 0.4608333333333334 0.03764705882352941 0.08833333333333333
0 0.8341176470588234 0.15083333333333335 0.03529411764705882 0.12833333333333335
0 0.8576470588235293 0.4716666666666667 0.039999999999999994 0.11
0 0.8799999999999999 0.13333333333333333 0.06588235294117646 0.09333333333333334
