0 0.13294117647058823 0.8316666666666667 0.039999999999999994 0.16333333333333333
0 0.1729411764705882 0.7875000000000001 0.039999999999999994 0.07166666666666667
0 0.18823529411764706 0.5966666666666667 0.07058823529411765 0.16333333333333333
0 0.24 0.5775 0.03764705882352941 0.125
0 0.2752941176470588 0.5375000000000001 0.03764705882352941 0.045000000000000005
0 0.3247058823529411 0.14583333333333334 0.05647058823529411 0.14500000000000002
0 0.388235294117647 0.16416666666666668 0.06117647058823529 0.18500000000000003
0 0.4505882352941176 0.12833333333333335 0.0588235294117647 0.11333333333333334
0 0.6917647058823528 0.14583333333333334 0.047058823529411764 0.18833333333333335
0 0.7035294117647058 0.8016666666666667 0.03764705882352941 0.08333333333333334
0 0.7376470588235293 0.10750000000000001 0.04470588235294117 0.11166666666666668
0 0.7388235294117647 0.8416666666666667 0.03764705882352941 0.16333333333333333
0 0.748235294117647 0.5816666666666667 0.03764705882352941 0.12333333333333334
0 0.7741176470588235 0.8308333333333334 0.03764705882352941 0.14166666666666666
0 0.7835294117647058 0.5833333333333334 0.03764705882352941 0.12333333333333334
0 0.7847058823529411 0.10833333333333334 0.04470588235294117 0.11
0 0.8164705882352941 0.5525 0.03764705882352941 0.065
