0 0.20352941176470588 0.15416666666666667 0.03529411764705882 0.08833333333333333
0 0.20705882352941174 0.5183333333333333 0.03294117647058823 0.09333333333333334
0 0.2364705882352941 0.5191666666666667 0.03529411764705882 0.095
0 0.24705882352941175 0.7425 0.03294117647058823 0.07500000000000001
0 0.268235294117647 0.5091666666666667 0.03294117647058823 0.07500000000000001
0 0.3 0.5183333333333333 0.03529411764705882 0.09333333333333334
0 0.5058823529411764 0.18583333333333335 0.03294117647058823 0.14500000000000002
0 0.5541176470588235 0.17 0.06352941176470588 0.11666666666666667
0 0.6 0.18583333333333335 0.03294117647058823 0.14500000000000002
0 0.7247058823529411 0.7766666666666667 0.03294117647058823 0.09333333333333334
0 0.7576470588235293 0.4808333333333334 0.03294117647058823 0.12833333333333335
0 0.7552941176470588 0.7675000000000001 0.03294117647058823 0.07500000000000001
0 0.7858823529411764 0.7791666666666667 0.03294117647058823 0.09833333333333334
0 0.8164705882352941 0.11583333333333334 0.03294117647058823 0.07500000000000001
0 0.8047058823529412 0.4891666666666667 0.06588235294117646 0.14500000000000002
0 0.8623529411764705 0.14166666666666666 0.06352941176470588 0.13
0 0.8517647058823529 0.455 0.03294117647058823 0.07333333333333333
0 0.8858823529411763 0.7291666666666667 0.06352941176470588 0.11166666666666668
0 0.9094117647058823 0.125 0.03529411764705882 0.09333333333333334
