0 0.11294117647058823 0.15833333333333335 0.03294117647058823 0.12666666666666668
0 0.14352941176470588 0.12333333333333334 0.03294117647058823 0.05666666666666667
0 0.19058823529411764 0.15833333333333335 0.06588235294117646 0.12666666666666668
0 0.2364705882352941 0.5183333333333333 0.03529411764705882 0.12333333333333334
0 0.27058823529411763 0.5183333333333333 0.03764705882352941 0.12333333333333334
0 0.30470588235294116 0.4891666666666667 0.03529411764705882 0.065
0 0.34823529411764703 0.13333333333333333 0.03294117647058823 0.09333333333333334
0 0.5105882352941176 0.1366666666666667 0.03294117647058823 0.05666666666666667
0 0.5411764705882353 0.14666666666666667 0.03294117647058823 0.07666666666666667
0 0.5729411764705882 0.1366666666666667 0.03529411764705882 0.05666666666666667
0 0.7176470588235293 0.7833333333333334 0.03764705882352941 0.14
0 0.7317647058823529 0.16 0.03294117647058823 0.16333333333333333
0 0.7623529411764706 0.13333333333333333 0.03294117647058823 0.11
0 0.7576470588235293 0.7691666666666667 0.042352941176470586 0.12166666666666667
0 0.7929411764705881 0.13333333333333333 0.03294117647058823 0.11
0 0.8011764705882353 0.7575000000000001 0.039999999999999994 0.09833333333333334
0 0.8247058823529411 0.15916666666666668 0.03529411764705882 0.165
