0 0.09411764705882353 0.48833333333333334 0.03294117647058823 0.09333333333333334
0 0.12470588235294117 0.49750000000000005 0.03294117647058823 0.11166666666666668
0 0.2341176470588235 0.5066666666666667 0.03529411764705882 0.14333333333333334
0 0.26941176470588235 0.4966666666666667 0.03529411764705882 0.12333333333333334
0 0.37882352941176467 0.8475 0.03764705882352941 0.18166666666666667
0 0.4305882352941176 0.8183333333333334 0.07058823529411765 0.12333333333333334
0 0.4623529411764705 0.4866666666666667 0.03529411764705882 0.06333333333333334
0 0.49647058823529405 0.4966666666666667 0.03764705882352941 0.08333333333333334
0 0.5788235294117646 0.6416666666666667 0.03294117647058823 0.05666666666666667
0 0.5929411764705882 0.4766666666666667 0.03294117647058823 0.05666666666666667
0 0.6105882352941175 0.63 0.030588235294117645 0.04
0 0.6247058823529411 0.49500000000000005 0.030588235294117645 0.09333333333333334
0 0.6399999999999999 0.8333333333333334 0.03294117647058823 0.07666666666666667
0 0.6552941176470588 0.4941666666666667 0.03529411764705882 0.095
0 0.6717647058823529 0.8325 0.030588235294117645 0.07500000000000001
0 0.7035294117647058 0.8333333333333334 0.03294117647058823 0.07666666666666667
0 0.7352941176470588 0.8333333333333334 0.03529411764705882 0.07666666666666667
0 0.7788235294117647 0.4625 0.028235294117647056 0.05166666666666667
0 0.8011764705882353 0.805 0.03529411764705882 0.07666666666666667
0 0.8082352941176469 0.4783333333333334 0.030588235294117645 0.08666666666666667
0 0.8376470588235293 0.4525 0.028235294117647056 0.035
0 0.8329411764705882 0.7875000000000001 0.03294117647058823 0.04166666666666667
