0 0.16470588235294117 0.8175 0.03764705882352941 0.04833333333333334
0 0.18588235294117644 0.14916666666666667 0.03294117647058823 0.14500000000000002
0 0.2176470588235294 0.14 0.03529411764705882 0.12666666666666668
0 0.26588235294117646 0.5341666666666667 0.03764705882352941 0.04833333333333334
0 0.37999999999999995 0.8200000000000001 0.03529411764705882 0.11
0 0.4105882352941176 0.7941666666666667 0.03529411764705882 0.058333333333333334
0 0.5623529411764705 0.79 0.03294117647058823 0.04
0 0.5752941176470587 0.1125 0.03529411764705882 0.04166666666666667
0 0.6070588235294118 0.14833333333333334 0.03294117647058823 0.11
0 0.6376470588235293 0.14 0.03294117647058823 0.09333333333333334
0 0.7611764705882352 0.4758333333333334 0.039999999999999994 0.13166666666666668
0 0.7988235294117646 0.4766666666666667 0.039999999999999994 0.13333333333333333
0 0.8505882352941175 0.09250000000000001 0.03529411764705882 0.05166666666666667
0 0.8823529411764706 0.10666666666666667 0.03294117647058823 0.09333333333333334
