0 0.10117647058823528 0.22333333333333336 0.08470588235294117 0.13333333333333333
0 0.14352941176470588 0.47750000000000004 0.03294117647058823 0.125
0 0.16235294117647056 0.21416666666666667 0.03764705882352941 0.10833333333333334
0 0.1752941176470588 0.46 0.03529411764705882 0.09333333333333334
0 0.20588235294117646 0.4683333333333334 0.03529411764705882 0.11
0 0.2364705882352941 0.48583333333333334 0.03529411764705882 0.14500000000000002
0 0.268235294117647 0.4416666666666667 0.03294117647058823 0.05666666666666667
0 0.3917647058823529 0.8391666666666667 0.06352941176470588 0.095
0 0.3929411764705882 0.6808333333333334 0.03294117647058823 0.09166666666666667
0 0.3917647058823529 0.14833333333333334 0.03529411764705882 0.11
0 0.4235294117647058 0.6808333333333334 0.03294117647058823 0.09166666666666667
0 0.4294117647058823 0.14750000000000002 0.039999999999999994 0.11166666666666668
0 0.43882352941176467 0.8400000000000001 0.030588235294117645 0.09333333333333334
0 0.4541176470588235 0.6816666666666668 0.03294117647058823 0.09000000000000001
0 0.46705882352941175 0.13833333333333334 0.03529411764705882 0.09000000000000001
0 0.48470588235294115 0.6725000000000001 0.03294117647058823 0.07166666666666667
0 0.5823529411764705 0.14666666666666667 0.030588235294117645 0.11
0 0.6129411764705882 0.13833333333333334 0.03529411764705882 0.09000000000000001
0 0.6435294117647058 0.11083333333333334 0.03529411764705882 0.04166666666666667
0 0.6976470588235294 0.67 0.030588235294117645 0.043333333333333335
0 0.7317647058823529 0.7175 0.03764705882352941 0.14166666666666666
0 0.7435294117647058 0.455 0.03294117647058823 0.13
0 0.7670588235294117 0.6983333333333334 0.03764705882352941 0.10333333333333335
0 0.7729411764705881 0.4475 0.03529411764705882 0.115
0 0.7870588235294117 0.09916666666666667 0.030588235294117645 0.07500000000000001
0 0.8011764705882353 0.7083333333333334 0.03529411764705882 0.12000000000000001
