0 0.08705882352941176 0.7358333333333333 0.03294117647058823 0.15833333333333335
0 0.12 0.7050000000000001 0.03764705882352941 0.1
0 0.15411764705882353 0.7258333333333333 0.03529411764705882 0.14166666666666666
0 0.18941176470588234 0.6866666666666668 0.03529411764705882 0.06333333333333334
0 0.24941176470588233 0.2325 0.042352941176470586 0.09833333333333334
0 0.40705882352941175 0.685 0.03294117647058823 0.08333333333333334
0 0.4411764705882353 0.7225 0.03529411764705882 0.16166666666666668
0 0.47529411764705876 0.7025 0.03764705882352941 0.12166666666666667
0 0.5105882352941176 0.7041666666666667 0.03294117647058823 0.12166666666666667
0 0.748235294117647 0.7091666666666667 0.03764705882352941 0.12166666666666667
0 0.7823529411764705 0.7283333333333334 0.03529411764705882 0.16
0 0.7870588235294117 0.14583333333333334 0.039999999999999994 0.12166666666666667
0 0.7905882352941176 0.48333333333333334 0.03294117647058823 0.07666666666666667
0 0.8164705882352941 0.7191666666666667 0.03764705882352941 0.14166666666666666
