0 0.2176470588235294 0.14666666666666667 0.03529411764705882 0.08333333333333334
0 0.25176470588235295 0.5225000000000001 0.042352941176470586 0.05166666666666667
0 0.25176470588235295 0.17583333333333334 0.03764705882352941 0.14166666666666666
0 0.2858823529411764 0.14750000000000002 0.03529411764705882 0.08166666666666667
0 0.2941176470588235 0.5691666666666667 0.042352941176470586 0.14500000000000002
0 0.3729411764705882 0.20750000000000002 0.030588235294117645 0.08166666666666667
0 0.40705882352941175 0.2066666666666667 0.03764705882352941 0.08
0 0.4411764705882353 0.21833333333333335 0.03529411764705882 0.1
0 0.7058823529411764 0.11 0.03294117647058823 0.12333333333333334
0 0.7529411764705882 0.7883333333333333 0.03764705882352941 0.12000000000000001
0 0.7870588235294117 0.78 0.03529411764705882 0.10333333333333335
0 0.8305882352941176 0.43583333333333335 0.042352941176470586 0.09833333333333334
0 0.8211764705882352 0.7791666666666667 0.03764705882352941 0.10166666666666667
0 0.8552941176470588 0.7708333333333334 0.03529411764705882 0.08166666666666667
