0 0.1176470588235294 0.15166666666666667 0.06588235294117646 0.12666666666666668
0 0.16470588235294117 0.1525 0.03294117647058823 0.12833333333333335
0 0.1941176470588235 0.14333333333333334 0.03529411764705882 0.11
0 0.22705882352941176 0.11666666666666667 0.03529411764705882 0.05666666666666667
0 0.2329411764705882 0.5666666666666667 0.03764705882352941 0.10333333333333335
0 0.3 0.11166666666666668 0.06352941176470588 0.08
0 0.3458823529411764 0.11833333333333335 0.03294117647058823 0.09333333333333334
0 0.3776470588235294 0.09250000000000001 0.030588235294117645 0.03833333333333334
0 0.4717647058823529 0.125 0.03529411764705882 0.09666666666666668
0 0.5011764705882352 0.14 0.03294117647058823 0.12666666666666668
0 0.5317647058823529 0.14 0.03294117647058823 0.12333333333333334
0 0.5635294117647058 0.14916666666666667 0.03529411764705882 0.14500000000000002
0 0.6647058823529411 0.15583333333333335 0.03529411764705882 0.12833333333333335
0 0.7117647058823529 0.165 0.06352941176470588 0.14666666666666667
0 0.7176470588235293 0.8191666666666667 0.047058823529411764 0.20833333333333334
0 0.7258823529411764 0.5458333333333334 0.03529411764705882 0.10166666666666667
0 0.7576470588235293 0.13833333333333334 0.03294117647058823 0.09333333333333334
0 0.7611764705882352 0.5258333333333334 0.03529411764705882 0.065
0 0.7658823529411765 0.8008333333333334 0.04941176470588235 0.195
0 0.8329411764705882 0.125 0.03294117647058823 0.09333333333333334
