0 0.18352941176470586 0.36833333333333335 0.03764705882352941 0.09333333333333334
0 0.22470588235294114 0.6691666666666667 0.04470588235294117 0.13833333333333334
0 0.22352941176470587 0.3816666666666667 0.042352941176470586 0.12000000000000001
0 0.2729411764705882 0.6966666666666667 0.047058823529411764 0.19333333333333336
0 0.4917647058823529 0.5691666666666667 0.042352941176470586 0.12166666666666667
0 0.4976470588235294 0.12166666666666667 0.030588235294117645 0.09333333333333334
0 0.5341176470588235 0.36000000000000004 0.03764705882352941 0.10333333333333335
0 0.5588235294117646 0.1391666666666667 0.09647058823529411 0.12833333333333335
0 0.5694117647058823 0.36083333333333334 0.03764705882352941 0.10166666666666667
0 0.7894117647058823 0.63 0.039999999999999994 0.15333333333333335
0 0.828235294117647 0.62 0.03764705882352941 0.13333333333333333
0 0.8647058823529411 0.6091666666666667 0.039999999999999994 0.10833333333333334
