0 0.1788235294117647 0.14583333333333334 0.03294117647058823 0.07500000000000001
0 0.19058823529411764 0.8708333333333333 0.03294117647058823 0.07500000000000001
0 0.22117647058823528 0.8716666666666667 0.03294117647058823 0.07666666666666667
0 0.28470588235294114 0.47750000000000004 0.03764705882352941 0.06833333333333334
0 0.32235294117647056 0.51 0.03764705882352941 0.13333333333333333
0 0.36117647058823527 0.48833333333333334 0.039999999999999994 0.09000000000000001
0 0.4376470588235294 0.76 0.03294117647058823 0.07666666666666667
0 0.4623529411764705 0.195 0.03529411764705882 0.06333333333333334
0 0.49647058823529405 0.23333333333333334 0.03764705882352941 0.14
0 0.5305882352941176 0.23333333333333334 0.03529411764705882 0.14
0 0.7623529411764706 0.7666666666666667 0.06588235294117646 0.09333333333333334
0 0.8105882352941176 0.10916666666666668 0.03529411764705882 0.06166666666666667
0 0.8447058823529411 0.14666666666666667 0.03764705882352941 0.14
0 0.8788235294117647 0.15666666666666668 0.03529411764705882 0.16
0 0.9129411764705881 0.10833333333333334 0.03764705882352941 0.06333333333333334
