0 0.1164705882352941 0.1975 0.09647058823529411 0.11166666666666668
0 0.2164705882352941 0.7925000000000001 0.042352941176470586 0.16833333333333333
0 0.2588235294117647 0.7808333333333334 0.03764705882352941 0.14500000000000002
0 0.3035294117647059 0.09083333333333334 0.028235294117647056 0.07500000000000001
0 0.3494117647058823 0.125 0.06823529411764705 0.14333333333333334
0 0.4894117647058823 0.7433333333333334 0.042352941176470586 0.09666666666666668
0 0.5305882352941176 0.7775000000000001 0.039999999999999994 0.16833333333333333
0 0.5729411764705882 0.7316666666666667 0.039999999999999994 0.07333333333333333
0 0.6741176470588235 0.11416666666666668 0.03529411764705882 0.14166666666666666
0 0.6988235294117646 0.5316666666666667 0.03764705882352941 0.18000000000000002
0 0.708235294117647 0.095 0.03764705882352941 0.1
0 0.7364705882352941 0.49583333333333335 0.03764705882352941 0.11166666666666668
