0 0.14823529411764705 0.6283333333333334 0.03764705882352941 0.08666666666666667
0 0.1588235294117647 0.8575 0.039999999999999994 0.10833333333333334
0 0.18588235294117644 0.6158333333333333 0.03764705882352941 0.06833333333333334
0 0.1976470588235294 0.8575 0.03764705882352941 0.11166666666666668
0 0.19058823529411764 0.18916666666666668 0.03294117647058823 0.04166666666666667
0 0.22352941176470587 0.21833333333333335 0.03764705882352941 0.10333333333333335
0 0.2576470588235294 0.21916666666666668 0.03529411764705882 0.10166666666666667
0 0.2752941176470588 0.5625 0.03764705882352941 0.06833333333333334
0 0.3129411764705882 0.5825 0.03764705882352941 0.10833333333333334
0 0.508235294117647 0.8166666666666668 0.03764705882352941 0.09000000000000001
0 0.5447058823529412 0.8258333333333334 0.039999999999999994 0.11166666666666668
0 0.7388235294117647 0.11750000000000001 0.03294117647058823 0.04166666666666667
0 0.7729411764705881 0.14583333333333334 0.03529411764705882 0.10166666666666667
