0 0.09529411764705882 0.12083333333333333 0.030588235294117645 0.07500000000000001
0 0.12588235294117647 0.12916666666666668 0.03529411764705882 0.095
0 0.1564705882352941 0.12083333333333333 0.030588235294117645 0.07500000000000001
0 0.18941176470588234 0.12916666666666668 0.03529411764705882 0.095
0 0.18941176470588234 0.31583333333333335 0.011764705882352941 0.008333333333333333
0 0.328235294117647 0.07 0.030588235294117645 0.03666666666666667
0 0.38352941176470584 0.7166666666666667 0.042352941176470586 0.12000000000000001
0 0.3741176470588235 0.10500000000000001 0.06588235294117646 0.11333333333333334
0 0.42235294117647054 0.06833333333333334 0.03529411764705882 0.04
0 0.4235294117647058 0.7166666666666667 0.042352941176470586 0.12000000000000001
0 0.46470588235294114 0.7050000000000001 0.039999999999999994 0.09666666666666668
0 0.5529411764705882 0.14500000000000002 0.03294117647058823 0.12000000000000001
0 0.5835294117647059 0.12916666666666668 0.03294117647058823 0.08833333333333333
0 0.628235294117647 0.4575 0.042352941176470586 0.05166666666666667
0 0.6517647058823529 0.7000000000000001 0.03764705882352941 0.02666666666666667
0 0.6694117647058823 0.5033333333333334 0.039999999999999994 0.14333333333333334
0 0.7364705882352941 0.67 0.03294117647058823 0.060000000000000005
0 0.7494117647058823 0.12833333333333335 0.030588235294117645 0.10333333333333335
0 0.7670588235294117 0.455 0.042352941176470586 0.14
0 0.7788235294117647 0.13 0.028235294117647056 0.1
0 0.8070588235294117 0.4658333333333334 0.042352941176470586 0.165
0 0.8082352941176469 0.15333333333333335 0.030588235294117645 0.15000000000000002
0 0.8364705882352941 0.095 0.030588235294117645 0.03666666666666667
