0 0.20588235294117646 0.13416666666666668 0.030588235294117645 0.10166666666666667
0 0.25176470588235295 0.135 0.06117647058823529 0.10333333333333335
0 0.36235294117647054 0.8016666666666667 0.03294117647058823 0.10333333333333335
0 0.39764705882352935 0.7925000000000001 0.03764705882352941 0.08166666666666667
0 0.42 0.1366666666666667 0.030588235294117645 0.10333333333333335
0 0.448235294117647 0.11166666666666668 0.030588235294117645 0.05333333333333334
0 0.4588235294117647 0.7208333333333333 0.03764705882352941 0.045000000000000005
0 0.608235294117647 0.0975 0.030588235294117645 0.04166666666666667
0 0.6223529411764706 0.7441666666666668 0.03529411764705882 0.095
0 0.6552941176470588 0.7266666666666667 0.030588235294117645 0.05666666666666667
0 0.828235294117647 0.4475 0.03294117647058823 0.12166666666666667
0 0.8623529411764705 0.12250000000000001 0.030588235294117645 0.13166666666666668
0 0.8635294117647058 0.42750000000000005 0.03294117647058823 0.08166666666666667
0 0.8929411764705881 0.10416666666666667 0.03529411764705882 0.095
0 0.9258823529411764 0.095 0.03529411764705882 0.07666666666666667
