0 0.1176470588235294 0.6716666666666667 0.03294117647058823 0.09333333333333334
0 0.15058823529411763 0.1375 0.042352941176470586 0.12166666666666667
0 0.14823529411764705 0.6541666666666667 0.03294117647058823 0.058333333333333334
0 0.25999999999999995 0.45 0.06352941176470588 0.11
0 0.2764705882352941 0.6441666666666667 0.030588235294117645 0.058333333333333334
0 0.4317647058823529 0.6633333333333333 0.03529411764705882 0.12333333333333334
0 0.46705882352941175 0.6233333333333334 0.03529411764705882 0.04
0 0.6152941176470588 0.1525 0.030588235294117645 0.06833333333333334
0 0.6341176470588235 0.8491666666666667 0.011764705882352941 0.008333333333333333
0 0.7505882352941176 0.445 0.03294117647058823 0.11
0 0.7694117647058822 0.13416666666666668 0.023529411764705882 0.09166666666666667
0 0.7647058823529411 0.6591666666666667 0.03294117647058823 0.12833333333333335
0 0.7999999999999999 0.125 0.03294117647058823 0.07666666666666667
0 0.7952941176470587 0.65 0.03294117647058823 0.11
0 0.8294117647058823 0.12416666666666668 0.030588235294117645 0.07500000000000001
