0 0.12235294117647058 0.4 0.03294117647058823 0.07666666666666667
0 0.15176470588235294 0.38333333333333336 0.03529411764705882 0.04
0 0.14588235294117646 0.17250000000000001 0.03294117647058823 0.10166666666666667
0 0.18588235294117644 0.17333333333333334 0.047058823529411764 0.10333333333333335
0 0.20941176470588233 0.805 0.03764705882352941 0.15000000000000002
0 0.24823529411764703 0.7875000000000001 0.039999999999999994 0.13166666666666668
0 0.28470588235294114 0.7775000000000001 0.03764705882352941 0.11166666666666668
0 0.30235294117647055 0.4033333333333334 0.03529411764705882 0.10333333333333335
0 0.3364705882352941 0.4133333333333334 0.03764705882352941 0.12333333333333334
0 0.4588235294117647 0.4133333333333334 0.03294117647058823 0.09333333333333334
0 0.4894117647058823 0.405 0.03294117647058823 0.07333333333333333
0 0.5694117647058823 0.05666666666666667 0.018823529411764704 0.03666666666666667
0 0.5847058823529411 0.3875 0.030588235294117645 0.055
0 0.5988235294117646 0.060833333333333336 0.039999999999999994 0.045000000000000005
0 0.7376470588235293 0.4108333333333334 0.03529411764705882 0.10166666666666667
0 0.7329411764705882 0.7566666666666667 0.039999999999999994 0.13333333333333333
0 0.7517647058823529 0.14666666666666667 0.03529411764705882 0.10333333333333335
0 0.7717647058823529 0.41250000000000003 0.03764705882352941 0.10166666666666667
0 0.7694117647058822 0.7466666666666667 0.03764705882352941 0.11
0 0.7847058823529411 0.1366666666666667 0.03529411764705882 0.08333333333333334
0 0.8082352941176469 0.7583333333333334 0.03529411764705882 0.13
0 0.8317647058823529 0.395 0.03529411764705882 0.10333333333333335
