0 0.15176470588235294 0.8608333333333333 0.03529411764705882 0.08166666666666667
0 0.20352941176470588 0.15416666666666667 0.03529411764705882 0.13833333333333334
0 0.2364705882352941 0.1525 0.03529411764705882 0.14166666666666666
0 0.2717647058823529 0.1525 0.03529411764705882 0.14166666666666666
0 0.30470588235294116 0.15416666666666667 0.03529411764705882 0.14166666666666666
0 0.5047058823529411 0.7933333333333333 0.03529411764705882 0.14
0 0.5411764705882353 0.7925000000000001 0.03764705882352941 0.14166666666666666
0 0.5741176470588235 0.7541666666666668 0.03764705882352941 0.065
0 0.7670588235294117 0.15583333333333335 0.03764705882352941 0.14166666666666666
0 0.8011764705882353 0.15583333333333335 0.03529411764705882 0.14166666666666666
