0 0.17411764705882352 0.68 0.03294117647058823 0.10333333333333335
0 0.1764705882352941 0.4366666666666667 0.03764705882352941 0.09000000000000001
0 0.20941176470588233 0.66 0.03764705882352941 0.06333333333333334
0 0.2152941176470588 0.4366666666666667 0.039999999999999994 0.09000000000000001
0 0.2529411764705882 0.41583333333333333 0.03529411764705882 0.04833333333333334
0 0.34823529411764703 0.7033333333333334 0.03294117647058823 0.11
0 0.37999999999999995 0.6683333333333333 0.03529411764705882 0.04
0 0.4705882352941176 0.6708333333333334 0.03294117647058823 0.09166666666666667
0 0.6258823529411764 0.4266666666666667 0.03294117647058823 0.07333333333333333
0 0.656470588235294 0.41833333333333333 0.03294117647058823 0.05666666666666667
0 0.7470588235294117 0.12333333333333334 0.03529411764705882 0.08333333333333334
0 0.7823529411764705 0.1525 0.03529411764705882 0.14166666666666666
0 0.8435294117647059 0.4116666666666667 0.03529411764705882 0.11
0 0.8599999999999999 0.6541666666666667 0.05411764705882353 0.11166666666666668
0 0.8364705882352941 0.16333333333333333 0.0776470588235294 0.16
0 0.8929411764705881 0.15333333333333335 0.03529411764705882 0.14333333333333334
