0 0.06470588235294117 0.4808333333333334 0.03529411764705882 0.08166666666666667
0 0.0988235294117647 0.4808333333333334 0.03764705882352941 0.085
0 0.13176470588235292 0.13083333333333333 0.03294117647058823 0.12833333333333335
0 0.13294117647058823 0.7666666666666667 0.030588235294117645 0.09333333333333334
0 0.13294117647058823 0.48000000000000004 0.03529411764705882 0.08333333333333334
0 0.16235294117647056 0.12250000000000001 0.03294117647058823 0.10833333333333334
0 0.16352941176470587 0.7766666666666667 0.03529411764705882 0.11
0 0.1952941176470588 0.7758333333333334 0.03294117647058823 0.10833333333333334
0 0.1952941176470588 0.12833333333333335 0.03764705882352941 0.12333333333333334
0 0.22588235294117645 0.785 0.03294117647058823 0.12666666666666668
0 0.25999999999999995 0.7150000000000001 0.030588235294117645 0.09333333333333334
0 0.30588235294117644 0.7325 0.06588235294117646 0.12833333333333335
0 0.34470588235294114 0.43833333333333335 0.03529411764705882 0.14
0 0.36117647058823527 0.09416666666666668 0.03529411764705882 0.11166666666666668
0 0.37882352941176467 0.41000000000000003 0.03764705882352941 0.08333333333333334
0 0.3929411764705882 0.10833333333333334 0.03764705882352941 0.14
0 0.4141176470588235 0.42000000000000004 0.03764705882352941 0.10333333333333335
0 0.42823529411764705 0.11916666666666667 0.03764705882352941 0.16166666666666668
0 0.5717647058823528 0.7433333333333334 0.03294117647058823 0.16333333333333333
0 0.6023529411764705 0.7166666666666667 0.03294117647058823 0.11
0 0.6341176470588235 0.7166666666666667 0.03529411764705882 0.11
0 0.7141176470588234 0.42500000000000004 0.039999999999999994 0.13
0 0.7529411764705882 0.4191666666666667 0.042352941176470586 0.12166666666666667
0 0.7470588235294117 0.7208333333333333 0.030588235294117645 0.09166666666666667
0 0.7776470588235294 0.7116666666666667 0.030588235294117645 0.07666666666666667
0 0.7941176470588235 0.39666666666666667 0.04470588235294117 0.07666666666666667
0 0.8341176470588234 0.39333333333333337 0.039999999999999994 0.07
