0 0.11294117647058823 0.535 0.03294117647058823 0.22333333333333336
0 0.13176470588235292 0.17833333333333334 0.03294117647058823 0.09333333333333334
0 0.1776470588235294 0.17 0.06352941176470588 0.07666666666666667
0 0.22588235294117645 0.17916666666666667 0.03764705882352941 0.095
0 0.24352941176470586 0.8583333333333334 0.03529411764705882 0.13333333333333333
0 0.49999999999999994 0.17 0.03529411764705882 0.12666666666666668
0 0.5317647058823529 0.16083333333333336 0.03294117647058823 0.11166666666666668
0 0.6988235294117646 0.1575 0.03294117647058823 0.095
0 0.7294117647058823 0.13083333333333333 0.03294117647058823 0.04166666666666667
0 0.7435294117647058 0.5216666666666667 0.042352941176470586 0.09666666666666668
0 0.7835294117647058 0.08916666666666667 0.03294117647058823 0.058333333333333334
0 0.9094117647058823 0.21833333333333335 0.03529411764705882 0.30000000000000004
