0 0.2011764705882353 0.8408333333333334 0.04470588235294117 0.13833333333333334
0 0.19999999999999998 0.16166666666666668 0.03764705882352941 0.07333333333333333
0 0.24235294117647058 0.18500000000000003 0.03764705882352941 0.12000000000000001
0 0.24941176470588233 0.8266666666666668 0.042352941176470586 0.11
0 0.2976470588235294 0.8416666666666667 0.04470588235294117 0.1366666666666667
0 0.4105882352941176 0.4366666666666667 0.030588235294117645 0.08333333333333334
0 0.42117647058823526 0.17750000000000002 0.03294117647058823 0.06166666666666667
0 0.43882352941176467 0.4291666666666667 0.030588235294117645 0.06833333333333334
0 0.4552941176470588 0.19666666666666668 0.03529411764705882 0.1
0 0.4905882352941176 0.20583333333333334 0.03529411764705882 0.12166666666666667
0 0.49999999999999994 0.3891666666666667 0.030588235294117645 0.09833333333333334
0 0.5247058823529411 0.19583333333333336 0.03764705882352941 0.10166666666666667
0 0.5270588235294117 0.35750000000000004 0.028235294117647056 0.035
0 0.7552941176470588 0.42500000000000004 0.03294117647058823 0.12666666666666668
0 0.7799999999999999 0.7533333333333334 0.06823529411764705 0.17333333333333334
0 0.7741176470588235 0.11833333333333335 0.03764705882352941 0.043333333333333335
0 0.8082352941176469 0.1575 0.03529411764705882 0.12166666666666667
0 0.8352941176470587 0.42333333333333334 0.13176470588235292 0.13
0 0.8423529411764705 0.1575 0.03764705882352941 0.12166666666666667
0 0.8541176470588234 0.7125 0.06117647058823529 0.08833333333333333
0 0.8788235294117647 0.14750000000000002 0.03529411764705882 0.10166666666666667
