0 0.16823529411764704 0.14083333333333334 0.03529411764705882 0.12166666666666667
0 0.2188235294117647 0.43583333333333335 0.07058823529411765 0.14166666666666666
0 0.20235294117647057 0.14333333333333334 0.03764705882352941 0.12000000000000001
0 0.24941176470588233 0.65 0.03294117647058823 0.06333333333333334
0 0.2552941176470588 0.08333333333333334 0.03529411764705882 0.08333333333333334
0 0.27058823529411763 0.4166666666666667 0.03764705882352941 0.10333333333333335
0 0.5047058823529411 0.6708333333333334 0.03529411764705882 0.10166666666666667
0 0.5388235294117647 0.6408333333333334 0.03764705882352941 0.045000000000000005
0 0.5988235294117646 0.21166666666666667 0.03529411764705882 0.14
0 0.6317647058823529 0.21250000000000002 0.03529411764705882 0.13833333333333334
0 0.6670588235294117 0.17250000000000001 0.03529411764705882 0.06166666666666667
0 0.7576470588235293 0.43250000000000005 0.03764705882352941 0.12166666666666667
0 0.8494117647058823 0.17583333333333334 0.03764705882352941 0.09166666666666667
0 0.8999999999999999 0.09833333333333334 0.039999999999999994 0.07
