0 0.1552941176470588 0.15083333333333335 0.03294117647058823 0.09166666666666667
0 0.15176470588235294 0.41000000000000003 0.03529411764705882 0.05666666666666667
0 0.18352941176470586 0.4083333333333334 0.03294117647058823 0.05666666666666667
0 0.18705882352941175 0.14250000000000002 0.03529411764705882 0.07500000000000001
0 0.2176470588235294 0.15083333333333335 0.03529411764705882 0.09166666666666667
0 0.34352941176470586 0.10333333333333335 0.03294117647058823 0.07666666666666667
0 0.3741176470588235 0.09416666666666668 0.03294117647058823 0.058333333333333334
0 0.4058823529411764 0.12166666666666667 0.03529411764705882 0.10666666666666667
0 0.5458823529411764 0.13416666666666668 0.03294117647058823 0.09166666666666667
0 0.5764705882352941 0.11750000000000001 0.03294117647058823 0.055
0 0.6070588235294118 0.10666666666666667 0.03294117647058823 0.04
0 0.656470588235294 0.38583333333333336 0.03294117647058823 0.07833333333333334
0 0.688235294117647 0.4141666666666667 0.03529411764705882 0.125
0 0.7694117647058822 0.6166666666666667 0.03294117647058823 0.09333333333333334
0 0.7999999999999999 0.6175 0.03294117647058823 0.09166666666666667
0 0.8023529411764705 0.12333333333333334 0.03294117647058823 0.09000000000000001
