0 0.16823529411764704 0.7083333333333334 0.03529411764705882 0.07666666666666667
0 0.20352941176470588 0.19333333333333336 0.04470588235294117 0.16
0 0.2011764705882353 0.7183333333333334 0.03529411764705882 0.09666666666666668
0 0.23176470588235293 0.6908333333333334 0.030588235294117645 0.04166666666666667
0 0.24941176470588233 0.20750000000000002 0.047058823529411764 0.18833333333333335
0 0.2952941176470588 0.155 0.04470588235294117 0.08333333333333334
0 0.34470588235294114 0.8250000000000001 0.039999999999999994 0.10333333333333335
0 0.40705882352941175 0.7041666666666667 0.03294117647058823 0.085
0 0.4411764705882353 0.6950000000000001 0.03529411764705882 0.06333333333333334
0 0.5623529411764705 0.7058333333333334 0.03764705882352941 0.065
0 0.5964705882352941 0.7350000000000001 0.03529411764705882 0.12333333333333334
0 0.7894117647058823 0.155 0.039999999999999994 0.14666666666666667
0 0.8294117647058823 0.14083333333333334 0.039999999999999994 0.11833333333333335
0 0.868235294117647 0.17500000000000002 0.042352941176470586 0.18666666666666668
0 0.8847058823529411 0.7216666666666667 0.06588235294117646 0.11333333333333334
0 0.908235294117647 0.13 0.042352941176470586 0.09666666666666668
