0 0.09058823529411764 0.7675000000000001 0.03529411764705882 0.12166666666666667
0 0.12588235294117647 0.7866666666666667 0.03529411764705882 0.16
0 0.15999999999999998 0.7475 0.03764705882352941 0.08166666666666667
0 0.1941176470588235 0.7583333333333334 0.03529411764705882 0.10333333333333335
0 0.3105882352941176 0.7391666666666667 0.03294117647058823 0.06166666666666667
0 0.34352941176470586 0.7608333333333334 0.03294117647058823 0.09833333333333334
0 0.3905882352941176 0.13166666666666668 0.03764705882352941 0.08333333333333334
0 0.49882352941176467 0.765 0.03294117647058823 0.09333333333333334
0 0.528235294117647 0.7733333333333334 0.03529411764705882 0.11
0 0.5294117647058824 0.08 0.028235294117647056 0.043333333333333335
0 0.5588235294117646 0.7925000000000001 0.03529411764705882 0.14166666666666666
0 0.7258823529411764 0.5275000000000001 0.039999999999999994 0.19166666666666668
0 0.7658823529411765 0.5033333333333334 0.039999999999999994 0.14333333333333334
0 0.7999999999999999 0.755 0.03294117647058823 0.11
