0 0.0788235294117647 0.4025 0.030588235294117645 0.07500000000000001
0 0.08941176470588234 0.7666666666666667 0.03294117647058823 0.04666666666666667
0 0.11058823529411764 0.43750000000000006 0.03294117647058823 0.14500000000000002
0 0.1411764705882353 0.4025 0.03294117647058823 0.07500000000000001
0 0.1588235294117647 0.18333333333333335 0.039999999999999994 0.17666666666666667
0 0.18588235294117644 0.7216666666666667 0.03764705882352941 0.09000000000000001
0 0.1964705882352941 0.17250000000000001 0.039999999999999994 0.155
0 0.20235294117647057 0.3841666666666667 0.03294117647058823 0.115
0 0.22352941176470587 0.7116666666666667 0.03764705882352941 0.06666666666666667
0 0.2352941176470588 0.17250000000000001 0.03764705882352941 0.155
0 0.2329411764705882 0.3816666666666667 0.03294117647058823 0.11
0 0.2647058823529412 0.3841666666666667 0.03529411764705882 0.10833333333333334
0 0.3776470588235294 0.8750000000000001 0.030588235294117645 0.09333333333333334
0 0.40470588235294114 0.38333333333333336 0.03294117647058823 0.07666666666666667
0 0.4352941176470588 0.4 0.03294117647058823 0.11
0 0.468235294117647 0.3841666666666667 0.03294117647058823 0.07500000000000001
0 0.4835294117647058 0.7541666666666668 0.03529411764705882 0.12166666666666667
0 0.5188235294117647 0.7441666666666668 0.03529411764705882 0.10166666666666667
0 0.5529411764705882 0.7266666666666667 0.03294117647058823 0.06333333333333334
0 0.6011764705882352 0.4 0.0588235294117647 0.11666666666666667
0 0.7047058823529411 0.1366666666666667 0.039999999999999994 0.13333333333333333
0 0.7117647058823529 0.3866666666666667 0.03529411764705882 0.11
0 0.7458823529411764 0.09333333333333334 0.03294117647058823 0.04666666666666667
0 0.7588235294117647 0.37833333333333335 0.06352941176470588 0.09333333333333334
0 0.7694117647058822 0.7533333333333334 0.03764705882352941 0.16
0 0.8035294117647058 0.7300000000000001 0.03529411764705882 0.11
0 0.8058823529411764 0.38583333333333336 0.03529411764705882 0.11166666666666668
0 0.8364705882352941 0.3691666666666667 0.03529411764705882 0.07500000000000001
