0 0.34352941176470586 0.7383333333333334 0.03294117647058823 0.11333333333333334
0 0.3905882352941176 0.7366666666666667 0.06588235294117646 0.11
0 0.5152941176470588 0.7158333333333334 0.03294117647058823 0.10833333333333334
0 0.5458823529411764 0.6783333333333333 0.03294117647058823 0.03666666666666667
0 0.6811764705882353 0.7258333333333333 0.030588235294117645 0.08166666666666667
0 0.708235294117647 0.7483333333333334 0.028235294117647056 0.13
0 0.7411764705882352 0.7333333333333334 0.042352941176470586 0.1
0 0.7458823529411764 0.4841666666666667 0.03764705882352941 0.16166666666666668
0 0.7811764705882352 0.465 0.03764705882352941 0.12000000000000001
0 0.8141176470588235 0.14833333333333334 0.047058823529411764 0.14
0 0.8635294117647058 0.14833333333333334 0.047058823529411764 0.14
