0 0.14705882352941174 0.9025000000000001 0.039999999999999994 0.11166666666666668
0 0.18588235294117644 0.8808333333333334 0.03764705882352941 0.06833333333333334
0 0.20235294117647057 0.3891666666666667 0.03764705882352941 0.10166666666666667
0 0.23882352941176468 0.3791666666666667 0.03529411764705882 0.08166666666666667
0 0.26705882352941174 0.125 0.030588235294117645 0.05666666666666667
0 0.2964705882352941 0.16166666666666668 0.03294117647058823 0.12666666666666668
0 0.34352941176470586 0.16166666666666668 0.06117647058823529 0.12666666666666668
0 0.49882352941176467 0.38833333333333336 0.03294117647058823 0.16333333333333333
0 0.548235294117647 0.395 0.07058823529411765 0.17333333333333334
0 0.7164705882352941 0.14750000000000002 0.03529411764705882 0.14500000000000002
0 0.748235294117647 0.13833333333333334 0.03294117647058823 0.12666666666666668
0 0.7799999999999999 0.13833333333333334 0.03529411764705882 0.12666666666666668
0 0.7929411764705881 0.37333333333333335 0.03294117647058823 0.11
0 0.8094117647058823 0.13083333333333333 0.03294117647058823 0.11166666666666668
0 0.8235294117647058 0.34750000000000003 0.03294117647058823 0.058333333333333334
0 0.8411764705882352 0.14833333333333334 0.03529411764705882 0.14333333333333334
