0 0.08705882352941176 0.38 0.03294117647058823 0.07666666666666667
0 0.1964705882352941 0.6816666666666668 0.04470588235294117 0.09666666666666668
0 0.21411764705882352 0.15416666666666667 0.06588235294117646 0.12833333333333335
0 0.23764705882352938 0.7041666666666667 0.042352941176470586 0.14500000000000002
0 0.2611764705882353 0.11 0.03294117647058823 0.04
0 0.2788235294117647 0.6708333333333334 0.039999999999999994 0.07500000000000001
0 0.3705882352941176 0.6950000000000001 0.030588235294117645 0.06666666666666667
0 0.39764705882352935 0.7108333333333334 0.028235294117647056 0.09833333333333334
0 0.4164705882352941 0.465 0.03294117647058823 0.09333333333333334
0 0.42470588235294116 0.7100000000000001 0.030588235294117645 0.1
0 0.448235294117647 0.48333333333333334 0.030588235294117645 0.12666666666666668
0 0.46705882352941175 0.6791666666666667 0.030588235294117645 0.09833333333333334
0 0.47882352941176465 0.4658333333333334 0.03529411764705882 0.095
0 0.4952941176470588 0.68 0.030588235294117645 0.09666666666666668
0 0.5105882352941176 0.4733333333333334 0.03294117647058823 0.11
0 0.5223529411764706 0.655 0.03294117647058823 0.05333333333333334
0 0.6129411764705882 0.6833333333333333 0.030588235294117645 0.11
0 0.6447058823529411 0.6833333333333333 0.03294117647058823 0.11
0 0.6752941176470587 0.6833333333333333 0.03294117647058823 0.11
0 0.6952941176470587 0.10416666666666667 0.030588235294117645 0.05166666666666667
0 0.7694117647058822 0.3175 0.03294117647058823 0.07500000000000001
0 0.7788235294117647 0.6691666666666667 0.03294117647058823 0.058333333333333334
0 0.7999999999999999 0.31833333333333336 0.03294117647058823 0.07666666666666667
0 0.8094117647058823 0.6866666666666668 0.03294117647058823 0.09333333333333334
