0 0.10470588235294116 0.14250000000000002 0.03529411764705882 0.10166666666666667
0 0.1388235294117647 0.16166666666666668 0.03764705882352941 0.14
0 0.1388235294117647 0.4658333333333334 0.06588235294117646 0.12833333333333335
0 0.17411764705882352 0.12416666666666668 0.03294117647058823 0.06166666666666667
0 0.18588235294117644 0.4658333333333334 0.03294117647058823 0.12833333333333335
0 0.2011764705882353 0.7016666666666667 0.030588235294117645 0.11
0 0.23176470588235293 0.7033333333333334 0.03529411764705882 0.11
0 0.23176470588235293 0.4566666666666667 0.06352941176470588 0.11
0 0.26352941176470585 0.6841666666666667 0.03294117647058823 0.07500000000000001
0 0.2764705882352941 0.4058333333333334 0.03529411764705882 0.11166666666666668
0 0.2952941176470588 0.685 0.030588235294117645 0.07333333333333333
0 0.30823529411764705 0.4058333333333334 0.03294117647058823 0.11166666666666668
0 0.3388235294117647 0.38 0.03294117647058823 0.05666666666666667
0 0.3564705882352941 0.3591666666666667 0.011764705882352941 0.008333333333333333
0 0.3729411764705882 0.6816666666666668 0.030588235294117645 0.12666666666666668
0 0.40352941176470586 0.675 0.03529411764705882 0.11
0 0.42470588235294116 0.16833333333333333 0.039999999999999994 0.13333333333333333
0 0.4341176470588235 0.6466666666666667 0.030588235294117645 0.05666666666666667
0 0.4623529411764705 0.1575 0.039999999999999994 0.11166666666666668
0 0.49999999999999994 0.18000000000000002 0.039999999999999994 0.15666666666666668
0 0.5188235294117647 0.8583333333333334 0.03529411764705882 0.08
0 0.5858823529411764 0.6858333333333334 0.06588235294117646 0.12833333333333335
0 0.6588235294117647 0.6775 0.08470588235294117 0.115
0 0.72 0.42500000000000004 0.03294117647058823 0.12000000000000001
0 0.7341176470588234 0.14583333333333334 0.03764705882352941 0.12166666666666667
0 0.7541176470588234 0.41583333333333333 0.03529411764705882 0.10166666666666667
0 0.768235294117647 0.15416666666666667 0.03529411764705882 0.14166666666666666
0 0.7870588235294117 0.6825 0.0588235294117647 0.115
0 0.7894117647058823 0.3875 0.03529411764705882 0.045000000000000005
0 0.8023529411764705 0.13583333333333333 0.03764705882352941 0.10166666666666667
0 0.8294117647058823 0.6608333333333334 0.030588235294117645 0.06833333333333334
