0 0.2352941176470588 0.3825 0.03764705882352941 0.16166666666666668
0 0.26941176470588235 0.3725 0.03529411764705882 0.14166666666666666
0 0.668235294117647 0.6875 0.03764705882352941 0.12166666666666667
0 0.7011764705882352 0.7091666666666667 0.03764705882352941 0.15833333333333335
0 0.7176470588235293 0.1691666666666667 0.03294117647058823 0.09166666666666667
0 0.7364705882352941 0.6975 0.03764705882352941 0.14166666666666666
0 0.7470588235294117 0.17750000000000002 0.03529411764705882 0.11166666666666668
0 0.7705882352941176 0.6875 0.03529411764705882 0.12166666666666667
0 0.7788235294117647 0.17 0.03294117647058823 0.09333333333333334
0 0.8105882352941176 0.18083333333333335 0.03529411764705882 0.115
