0 0.10588235294117646 0.7925000000000001 0.03294117647058823 0.04166666666666667
0 0.1388235294117647 0.8133333333333334 0.03764705882352941 0.08333333333333334
0 0.18352941176470586 0.7250000000000001 0.03764705882352941 0.06333333333333334
0 0.19999999999999998 0.455 0.03294117647058823 0.08333333333333334
0 0.2352941176470588 0.4658333333333334 0.03764705882352941 0.10833333333333334
0 0.27058823529411763 0.445 0.028235294117647056 0.06333333333333334
0 0.3541176470588235 0.7158333333333334 0.03529411764705882 0.07833333333333334
0 0.38705882352941173 0.7166666666666667 0.030588235294117645 0.07666666666666667
0 0.4270588235294117 0.665 0.030588235294117645 0.07666666666666667
0 0.4588235294117647 0.6841666666666667 0.03294117647058823 0.115
0 0.4905882352941176 0.6658333333333334 0.030588235294117645 0.07833333333333334
0 0.5952941176470588 0.7050000000000001 0.042352941176470586 0.12000000000000001
0 0.6352941176470588 0.6816666666666668 0.042352941176470586 0.07333333333333333
0 0.7152941176470587 0.47000000000000003 0.03764705882352941 0.07666666666666667
0 0.7494117647058823 0.4466666666666667 0.03529411764705882 0.043333333333333335
0 0.8094117647058823 0.41833333333333333 0.03764705882352941 0.043333333333333335
0 0.8247058823529411 0.675 0.039999999999999994 0.09666666666666668
