0 0.09515260323159785 0.878125 0.02872531418312388 0.06625
0 0.12208258527827648 0.891875 0.02872531418312388 0.09625
0 0.14901256732495513 0.885 0.02872531418312388 0.0825
0 0.177737881508079 0.8925000000000001 0.02872531418312388 0.0975
0 0.2064631956912029 0.900625 0.02872531418312388 0.11375
0 0.329443447037702 0.8875000000000001 0.1561938958707361 0.06
0 0.29533213644524237 0.121875 0.03052064631956912 0.14625
0 0.3240574506283663 0.0975 0.03052064631956912 0.0975
0 0.3527827648114901 0.09 0.03052064631956912 0.0825
0 0.3806104129263914 0.09875 0.02872531418312388 0.0975
0 0.45870736086175945 0.61 0.09515260323159785 0.0275
0 0.47576301615798927 0.859375 0.06463195691202872 0.04125
0 0.5269299820466786 0.60375 0.04488330341113106 0.0125
0 0.5978456014362658 0.836875 0.1867145421903052 0.058750000000000004
0 0.5610412926391383 0.6012500000000001 0.02333931777378815 0.0075
0 0.6732495511669659 0.45625 0.03231597845601436 0.10250000000000001
0 0.7019748653500898 0.455625 0.03231597845601436 0.10125
0 0.729802513464991 0.464375 0.03411131059245961 0.11875000000000001
0 0.7360861759425494 0.8125 0.06104129263913824 0.0425
0 0.8123877917414722 0.798125 0.08797127468581688 0.043750000000000004
0 0.8240574506283663 0.681875 0.03231597845601436 0.15625
0 0.8536804308797128 0.6900000000000001 0.03052064631956912 0.17250000000000001
0 0.8590664272890485 0.10187500000000001 0.05565529622980252 0.09125
0 0.9093357271095153 0.789375 0.07360861759425494 0.02875
0 0.8842010771992819 0.66625 0.03052064631956912 0.11750000000000001
0 0.9057450628366248 0.420625 0.18491921005385997 0.15875
0 0.8994614003590664 0.125 0.02872531418312388 0.1375
