0 0.20705882352941174 0.7191666666666667 0.042352941176470586 0.165
0 0.24823529411764703 0.6975 0.04470588235294117 0.12166666666666667
0 0.3670588235294117 0.15583333333333335 0.03294117647058823 0.07833333333333334
0 0.4905882352941176 0.7191666666666667 0.12941176470588234 0.18833333333333335
0 0.5729411764705882 0.6633333333333333 0.039999999999999994 0.07333333333333333
0 0.6705882352941176 0.685 0.03294117647058823 0.07
0 0.7 0.6966666666666667 0.030588235294117645 0.08666666666666667
0 0.7917647058823529 0.4266666666666667 0.0588235294117647 0.29000000000000004
0 0.8364705882352941 0.11416666666666668 0.03529411764705882 0.07833333333333334
0 0.8552941176470588 0.4266666666666667 0.0588235294117647 0.29000000000000004
0 0.8823529411764706 0.6875 0.03294117647058823 0.13166666666666668
0 0.9141176470588235 0.6791666666666667 0.03529411764705882 0.11166666666666668
0 0.9188235294117646 0.33666666666666667 0.0588235294117647 0.11
