0 0.19058823529411764 0.7883333333333333 0.03294117647058823 0.11333333333333334
0 0.23882352941176468 0.7966666666666667 0.06823529411764705 0.13
0 0.24352941176470586 0.2675 0.05411764705882353 0.15833333333333335
0 0.4729411764705882 0.7566666666666667 0.03294117647058823 0.11333333333333334
0 0.5047058823529411 0.7391666666666667 0.03529411764705882 0.07833333333333334
0 0.536470588235294 0.7375 0.03294117647058823 0.07833333333333334
0 0.5694117647058823 0.7475 0.03294117647058823 0.095
0 0.5635294117647058 0.11416666666666668 0.04941176470588235 0.095
0 0.7552941176470588 0.76 0.03764705882352941 0.06333333333333334
0 0.7905882352941176 0.75 0.03764705882352941 0.043333333333333335
0 0.8752941176470588 0.7333333333333334 0.03764705882352941 0.08333333333333334
