0 0.15294117647058822 0.8750000000000001 0.03294117647058823 0.09666666666666668
0 0.15999999999999998 0.21333333333333335 0.06588235294117646 0.22
0 0.20235294117647057 0.5575 0.03294117647058823 0.18500000000000003
0 0.2341176470588235 0.5583333333333333 0.03529411764705882 0.18333333333333335
0 0.22588235294117645 0.19833333333333333 0.06117647058823529 0.18333333333333335
0 0.27058823529411763 0.5691666666666667 0.042352941176470586 0.20833333333333334
0 0.30588235294117644 0.54 0.03294117647058823 0.15000000000000002
0 0.3129411764705882 0.7633333333333334 0.03764705882352941 0.05
0 0.33999999999999997 0.49583333333333335 0.03529411764705882 0.058333333333333334
0 0.6788235294117646 0.13583333333333333 0.011764705882352941 0.008333333333333333
0 0.7058823529411764 0.10250000000000001 0.047058823529411764 0.16166666666666668
0 0.7305882352941175 0.8216666666666668 0.03529411764705882 0.18000000000000002
0 0.7364705882352941 0.5441666666666667 0.042352941176470586 0.13833333333333334
0 0.7647058823529411 0.8225 0.03764705882352941 0.18166666666666667
0 0.7611764705882352 0.17 0.0588235294117647 0.29000000000000004
0 0.776470588235294 0.5466666666666667 0.042352941176470586 0.14333333333333334
0 0.8023529411764705 0.8225 0.042352941176470586 0.18500000000000003
0 0.8129411764705882 0.5325000000000001 0.03529411764705882 0.11166666666666668
0 0.8141176470588235 0.11666666666666667 0.047058823529411764 0.18666666666666668
0 0.8388235294117646 0.7716666666666667 0.03529411764705882 0.08333333333333334
0 0.8435294117647059 0.55 0.03529411764705882 0.15000000000000002
0 0.8599999999999999 0.7541666666666668 0.011764705882352941 0.008333333333333333
0 0.8611764705882352 0.050833333333333335 0.047058823529411764 0.058333333333333334
