0 0.10470588235294116 0.8566666666666667 0.03529411764705882 0.10333333333333335
0 0.1388235294117647 0.8566666666666667 0.03764705882352941 0.10333333333333335
0 0.16823529411764704 0.4741666666666667 0.04470588235294117 0.10833333333333334
0 0.1729411764705882 0.8566666666666667 0.03529411764705882 0.10333333333333335
0 0.1964705882352941 0.15333333333333335 0.03529411764705882 0.08333333333333334
0 0.2152941176470588 0.44833333333333336 0.04470588235294117 0.05666666666666667
0 0.22941176470588234 0.155 0.03529411764705882 0.08333333333333334
0 0.41764705882352937 0.7058333333333334 0.03529411764705882 0.045000000000000005
0 0.4529411764705882 0.7350000000000001 0.03529411764705882 0.10333333333333335
0 0.4870588235294117 0.7258333333333333 0.03764705882352941 0.085
0 0.7117647058823529 0.4033333333333334 0.04470588235294117 0.16
0 0.7352941176470588 0.14666666666666667 0.03529411764705882 0.15000000000000002
0 0.7588235294117647 0.3775 0.04470588235294117 0.10833333333333334
0 0.7670588235294117 0.1391666666666667 0.03294117647058823 0.12833333333333335
0 0.7729411764705881 0.7091666666666667 0.03529411764705882 0.08166666666666667
0 0.7988235294117646 0.155 0.03529411764705882 0.16666666666666669
0 0.8082352941176469 0.7100000000000001 0.030588235294117645 0.08333333333333334
