0 0.1776470588235294 0.7708333333333334 0.03529411764705882 0.14166666666666666
0 0.17411764705882352 0.5216666666666667 0.03294117647058823 0.060000000000000005
0 0.21058823529411763 0.7425 0.03529411764705882 0.085
0 0.20470588235294115 0.5308333333333334 0.03294117647058823 0.07500000000000001
0 0.22117647058823528 0.25916666666666666 0.07529411764705882 0.13833333333333334
0 0.23764705882352938 0.5408333333333334 0.03294117647058823 0.09166666666666667
0 0.268235294117647 0.5216666666666667 0.03294117647058823 0.05666666666666667
0 0.4294117647058823 0.5241666666666667 0.07294117647058823 0.12166666666666667
0 0.48588235294117643 0.5016666666666667 0.039999999999999994 0.07333333333333333
0 0.5305882352941176 0.7466666666666667 0.03529411764705882 0.10333333333333335
0 0.5647058823529412 0.7491666666666668 0.03294117647058823 0.10833333333333334
0 0.7105882352941176 0.1691666666666667 0.051764705882352935 0.15833333333333335
0 0.7635294117647058 0.4891666666666667 0.030588235294117645 0.065
0 0.7717647058823529 0.15416666666666667 0.06588235294117646 0.12833333333333335
0 0.7976470588235294 0.5 0.03764705882352941 0.08333333333333334
0 0.8188235294117646 0.7100000000000001 0.05647058823529411 0.07
0 0.8352941176470587 0.18416666666666667 0.051764705882352935 0.19166666666666668
0 0.8905882352941176 0.15333333333333335 0.05411764705882353 0.13
