0 0.14941176470588233 0.6358333333333334 0.03529411764705882 0.10166666666666667
0 0.18235294117647058 0.5975 0.03529411764705882 0.025
0 0.1952941176470588 0.885 0.03294117647058823 0.08333333333333334
0 0.2188235294117647 0.1391666666666667 0.03764705882352941 0.065
0 0.2541176470588235 0.13 0.03294117647058823 0.043333333333333335
0 0.42 0.1391666666666667 0.07294117647058823 0.16166666666666668
0 0.4588235294117647 0.6158333333333333 0.03764705882352941 0.10166666666666667
0 0.4929411764705882 0.6066666666666667 0.03529411764705882 0.08333333333333334
0 0.5811764705882353 0.15000000000000002 0.06588235294117646 0.13
0 0.6070588235294118 0.63 0.03294117647058823 0.14333333333333334
0 0.6294117647058823 0.16 0.03529411764705882 0.15000000000000002
0 0.6411764705882352 0.6208333333333333 0.03529411764705882 0.12166666666666667
0 0.7270588235294116 0.39666666666666667 0.03764705882352941 0.14333333333333334
0 0.7717647058823529 0.7200000000000001 0.03764705882352941 0.10666666666666667
0 0.7623529411764706 0.39916666666666667 0.03764705882352941 0.14833333333333334
0 0.8058823529411764 0.7100000000000001 0.03529411764705882 0.08333333333333334
0 0.8258823529411764 0.11083333333333334 0.06117647058823529 0.08833333333333333
0 0.8517647058823529 0.6266666666666667 0.03294117647058823 0.1
