0 0.09999999999999999 0.8158333333333334 0.030588235294117645 0.07833333333333334
0 0.12823529411764706 0.3975 0.03529411764705882 0.11166666666666668
0 0.13058823529411764 0.8241666666666667 0.03529411764705882 0.095
0 0.16352941176470587 0.8425 0.03529411764705882 0.13166666666666668
0 0.22235294117647056 0.3358333333333334 0.06823529411764705 0.07833333333333334
0 0.22705882352941176 0.7883333333333333 0.06352941176470588 0.11333333333333334
0 0.2976470588235294 0.3441666666666667 0.06823529411764705 0.095
0 0.2729411764705882 0.7875000000000001 0.03294117647058823 0.11166666666666668
0 0.30470588235294116 0.7791666666666667 0.03529411764705882 0.095
0 0.35882352941176465 0.3616666666666667 0.03529411764705882 0.15000000000000002
0 0.4717647058823529 0.8741666666666668 0.07294117647058823 0.095
0 0.5235294117647058 0.8658333333333333 0.030588235294117645 0.07500000000000001
0 0.5388235294117647 0.77 0.03294117647058823 0.060000000000000005
0 0.5717647058823528 0.7783333333333334 0.03294117647058823 0.07666666666666667
0 0.6035294117647059 0.7866666666666667 0.03529411764705882 0.09666666666666668
0 0.8164705882352941 0.9700000000000001 0.028235294117647056 0.05666666666666667
0 0.8247058823529411 0.12833333333333335 0.04470588235294117 0.16
0 0.8458823529411764 0.8058333333333334 0.03529411764705882 0.115
0 0.8788235294117647 0.7875000000000001 0.03529411764705882 0.07833333333333334
0 0.8705882352941176 0.11666666666666667 0.047058823529411764 0.1366666666666667
0 0.9094117647058823 0.8058333333333334 0.03529411764705882 0.11166666666666668
