0 0.1788235294117647 0.7958333333333334 0.051764705882352935 0.10833333333333334
0 0.34470588235294114 0.8383333333333334 0.03529411764705882 0.11666666666666667
0 0.37882352941176467 0.8350000000000001 0.03764705882352941 0.12333333333333334
0 0.4270588235294117 0.19833333333333333 0.03529411764705882 0.043333333333333335
0 0.4623529411764705 0.24666666666666667 0.03529411764705882 0.14333333333333334
0 0.4976470588235294 0.2366666666666667 0.03529411764705882 0.12333333333333334
0 0.5494117647058823 0.155 0.0776470588235294 0.12333333333333334
0 0.6047058823529411 0.125 0.03764705882352941 0.06333333333333334
0 0.7705882352941176 0.5666666666666667 0.03529411764705882 0.12333333333333334
0 0.8058823529411764 0.5658333333333334 0.03529411764705882 0.12166666666666667
