0 0.18117647058823527 0.26916666666666667 0.03764705882352941 0.13833333333333334
0 0.19058823529411764 0.7525000000000001 0.03294117647058823 0.085
0 0.21999999999999997 0.25833333333333336 0.039999999999999994 0.12000000000000001
0 0.22588235294117645 0.7533333333333334 0.03294117647058823 0.08333333333333334
0 0.2611764705882353 0.26916666666666667 0.042352941176470586 0.14166666666666666
0 0.28823529411764703 0.5341666666666667 0.03529411764705882 0.07833333333333334
0 0.31999999999999995 0.5233333333333333 0.03294117647058823 0.05666666666666667
0 0.4329411764705882 0.8500000000000001 0.03294117647058823 0.1366666666666667
0 0.4623529411764705 0.8008333333333334 0.030588235294117645 0.03833333333333334
0 0.4694117647058823 0.13 0.03529411764705882 0.09333333333333334
0 0.4905882352941176 0.7116666666666667 0.03529411764705882 0.09666666666666668
0 0.5011764705882352 0.12250000000000001 0.03294117647058823 0.07833333333333334
0 0.7494117647058823 0.18583333333333335 0.039999999999999994 0.20833333333333334
0 0.7752941176470588 0.49000000000000005 0.03529411764705882 0.07666666666666667
0 0.788235294117647 0.18500000000000003 0.042352941176470586 0.21000000000000002
0 0.8364705882352941 0.19166666666666668 0.05411764705882353 0.22333333333333336
0 0.848235294117647 0.7283333333333334 0.039999999999999994 0.11666666666666667
0 0.896470588235294 0.7375 0.05647058823529411 0.14166666666666666
0 0.8905882352941176 0.14333333333333334 0.05411764705882353 0.13
0 0.9388235294117646 0.15083333333333335 0.042352941176470586 0.14166666666666666
