0 0.06705882352941175 0.13833333333333334 0.03529411764705882 0.09333333333333334
0 0.0976470588235294 0.1375 0.030588235294117645 0.095
0 0.11882352941176469 0.7858333333333334 0.030588235294117645 0.13166666666666668
0 0.12941176470588234 0.12833333333333335 0.03294117647058823 0.07666666666666667
0 0.15176470588235294 0.785 0.03529411764705882 0.13
0 0.16117647058823528 0.1366666666666667 0.03529411764705882 0.09333333333333334
0 0.18235294117647058 0.7675000000000001 0.03529411764705882 0.095
0 0.20352941176470588 0.7791666666666667 0.011764705882352941 0.008333333333333333
0 0.2152941176470588 0.08750000000000001 0.039999999999999994 0.07166666666666667
0 0.32588235294117646 0.4191666666666667 0.04470588235294117 0.08166666666666667
0 0.4529411764705882 0.2016666666666667 0.030588235294117645 0.12000000000000001
0 0.4529411764705882 0.7416666666666667 0.03529411764705882 0.12666666666666668
0 0.48235294117647054 0.17750000000000002 0.03294117647058823 0.07166666666666667
0 0.48470588235294115 0.7208333333333333 0.03294117647058823 0.095
0 0.5164705882352941 0.7308333333333333 0.03529411764705882 0.11166666666666668
0 0.6070588235294118 0.7408333333333333 0.03294117647058823 0.058333333333333334
0 0.6388235294117647 0.7591666666666668 0.03529411764705882 0.095
0 0.6705882352941176 0.7591666666666668 0.03294117647058823 0.095
0 0.7011764705882352 0.7508333333333334 0.03294117647058823 0.07166666666666667
0 0.708235294117647 0.45 0.03764705882352941 0.14
0 0.748235294117647 0.4491666666666667 0.042352941176470586 0.14166666666666666
0 0.7905882352941176 0.41500000000000004 0.03294117647058823 0.07333333333333333
0 0.8105882352941176 0.11666666666666667 0.03529411764705882 0.060000000000000005
0 0.8176470588235294 0.7225 0.03529411764705882 0.095
