0 0.1176470588235294 0.41000000000000003 0.028235294117647056 0.09666666666666668
0 0.11176470588235293 0.6916666666666668 0.03529411764705882 0.07666666666666667
0 0.13058823529411764 0.16666666666666669 0.03529411764705882 0.13
0 0.14470588235294116 0.7183333333333334 0.03529411764705882 0.13
0 0.16352941176470587 0.155 0.03529411764705882 0.09333333333333334
0 0.1941176470588235 0.18500000000000003 0.03529411764705882 0.16666666666666669
0 0.19058823529411764 0.7175 0.06588235294117646 0.13166666666666668
0 0.26235294117647057 0.09666666666666668 0.030588235294117645 0.07666666666666667
0 0.2941176470588235 0.12666666666666668 0.03294117647058823 0.1366666666666667
0 0.32705882352941174 0.13416666666666668 0.03294117647058823 0.14500000000000002
0 0.34823529411764703 0.465 0.047058823529411764 0.15000000000000002
0 0.3576470588235294 0.07833333333333334 0.03294117647058823 0.04
0 0.3670588235294117 0.7225 0.03294117647058823 0.13166666666666668
0 0.3988235294117647 0.7050000000000001 0.03529411764705882 0.09666666666666668
0 0.3952941176470588 0.48500000000000004 0.047058823529411764 0.17333333333333334
0 0.4294117647058823 0.6875 0.03529411764705882 0.058333333333333334
0 0.5435294117647058 0.6866666666666668 0.03294117647058823 0.09666666666666668
0 0.5752941176470587 0.6875 0.030588235294117645 0.095
0 0.6058823529411764 0.6966666666666667 0.03529411764705882 0.11
0 0.6941176470588235 0.4033333333333334 0.047058823529411764 0.13
0 0.7141176470588234 0.7041666666666667 0.03529411764705882 0.11166666666666668
0 0.748235294117647 0.155 0.03294117647058823 0.11333333333333334
0 0.7411764705882352 0.40750000000000003 0.047058823529411764 0.13833333333333334
0 0.7470588235294117 0.6958333333333334 0.03529411764705882 0.095
0 0.7858823529411764 0.42083333333333334 0.047058823529411764 0.16166666666666668
0 0.7811764705882352 0.15583333333333335 0.03294117647058823 0.11166666666666668
0 0.7776470588235294 0.7133333333333334 0.03529411764705882 0.13
0 0.8105882352941176 0.11 0.03529411764705882 0.023333333333333334
0 0.8105882352941176 0.6883333333333334 0.03529411764705882 0.08
