0 0.20235294117647057 0.12083333333333333 0.03294117647058823 0.10166666666666667
0 0.2152941176470588 0.46416666666666667 0.030588235294117645 0.12166666666666667
0 0.24588235294117644 0.12166666666666667 0.0588235294117647 0.10333333333333335
0 0.24941176470588233 0.46416666666666667 0.03294117647058823 0.12166666666666667
0 0.28470588235294114 0.4633333333333334 0.03764705882352941 0.12000000000000001
0 0.3670588235294117 0.08583333333333334 0.028235294117647056 0.058333333333333334
0 0.3988235294117647 0.12000000000000001 0.03529411764705882 0.13
0 0.4317647058823529 0.13 0.03529411764705882 0.15000000000000002
0 0.6411764705882352 0.08750000000000001 0.011764705882352941 0.008333333333333333
0 0.6588235294117647 0.10333333333333335 0.028235294117647056 0.06333333333333334
0 0.7305882352941175 0.4666666666666667 0.03529411764705882 0.08333333333333334
0 0.7635294117647058 0.7325 0.03529411764705882 0.12166666666666667
0 0.7658823529411765 0.45583333333333337 0.03529411764705882 0.065
0 0.796470588235294 0.7225 0.03529411764705882 0.10166666666666667
0 0.796470588235294 0.11666666666666667 0.03529411764705882 0.10333333333333335
0 0.8317647058823529 0.4091666666666667 0.030588235294117645 0.065
0 0.8341176470588234 0.7391666666666667 0.039999999999999994 0.135
0 0.8752941176470588 0.7433333333333334 0.042352941176470586 0.14333333333333334
0 0.9129411764705881 0.7033333333333334 0.03294117647058823 0.06333333333333334
