0 0.1164705882352941 0.7983333333333333 0.03529411764705882 0.08333333333333334
0 0.15176470588235294 0.7891666666666667 0.03529411764705882 0.065
0 0.2164705882352941 0.49000000000000005 0.03294117647058823 0.06333333333333334
0 0.2505882352941176 0.52 0.03529411764705882 0.12333333333333334
0 0.28470588235294114 0.7150000000000001 0.03294117647058823 0.07666666666666667
0 0.28470588235294114 0.52 0.03764705882352941 0.12333333333333334
0 0.3164705882352941 0.7266666666666667 0.03529411764705882 0.1
0 0.3188235294117647 0.5008333333333334 0.03529411764705882 0.085
0 0.34823529411764703 0.6983333333333334 0.03294117647058823 0.04
0 0.4352941176470588 0.7458333333333333 0.03294117647058823 0.095
0 0.46705882352941175 0.7383333333333334 0.030588235294117645 0.07333333333333333
0 0.5164705882352941 0.7466666666666667 0.06352941176470588 0.09666666666666668
0 0.6799999999999999 0.195 0.06117647058823529 0.24333333333333335
0 0.7129411764705882 0.8741666666666668 0.047058823529411764 0.13833333333333334
0 0.7211764705882352 0.5225000000000001 0.03529411764705882 0.16166666666666668
0 0.7552941176470588 0.5233333333333333 0.03764705882352941 0.16333333333333333
0 0.7435294117647058 0.2025 0.06117647058823529 0.255
0 0.7552941176470588 0.8366666666666667 0.042352941176470586 0.1366666666666667
0 0.7905882352941176 0.5133333333333334 0.03764705882352941 0.14333333333333334
0 0.7870588235294117 0.805 0.04941176470588235 0.29000000000000004
0 0.7988235294117646 0.17 0.04470588235294117 0.18666666666666668
0 0.8247058823529411 0.4741666666666667 0.03529411764705882 0.065
0 0.8258823529411764 0.7425 0.042352941176470586 0.165
0 0.8423529411764705 0.17083333333333334 0.051764705882352935 0.18500000000000003
0 0.8623529411764705 0.7225 0.03529411764705882 0.12166666666666667
