0 0.09647058823529411 0.8175 0.03294117647058823 0.13166666666666668
0 0.12823529411764706 0.8183333333333334 0.03529411764705882 0.12666666666666668
0 0.15999999999999998 0.8 0.03294117647058823 0.09666666666666668
0 0.16941176470588235 0.6533333333333333 0.03294117647058823 0.07666666666666667
0 0.2011764705882353 0.6666666666666667 0.03529411764705882 0.09000000000000001
0 0.22235294117647056 0.21000000000000002 0.03529411764705882 0.08
0 0.2341176470588235 0.6533333333333333 0.03529411764705882 0.07666666666666667
0 0.2576470588235294 0.21083333333333334 0.03529411764705882 0.085
0 0.30823529411764705 0.10916666666666668 0.03764705882352941 0.045000000000000005
0 0.3517647058823529 0.6483333333333334 0.03529411764705882 0.1
0 0.38705882352941173 0.6666666666666667 0.03529411764705882 0.14
0 0.42117647058823526 0.6483333333333334 0.03764705882352941 0.10333333333333335
0 0.5494117647058823 0.6916666666666668 0.03529411764705882 0.10333333333333335
0 0.5729411764705882 0.13083333333333333 0.03529411764705882 0.10500000000000001
0 0.5835294117647059 0.7008333333333334 0.03764705882352941 0.125
0 0.6070588235294118 0.16 0.03764705882352941 0.16333333333333333
0 0.6176470588235293 0.6616666666666667 0.03529411764705882 0.043333333333333335
0 0.6141176470588234 0.4191666666666667 0.03764705882352941 0.085
0 0.6423529411764706 0.16 0.03764705882352941 0.16333333333333333
0 0.6494117647058822 0.4391666666666667 0.03764705882352941 0.12166666666666667
0 0.676470588235294 0.11333333333333334 0.03529411764705882 0.06333333333333334
0 0.6835294117647058 0.43833333333333335 0.03529411764705882 0.12333333333333334
0 0.7188235294117646 0.4 0.03529411764705882 0.043333333333333335
0 0.7294117647058823 0.6716666666666667 0.03764705882352941 0.16333333333333333
0 0.7647058823529411 0.6625000000000001 0.03764705882352941 0.14166666666666666
0 0.7988235294117646 0.6425000000000001 0.03529411764705882 0.10166666666666667
