0 0.16823529411764704 0.5025000000000001 0.03529411764705882 0.07833333333333334
0 0.1752941176470588 0.8758333333333334 0.03529411764705882 0.10166666666666667
0 0.1729411764705882 0.18666666666666668 0.08705882352941176 0.09666666666666668
0 0.19999999999999998 0.5016666666666667 0.03294117647058823 0.07666666666666667
0 0.23176470588235293 0.5008333333333334 0.030588235294117645 0.07500000000000001
0 0.22823529411764704 0.6983333333333334 0.042352941176470586 0.08333333333333334
0 0.2729411764705882 0.6975 0.047058823529411764 0.08166666666666667
0 0.3211764705882353 0.7108333333333334 0.039999999999999994 0.10833333333333334
0 0.41764705882352937 0.8541666666666667 0.08705882352941176 0.07500000000000001
0 0.5047058823529411 0.15583333333333335 0.039999999999999994 0.14500000000000002
0 0.5447058823529412 0.1325 0.04470588235294117 0.09833333333333334
0 0.5858823529411764 0.13166666666666668 0.042352941176470586 0.09666666666666668
0 0.7552941176470588 0.14916666666666667 0.042352941176470586 0.11833333333333335
0 0.7694117647058822 0.6950000000000001 0.042352941176470586 0.05
0 0.8011764705882353 0.48750000000000004 0.04470588235294117 0.10833333333333334
0 0.8141176470588235 0.7191666666666667 0.047058823529411764 0.10833333333333334
0 0.8564705882352941 0.085 0.042352941176470586 0.12000000000000001
0 0.8635294117647058 0.7308333333333333 0.042352941176470586 0.13166666666666668
