0 0.10502692998204669 0.819375 0.06642728904847398 0.11875000000000001
0 0.39407540394973073 0.18875 0.03770197486535009 0.065
0 0.4793536804308797 0.5231250000000001 0.13285457809694795 0.14875
0 0.5565529622980252 0.47750000000000004 0.03231597845601436 0.055
0 0.6193895870736087 0.3525 0.02872531418312388 0.0525
0 0.7836624775583483 0.83875 0.08078994614003591 0.155
0 0.77737881508079 0.51125 0.1436265709156194 0.08750000000000001
0 0.8186714542190305 0.164375 0.02872531418312388 0.12375
0 0.8285457809694794 0.79625 0.03052064631956912 0.07
0 0.8456014362657092 0.15 0.02872531418312388 0.0925
0 0.8725314183123878 0.15687500000000001 0.02872531418312388 0.10875
0 0.8994614003590664 0.141875 0.02872531418312388 0.07625
