0 0.2152941176470588 0.8500000000000001 0.030588235294117645 0.08666666666666667
0 0.24235294117647058 0.8583333333333334 0.03294117647058823 0.10333333333333335
0 0.2717647058823529 0.8491666666666667 0.030588235294117645 0.08833333333333333
0 0.3035294117647059 0.22833333333333336 0.03764705882352941 0.05
0 0.3 0.8408333333333334 0.030588235294117645 0.07166666666666667
0 0.34117647058823525 0.27416666666666667 0.042352941176470586 0.14166666666666666
0 0.3529411764705882 0.7991666666666667 0.028235294117647056 0.06833333333333334
0 0.3811764705882353 0.8133333333333334 0.03294117647058823 0.10333333333333335
0 0.38352941176470584 0.26416666666666666 0.042352941176470586 0.11833333333333335
0 0.4117647058823529 0.7966666666666667 0.03294117647058823 0.07
0 0.5411764705882353 0.1325 0.042352941176470586 0.14166666666666666
0 0.5517647058823529 0.5683333333333334 0.030588235294117645 0.08
0 0.58 0.12083333333333333 0.039999999999999994 0.11833333333333335
0 0.5776470588235294 0.5625 0.030588235294117645 0.06833333333333334
0 0.6811764705882353 0.5366666666666667 0.03529411764705882 0.11333333333333334
0 0.7141176470588234 0.5191666666666667 0.03529411764705882 0.07500000000000001
0 0.8847058823529411 0.525 0.03294117647058823 0.043333333333333335
0 0.8988235294117646 0.8225 0.03764705882352941 0.07833333333333334
