0 0.18117647058823527 0.44333333333333336 0.03764705882352941 0.10333333333333335
0 0.2011764705882353 0.13833333333333334 0.030588235294117645 0.07
0 0.2164705882352941 0.46416666666666667 0.03294117647058823 0.14166666666666666
0 0.2011764705882353 0.8700000000000001 0.06352941176470588 0.07666666666666667
0 0.24941176470588233 0.4241666666666667 0.03764705882352941 0.065
0 0.24705882352941175 0.8700000000000001 0.03294117647058823 0.07666666666666667
0 0.2588235294117647 0.16166666666666668 0.08941176470588234 0.12000000000000001
0 0.4717647058823529 0.11833333333333335 0.03529411764705882 0.15000000000000002
0 0.5047058823529411 0.11416666666666668 0.03529411764705882 0.14166666666666666
0 0.5399999999999999 0.08583333333333334 0.03529411764705882 0.085
0 0.5741176470588235 0.125 0.03764705882352941 0.16333333333333333
0 0.7423529411764705 0.42833333333333334 0.06352941176470588 0.15333333333333335
0 0.7847058823529411 0.14833333333333334 0.03529411764705882 0.14666666666666667
0 0.7999999999999999 0.4116666666666667 0.06117647058823529 0.12000000000000001
0 0.8176470588235294 0.1575 0.03529411764705882 0.165
0 0.8270588235294117 0.8233333333333334 0.039999999999999994 0.12000000000000001
0 0.848235294117647 0.15666666666666668 0.03529411764705882 0.16666666666666669
0 0.8670588235294117 0.8150000000000001 0.03529411764705882 0.1
0 0.8799999999999999 0.13083333333333333 0.03294117647058823 0.11166666666666668
