0 0.1976470588235294 0.4608333333333334 0.042352941176470586 0.095
0 0.23882352941176468 0.47250000000000003 0.039999999999999994 0.11833333333333335
0 0.4270588235294117 0.7083333333333334 0.039999999999999994 0.1366666666666667
0 0.46470588235294114 0.6975 0.039999999999999994 0.11833333333333335
0 0.5058823529411764 0.6625000000000001 0.042352941176470586 0.04833333333333334
0 0.7811764705882352 0.7125 0.042352941176470586 0.14166666666666666
0 0.82 0.7008333333333334 0.039999999999999994 0.11833333333333335
0 0.8529411764705882 0.4475 0.039999999999999994 0.07500000000000001
0 0.8611764705882352 0.7125 0.042352941176470586 0.14166666666666666
0 0.9023529411764705 0.6900000000000001 0.03529411764705882 0.09666666666666668
