0 0.19882352941176468 0.43500000000000005 0.039999999999999994 0.05
0 0.20235294117647057 0.7491666666666668 0.03764705882352941 0.095
0 0.20823529411764705 0.13333333333333333 0.03529411764705882 0.09333333333333334
0 0.23882352941176468 0.4783333333333334 0.039999999999999994 0.14
0 0.24117647058823527 0.13333333333333333 0.030588235294117645 0.09333333333333334
0 0.24235294117647058 0.7591666666666668 0.03764705882352941 0.11833333333333335
0 0.2741176470588235 0.135 0.030588235294117645 0.09000000000000001
0 0.2823529411764706 0.7591666666666668 0.042352941176470586 0.11833333333333335
0 0.2823529411764706 0.4741666666666667 0.047058823529411764 0.13166666666666668
0 0.3035294117647059 0.10583333333333333 0.03294117647058823 0.03833333333333334
0 0.748235294117647 0.41500000000000004 0.042352941176470586 0.16333333333333333
0 0.7894117647058823 0.41583333333333333 0.039999999999999994 0.165
0 0.8576470588235293 0.42250000000000004 0.09647058823529411 0.17833333333333334
0 0.8258823529411764 0.7266666666666667 0.06117647058823529 0.12000000000000001
0 0.8494117647058823 0.11166666666666668 0.03294117647058823 0.07666666666666667
0 0.8788235294117647 0.10250000000000001 0.030588235294117645 0.058333333333333334
