0 0.13464991023339318 0.321875 0.0718132854578097 0.04875
0 0.12208258527827648 0.76625 0.02872531418312388 0.05
0 0.12836624775583483 0.433125 0.026929982046678638 0.07375
0 0.15080789946140036 0.788125 0.02872531418312388 0.09625
0 0.15978456014362658 0.441875 0.02872531418312388 0.09125
0 0.177737881508079 0.7575000000000001 0.02872531418312388 0.035
0 0.19120287253141832 0.451875 0.03052064631956912 0.10875
0 0.22710951526032316 0.26375 0.026929982046678638 0.06
0 0.2522441651705566 0.27 0.02333931777378815 0.075
0 0.263016157989228 0.16375 0.026929982046678638 0.0625
0 0.27199281867145425 0.49125 0.09515260323159785 0.0725
0 0.27737881508078993 0.270625 0.026929982046678638 0.07625
0 0.2881508078994614 0.16375 0.026929982046678638 0.0625
0 0.3087971274685817 0.23500000000000001 0.03949730700179534 0.20500000000000002
0 0.4228007181328546 0.278125 0.05565529622980252 0.12375
0 0.4622980251346499 0.240625 0.026929982046678638 0.04875
0 0.6014362657091562 0.136875 0.38420107719928187 0.16875
0 0.585278276481149 0.27187500000000003 0.1400359066427289 0.07375
0 0.5583482944344704 0.609375 0.02872531418312388 0.09125
0 0.5843806104129264 0.588125 0.026929982046678638 0.04625
0 0.7935368043087971 0.318125 0.40933572710951527 0.12375
0 0.6651705565529623 0.240625 0.02333931777378815 0.01875
0 0.7423698384201077 0.22375 0.13824057450628366 0.045
0 0.7980251346499103 0.8718750000000001 0.03052064631956912 0.13125
0 0.8159784560143627 0.498125 0.03052064631956912 0.03625
0 0.8258527827648116 0.864375 0.02872531418312388 0.11375
0 0.8285457809694794 0.093125 0.026929982046678638 0.11625
0 0.9102333931777379 0.124375 0.17594254937163376 0.18125
0 0.8536804308797128 0.864375 0.03052064631956912 0.11625
0 0.9622980251346499 0.06 0.03590664272890485 0.015
