0 0.10588235294117646 0.8250000000000001 0.03294117647058823 0.09333333333333334
0 0.13529411764705881 0.4416666666666667 0.03529411764705882 0.13
0 0.16588235294117645 0.41500000000000004 0.030588235294117645 0.07666666666666667
0 0.17411764705882352 0.1691666666666667 0.03294117647058823 0.115
0 0.20352941176470588 0.15083333333333335 0.030588235294117645 0.08833333333333333
0 0.2329411764705882 0.12666666666666668 0.028235294117647056 0.03666666666666667
0 0.23764705882352938 0.8491666666666667 0.03294117647058823 0.11166666666666668
0 0.24941176470588233 0.3875 0.03294117647058823 0.058333333333333334
0 0.27999999999999997 0.41750000000000004 0.03294117647058823 0.11833333333333335
0 0.2858823529411764 0.8400000000000001 0.06823529411764705 0.09666666666666668
0 0.3117647058823529 0.4058333333333334 0.03529411764705882 0.095
0 0.33999999999999997 0.795 0.030588235294117645 0.07333333333333333
0 0.3717647058823529 0.805 0.03294117647058823 0.09333333333333334
0 0.4729411764705882 0.5008333333333334 0.03764705882352941 0.045000000000000005
0 0.5141176470588235 0.42000000000000004 0.030588235294117645 0.060000000000000005
0 0.5070588235294117 0.51 0.03529411764705882 0.06333333333333334
0 0.5470588235294117 0.42000000000000004 0.03529411764705882 0.060000000000000005
0 0.5823529411764705 0.42083333333333334 0.039999999999999994 0.058333333333333334
0 0.7576470588235293 0.14750000000000002 0.06588235294117646 0.095
0 0.7623529411764706 0.8108333333333334 0.03294117647058823 0.095
0 0.7823529411764705 0.43500000000000005 0.03529411764705882 0.11333333333333334
0 0.8094117647058823 0.8375 0.06588235294117646 0.14833333333333334
0 0.8141176470588235 0.4166666666666667 0.03294117647058823 0.07666666666666667
