0 0.16941176470588235 0.135 0.03294117647058823 0.12000000000000001
0 0.20470588235294115 0.4941666666666667 0.03764705882352941 0.08166666666666667
0 0.2117647058823529 0.12666666666666668 0.06117647058823529 0.10333333333333335
0 0.23764705882352938 0.8308333333333334 0.03764705882352941 0.055
0 0.3988235294117647 0.15083333333333335 0.03529411764705882 0.09166666666666667
0 0.4294117647058823 0.14250000000000002 0.03529411764705882 0.07500000000000001
0 0.4623529411764705 0.15000000000000002 0.03529411764705882 0.09666666666666668
0 0.49999999999999994 0.39666666666666667 0.03529411764705882 0.09333333333333334
0 0.6423529411764706 0.4575 0.06117647058823529 0.12166666666666667
0 0.6470588235294117 0.115 0.05647058823529411 0.11
0 0.7505882352941176 0.3983333333333334 0.06117647058823529 0.10333333333333335
0 0.7952941176470587 0.3825 0.03294117647058823 0.07166666666666667
0 0.8717647058823529 0.10250000000000001 0.08235294117647059 0.125
