0 0.12567324955116696 0.89375 0.03231597845601436 0.1075
0 0.1355475763016158 0.39687500000000003 0.03052064631956912 0.13875
0 0.1561938958707361 0.8775000000000001 0.03231597845601436 0.07
0 0.16157989228007183 0.374375 0.02872531418312388 0.09375
0 0.1903052064631957 0.374375 0.02872531418312388 0.09375
0 0.37971274685816875 0.628125 0.03052064631956912 0.05375
0 0.40843806104129265 0.66125 0.03052064631956912 0.12
0 0.4380610412926392 0.645 0.03231597845601436 0.085
0 0.45870736086175945 0.17375000000000002 0.03052064631956912 0.035
0 0.4874326750448833 0.18937500000000002 0.03052064631956912 0.06875
0 0.533213644524237 0.6475 0.02872531418312388 0.0925
0 0.5655296229802513 0.138125 0.02872531418312388 0.051250000000000004
0 0.7432675044883303 0.135 0.0933572710951526 0.11750000000000001
0 0.8375224416517056 0.625 0.059245960502693 0.1125
