0 0.12705882352941175 0.7208333333333333 0.03294117647058823 0.10166666666666667
0 0.16117647058823528 0.7308333333333333 0.03529411764705882 0.12166666666666667
0 0.28117647058823525 0.75 0.03529411764705882 0.15333333333333335
0 0.3152941176470588 0.7333333333333334 0.03764705882352941 0.12333333333333334
0 0.3505882352941176 0.7433333333333334 0.03764705882352941 0.14333333333333334
0 0.4152941176470588 0.7050000000000001 0.03529411764705882 0.07666666666666667
0 0.44705882352941173 0.7066666666666667 0.03294117647058823 0.08
0 0.5835294117647059 0.7258333333333333 0.07058823529411765 0.125
0 0.7847058823529411 0.7183333333333334 0.03529411764705882 0.09333333333333334
0 0.8152941176470587 0.7183333333333334 0.030588235294117645 0.09666666666666668
