0 0.11058823529411764 0.8200000000000001 0.047058823529411764 0.16
0 0.13058823529411764 0.4591666666666667 0.030588235294117645 0.058333333333333334
0 0.1576470588235294 0.18083333333333335 0.03764705882352941 0.18166666666666667
0 0.16235294117647056 0.4766666666666667 0.03294117647058823 0.09333333333333334
0 0.1576470588235294 0.8108333333333334 0.047058823529411764 0.14500000000000002
0 0.19176470588235292 0.15083333333333335 0.03529411764705882 0.12166666666666667
0 0.2011764705882353 0.7883333333333333 0.039999999999999994 0.09666666666666668
0 0.2176470588235294 0.4058333333333334 0.03529411764705882 0.07833333333333334
0 0.22588235294117645 0.14 0.03764705882352941 0.10333333333333335
0 0.24823529411764703 0.3866666666666667 0.03529411764705882 0.04
0 0.24 0.8 0.03764705882352941 0.11666666666666667
0 0.4411764705882353 0.40750000000000003 0.03529411764705882 0.045000000000000005
0 0.48 0.7283333333333334 0.028235294117647056 0.060000000000000005
0 0.5388235294117647 0.43250000000000005 0.03294117647058823 0.095
0 0.5694117647058823 0.41583333333333333 0.028235294117647056 0.055
0 0.7164705882352941 0.41250000000000003 0.03529411764705882 0.09833333333333334
0 0.748235294117647 0.4025 0.03294117647058823 0.07500000000000001
0 0.7788235294117647 0.12416666666666668 0.051764705882352935 0.095
0 0.7717647058823529 0.7683333333333334 0.03764705882352941 0.11666666666666667
0 0.8129411764705882 0.7558333333333334 0.039999999999999994 0.09833333333333334
0 0.8435294117647059 0.4091666666666667 0.03529411764705882 0.065
