0 0.13176470588235292 0.5758333333333334 0.03294117647058823 0.095
0 0.16352941176470587 0.5491666666666667 0.030588235294117645 0.03833333333333334
0 0.20352941176470588 0.8608333333333333 0.03529411764705882 0.04833333333333334
0 0.4058823529411764 0.5366666666666667 0.0588235294117647 0.1366666666666667
0 0.4494117647058823 0.5283333333333333 0.03294117647058823 0.12000000000000001
0 0.47764705882352937 0.5108333333333334 0.03294117647058823 0.085
0 0.5305882352941176 0.8108333333333334 0.03529411764705882 0.10166666666666667
0 0.5647058823529412 0.7916666666666667 0.03294117647058823 0.06333333333333334
0 0.7 0.5066666666666667 0.030588235294117645 0.08666666666666667
0 0.728235294117647 0.5233333333333333 0.030588235294117645 0.11666666666666667
0 0.7717647058823529 0.5225000000000001 0.06117647058823529 0.12166666666666667
0 0.7670588235294117 0.06333333333333334 0.028235294117647056 0.05333333333333334
0 0.8152941176470587 0.5 0.030588235294117645 0.07333333333333333
