0 0.17411764705882352 0.5483333333333333 0.047058823529411764 0.16
0 0.18117647058823527 0.13416666666666668 0.03294117647058823 0.11166666666666668
0 0.21294117647058822 0.10750000000000001 0.03529411764705882 0.058333333333333334
0 0.25176470588235295 0.8450000000000001 0.051764705882352935 0.12666666666666668
0 0.30588235294117644 0.8308333333333334 0.051764705882352935 0.09833333333333334
0 0.6141176470588234 0.5391666666666667 0.042352941176470586 0.11833333333333335
0 0.6517647058823529 0.525 0.03764705882352941 0.09333333333333334
0 0.7505882352941176 0.36750000000000005 0.042352941176470586 0.165
0 0.7894117647058823 0.33333333333333337 0.039999999999999994 0.09666666666666668
0 0.7976470588235294 0.0975 0.03294117647058823 0.07833333333333334
0 0.8294117647058823 0.115 0.03529411764705882 0.11333333333333334
0 0.8294117647058823 0.33416666666666667 0.039999999999999994 0.095
