0 0.11529411764705881 0.8341666666666667 0.06117647058823529 0.10500000000000001
0 0.2176470588235294 0.39333333333333337 0.03529411764705882 0.10333333333333335
0 0.25176470588235295 0.42250000000000004 0.03764705882352941 0.16166666666666668
0 0.31999999999999995 0.7808333333333334 0.03294117647058823 0.10500000000000001
0 0.4917647058823529 0.615 0.03294117647058823 0.07
0 0.5199999999999999 0.6066666666666667 0.03294117647058823 0.05333333333333334
0 0.5494117647058823 0.6258333333333334 0.030588235294117645 0.09166666666666667
0 0.7023529411764705 0.6358333333333334 0.030588235294117645 0.11833333333333335
0 0.7352941176470588 0.35750000000000004 0.03529411764705882 0.13166666666666668
0 0.7752941176470588 0.6516666666666667 0.12 0.15333333333333335
0 0.768235294117647 0.3491666666666667 0.03529411764705882 0.115
