0 0.18117647058823527 0.4025 0.03294117647058823 0.115
0 0.20352941176470588 0.6766666666666667 0.03529411764705882 0.13
0 0.21294117647058822 0.4116666666666667 0.03529411764705882 0.13
0 0.2352941176470588 0.6841666666666667 0.03294117647058823 0.14833333333333334
0 0.24470588235294116 0.42000000000000004 0.03294117647058823 0.15000000000000002
0 0.26941176470588235 0.6675000000000001 0.039999999999999994 0.11166666666666668
0 0.2764705882352941 0.375 0.030588235294117645 0.060000000000000005
0 0.29882352941176465 0.6950000000000001 0.03294117647058823 0.16666666666666669
0 0.43882352941176467 0.6741666666666667 0.03529411764705882 0.13166666666666668
0 0.4717647058823529 0.6558333333333334 0.03529411764705882 0.095
0 0.5035294117647059 0.6391666666666667 0.03294117647058823 0.058333333333333334
0 0.6294117647058823 0.6633333333333333 0.03529411764705882 0.09333333333333334
0 0.6599999999999999 0.6916666666666668 0.03529411764705882 0.15000000000000002
0 0.6929411764705882 0.6825 0.03529411764705882 0.13166666666666668
0 0.7247058823529411 0.6658333333333334 0.03294117647058823 0.095
0 0.8011764705882353 0.6316666666666667 0.025882352941176467 0.043333333333333335
0 0.7999999999999999 0.40750000000000003 0.06588235294117646 0.16833333333333333
0 0.8329411764705882 0.6758333333333334 0.03294117647058823 0.13166666666666668
0 0.848235294117647 0.37083333333333335 0.03529411764705882 0.095
0 0.8647058823529411 0.6666666666666667 0.03529411764705882 0.11333333333333334
0 0.8799999999999999 0.3716666666666667 0.03294117647058823 0.09666666666666668
