0 0.2858823529411764 0.16666666666666669 0.039999999999999994 0.1366666666666667
0 0.32705882352941174 0.14166666666666666 0.042352941176470586 0.09666666666666668
0 0.3670588235294117 0.11833333333333335 0.03764705882352941 0.05
0 0.4894117647058823 0.15833333333333335 0.06117647058823529 0.1366666666666667
0 0.4905882352941176 0.7658333333333334 0.05411764705882353 0.25833333333333336
0 0.5435294117647058 0.7100000000000001 0.047058823529411764 0.12333333333333334
0 0.5329411764705881 0.13333333333333333 0.030588235294117645 0.08666666666666667
0 0.5623529411764705 0.14166666666666666 0.028235294117647056 0.10333333333333335
0 0.5905882352941176 0.11833333333333335 0.03294117647058823 0.05333333333333334
0 0.6 0.7383333333333334 0.051764705882352935 0.19
0 0.7388235294117647 0.11916666666666667 0.03294117647058823 0.10166666666666667
0 0.7741176470588235 0.11833333333333335 0.03764705882352941 0.10333333333333335
