0 0.17411764705882352 0.46166666666666667 0.03294117647058823 0.06333333333333334
0 0.16941176470588235 0.7100000000000001 0.042352941176470586 0.09666666666666668
0 0.20823529411764705 0.49000000000000005 0.03529411764705882 0.12000000000000001
0 0.21058823529411763 0.7316666666666667 0.039999999999999994 0.14
0 0.24470588235294116 0.45083333333333336 0.03294117647058823 0.045000000000000005
0 0.2505882352941176 0.7441666666666668 0.039999999999999994 0.165
0 0.2588235294117647 0.36250000000000004 0.03764705882352941 0.09833333333333334
0 0.2752941176470588 0.09916666666666667 0.03764705882352941 0.07166666666666667
0 0.29058823529411765 0.6983333333333334 0.039999999999999994 0.07333333333333333
0 0.2952941176470588 0.36000000000000004 0.03529411764705882 0.10333333333333335
0 0.32941176470588235 0.34 0.03764705882352941 0.06333333333333334
0 0.42235294117647054 0.14583333333333334 0.030588235294117645 0.07500000000000001
0 0.4541176470588235 0.15583333333333335 0.03294117647058823 0.095
0 0.48588235294117643 0.165 0.03529411764705882 0.11333333333333334
0 0.8035294117647058 0.35000000000000003 0.03529411764705882 0.043333333333333335
0 0.8164705882352941 0.09833333333333334 0.03294117647058823 0.060000000000000005
0 0.8176470588235294 0.6808333333333334 0.03529411764705882 0.08166666666666667
0 0.848235294117647 0.12666666666666668 0.03529411764705882 0.11333333333333334
0 0.8458823529411764 0.37000000000000005 0.04941176470588235 0.08333333333333334
0 0.8517647058823529 0.6916666666666668 0.03764705882352941 0.10333333333333335
0 0.8788235294117647 0.09916666666666667 0.03529411764705882 0.058333333333333334
0 0.888235294117647 0.6908333333333334 0.03529411764705882 0.10166666666666667
