0 0.04757630161579893 0.54625 0.03411131059245961 0.06
0 0.31059245960502696 0.7425 0.5601436265709157 0.2025
0 0.07091561938958707 0.56375 0.01615798922800718 0.0575
0 0.14901256732495513 0.87 0.12567324955116696 0.05
0 0.3770197486535009 0.87875 0.5134649910233393 0.17500000000000002
0 0.12028725314183124 0.5675 0.08617594254937164 0.075
0 0.22262118491921007 0.6525 0.05745062836624776 0.0325
0 0.28096947935368044 0.8325 0.14183123877917414 0.0525
0 0.2639138240574506 0.6425 0.025134649910233394 0.0225
0 0.2666068222621185 0.41875 0.02333931777378815 0.0425
0 0.2908438061041293 0.63375 0.03231597845601436 0.02
0 0.3114901256732496 0.9862500000000001 0.03411131059245961 0.025
0 0.3114901256732496 0.41625 0.07001795332136446 0.125
0 0.3429084380610413 0.98375 0.025134649910233394 0.02
0 0.3680430879712747 0.9762500000000001 0.03231597845601436 0.025
0 0.49461400359066426 0.764375 0.2782764811490126 0.10625
0 0.3985637342908438 0.969375 0.03590664272890485 0.02375
0 0.49551166965888693 0.96875 0.07899461400359067 0.03
0 0.5 0.5750000000000001 0.026929982046678638 0.11
0 0.526032315978456 0.5750000000000001 0.02872531418312388 0.11
0 0.5457809694793537 0.96375 0.025134649910233394 0.025
0 0.5538599640933572 0.551875 0.026929982046678638 0.06375
0 0.6831238779174148 0.89875 0.026929982046678638 0.0475
0 0.7001795332136446 0.5575 0.025134649910233394 0.0575
0 0.7091561938958708 0.89125 0.025134649910233394 0.035
0 0.7360861759425494 0.578125 0.05026929982046679 0.09875
0 0.7639138240574507 0.408125 0.026929982046678638 0.07375
0 0.7845601436265709 0.5775 0.05026929982046679 0.0975
0 0.7899461400359067 0.40125 0.025134649910233394 0.06
0 0.8141831238779175 0.414375 0.026929982046678638 0.08625000000000001
0 0.8195691202872532 0.5437500000000001 0.026929982046678638 0.03
0 0.8402154398563735 0.40125 0.02872531418312388 0.06
0 0.8581687612208259 0.32625 0.025134649910233394 0.075
0 0.8859964093357271 0.55 0.03052064631956912 0.04
