0 0.18941176470588234 0.18333333333333335 0.04941176470588235 0.20333333333333334
0 0.2364705882352941 0.17583333333333334 0.04941176470588235 0.18833333333333335
0 0.27999999999999997 0.17666666666666667 0.042352941176470586 0.18666666666666668
0 0.6811764705882353 0.21666666666666667 0.030588235294117645 0.10333333333333335
0 0.7094117647058823 0.225 0.030588235294117645 0.12000000000000001
0 0.7376470588235293 0.22583333333333336 0.030588235294117645 0.11833333333333335
0 0.7505882352941176 0.43500000000000005 0.03294117647058823 0.10333333333333335
0 0.7741176470588235 0.10666666666666667 0.03294117647058823 0.03666666666666667
0 0.768235294117647 0.21750000000000003 0.030588235294117645 0.10500000000000001
0 0.7870588235294117 0.42500000000000004 0.03529411764705882 0.08333333333333334
0 0.8023529411764705 0.13083333333333333 0.03294117647058823 0.08833333333333333
0 0.8470588235294116 0.13083333333333333 0.06117647058823529 0.08833333333333333
