0 0.18705882352941175 0.3775 0.030588235294117645 0.095
0 0.21999999999999997 0.4041666666666667 0.030588235294117645 0.14833333333333334
0 0.24235294117647058 0.16 0.13176470588235292 0.17333333333333334
0 0.22705882352941176 0.8358333333333334 0.03529411764705882 0.10166666666666667
0 0.25176470588235295 0.36000000000000004 0.03294117647058823 0.05666666666666667
0 0.2611764705882353 0.8166666666666668 0.03764705882352941 0.06333333333333334
0 0.30235294117647055 0.8358333333333334 0.04941176470588235 0.10166666666666667
0 0.36588235294117644 0.765 0.03529411764705882 0.08333333333333334
0 0.5541176470588235 0.37333333333333335 0.03529411764705882 0.043333333333333335
0 0.5235294117647058 0.62 0.18588235294117644 0.03333333333333333
0 0.6505882352941176 0.6808333333333334 0.011764705882352941 0.008333333333333333
0 0.6835294117647058 0.3791666666666667 0.03529411764705882 0.058333333333333334
0 0.7164705882352941 0.3875 0.03529411764705882 0.07833333333333334
0 0.7364705882352941 0.8075000000000001 0.042352941176470586 0.14166666666666666
0 0.776470588235294 0.8083333333333333 0.042352941176470586 0.14333333333333334
0 0.7835294117647058 0.1625 0.06588235294117646 0.115
0 0.8164705882352941 0.8083333333333333 0.042352941176470586 0.14333333333333334
0 0.8317647058823529 0.1366666666666667 0.03529411764705882 0.060000000000000005
0 0.8847058823529411 0.3716666666666667 0.03294117647058823 0.09333333333333334
0 0.9176470588235294 0.35250000000000004 0.03294117647058823 0.058333333333333334
