0 0.1376470588235294 0.11750000000000001 0.030588235294117645 0.055
0 0.1976470588235294 0.13333333333333333 0.09411764705882353 0.08666666666666667
0 0.21411764705882352 0.3916666666666667 0.06117647058823529 0.12000000000000001
0 0.2564705882352941 0.375 0.03294117647058823 0.08666666666666667
0 0.44352941176470584 0.3716666666666667 0.030588235294117645 0.07
0 0.4870588235294117 0.3616666666666667 0.06117647058823529 0.05333333333333334
0 0.6223529411764706 0.17333333333333334 0.030588235294117645 0.12000000000000001
0 0.6799999999999999 0.16416666666666668 0.08941176470588234 0.10500000000000001
0 0.7670588235294117 0.10166666666666667 0.028235294117647056 0.05333333333333334
0 0.7635294117647058 0.8525 0.039999999999999994 0.11833333333333335
0 0.776470588235294 0.3925 0.03294117647058823 0.10500000000000001
0 0.7952941176470587 0.11750000000000001 0.03294117647058823 0.08833333333333333
0 0.8047058823529412 0.8300000000000001 0.03764705882352941 0.07
0 0.8058823529411764 0.4 0.030588235294117645 0.12000000000000001
0 0.8247058823529411 0.11833333333333335 0.030588235294117645 0.08666666666666667
0 0.8364705882352941 0.38583333333333336 0.03529411764705882 0.09166666666666667
