0 0.05834829443447038 0.166875 0.03770197486535009 0.051250000000000004
0 0.08797127468581688 0.55375 0.02872531418312388 0.0725
0 0.09066427289048475 0.17875 0.01615798922800718 0.045
0 0.12028725314183124 0.5725 0.03231597845601436 0.1075
0 0.10771992818671455 0.15625 0.02154398563734291 0.03
0 0.13375224416517056 0.353125 0.03770197486535009 0.07125000000000001
0 0.13734290843806105 0.8575 0.026929982046678638 0.065
0 0.16337522441651706 0.15 0.02154398563734291 0.045
0 0.1732495511669659 0.364375 0.03770197486535009 0.09375
0 0.1651705565529623 0.849375 0.02872531418312388 0.051250000000000004
0 0.1813285457809695 0.7325 0.02872531418312388 0.0825
0 0.19569120287253142 0.15375 0.02872531418312388 0.055
0 0.19299820466786355 0.87375 0.03052064631956912 0.095
0 0.24865350089766608 0.16875 0.01974865350089767 0.0425
0 0.2782764811490126 0.170625 0.03231597845601436 0.04875
0 0.6696588868940754 0.585 0.02872531418312388 0.095
0 0.677737881508079 0.69875 0.01615798922800718 0.015
0 0.6876122082585279 0.884375 0.03590664272890485 0.043750000000000004
0 0.710951526032316 0.5925 0.05745062836624776 0.11
0 0.7154398563734291 0.7325 0.05206463195691203 0.08750000000000001
0 0.7477558348294435 0.330625 0.02333931777378815 0.04125
0 0.751346499102334 0.704375 0.026929982046678638 0.03125
0 0.7755834829443448 0.3375 0.03231597845601436 0.0475
0 0.7854578096947936 0.129375 0.03411131059245961 0.07875
0 0.8078994614003591 0.5650000000000001 0.02872531418312388 0.125
0 0.8204667863554758 0.129375 0.03231597845601436 0.08125
0 0.8213644524236984 0.33375 0.02333931777378815 0.04
0 0.848294434470377 0.336875 0.03052064631956912 0.043750000000000004
0 0.8357271095152603 0.5425 0.03052064631956912 0.08
0 0.8572710951526032 0.11 0.026929982046678638 0.0425
0 0.8599640933572711 0.389375 0.017953321364452424 0.03625
0 0.8833034111310593 0.39625 0.025134649910233394 0.04
0 0.8761220825852784 0.5725 0.05745062836624776 0.14
