0 0.17058823529411762 0.7741666666666667 0.07294117647058823 0.16166666666666668
0 0.16823529411764704 0.1875 0.10117647058823528 0.16833333333333333
0 0.22235294117647056 0.7741666666666667 0.03529411764705882 0.16166666666666668
0 0.25999999999999995 0.755 0.04470588235294117 0.12333333333333334
0 0.2788235294117647 0.7091666666666667 0.011764705882352941 0.008333333333333333
0 0.3917647058823529 0.10500000000000001 0.030588235294117645 0.08666666666666667
0 0.42 0.5058333333333334 0.04941176470588235 0.058333333333333334
0 0.42117647058823526 0.10500000000000001 0.03294117647058823 0.08666666666666667
0 0.46470588235294114 0.12166666666666667 0.0588235294117647 0.12000000000000001
0 0.7647058823529411 0.22916666666666669 0.03294117647058823 0.03833333333333334
0 0.7435294117647058 0.47250000000000003 0.0988235294117647 0.16833333333333333
0 0.8094117647058823 0.26583333333333337 0.06117647058823529 0.11166666666666668
0 0.7929411764705881 0.775 0.03764705882352941 0.16333333333333333
0 0.8235294117647058 0.4733333333333334 0.06588235294117646 0.16666666666666669
0 0.828235294117647 0.7658333333333334 0.03764705882352941 0.14166666666666666
0 0.8294117647058823 0.095 0.030588235294117645 0.03666666666666667
0 0.8529411764705882 0.24916666666666668 0.030588235294117645 0.07833333333333334
0 0.8647058823529411 0.7558333333333334 0.039999999999999994 0.125
0 0.8729411764705881 0.1275 0.06117647058823529 0.10500000000000001
