0 0.12588235294117647 0.7783333333333334 0.03529411764705882 0.10333333333333335
0 0.15999999999999998 0.7783333333333334 0.03764705882352941 0.10333333333333335
0 0.1729411764705882 0.6633333333333333 0.03529411764705882 0.08
0 0.19999999999999998 0.20750000000000002 0.03294117647058823 0.13166666666666668
0 0.21294117647058822 0.4608333333333334 0.030588235294117645 0.095
0 0.20941176470588233 0.6633333333333333 0.03764705882352941 0.09000000000000001
0 0.23058823529411762 0.19 0.03294117647058823 0.09333333333333334
0 0.24352941176470586 0.47000000000000003 0.03529411764705882 0.11333333333333334
0 0.268235294117647 0.17250000000000001 0.047058823529411764 0.058333333333333334
0 0.4541176470588235 0.6908333333333334 0.06588235294117646 0.13166666666666668
0 0.5176470588235293 0.6816666666666668 0.06588235294117646 0.11333333333333334
0 0.7576470588235293 0.17666666666666667 0.06588235294117646 0.11333333333333334
0 0.768235294117647 0.44333333333333336 0.03529411764705882 0.07333333333333333
0 0.788235294117647 0.6733333333333333 0.03764705882352941 0.12333333333333334
0 0.8058823529411764 0.15000000000000002 0.03529411764705882 0.060000000000000005
