0 0.11294117647058823 0.4891666666666667 0.05647058823529411 0.08833333333333333
0 0.12705882352941175 0.8500000000000001 0.03294117647058823 0.060000000000000005
0 0.14941176470588233 0.23500000000000001 0.039999999999999994 0.12000000000000001
0 0.1564705882352941 0.48000000000000004 0.030588235294117645 0.07
0 0.1564705882352941 0.8683333333333334 0.03529411764705882 0.09666666666666668
0 0.18941176470588234 0.8591666666666667 0.030588235294117645 0.07500000000000001
0 0.18588235294117644 0.4966666666666667 0.03294117647058823 0.10333333333333335
0 0.18941176470588234 0.24583333333333335 0.039999999999999994 0.14166666666666666
0 0.23058823529411762 0.24583333333333335 0.042352941176470586 0.14166666666666666
0 0.28823529411764703 0.5291666666666667 0.030588235294117645 0.05166666666666667
0 0.3117647058823529 0.7958333333333334 0.03529411764705882 0.085
0 0.34823529411764703 0.785 0.03294117647058823 0.06666666666666667
0 0.3752941176470588 0.4891666666666667 0.09176470588235293 0.10500000000000001
0 0.5411764705882353 0.5008333333333334 0.03764705882352941 0.04833333333333334
0 0.668235294117647 0.035833333333333335 0.028235294117647056 0.07166666666666667
0 0.7411764705882352 0.7966666666666667 0.03294117647058823 0.08
0 0.7541176470588234 0.11333333333333334 0.039999999999999994 0.05666666666666667
0 0.7729411764705881 0.805 0.03529411764705882 0.09666666666666668
0 0.8058823529411764 0.7875000000000001 0.03529411764705882 0.058333333333333334
