0 0.10323159784560144 0.84 0.026929982046678638 0.0775
0 0.13016157989228008 0.818125 0.026929982046678638 0.03375
0 0.14991023339317774 0.405625 0.03052064631956912 0.08875
0 0.1570915619389587 0.771875 0.026929982046678638 0.058750000000000004
0 0.1822262118491921 0.7575000000000001 0.026929982046678638 0.0325
0 0.4263913824057451 0.796875 0.026929982046678638 0.06125
0 0.4524236983842011 0.80375 0.025134649910233394 0.075
0 0.5251346499102334 0.864375 0.026929982046678638 0.06625
0 0.5538599640933572 0.8725 0.026929982046678638 0.08
0 0.5807899461400359 0.8718750000000001 0.026929982046678638 0.08125
0 0.5978456014362658 0.369375 0.0466786355475763 0.058750000000000004
0 0.6337522441651706 0.385 0.017953321364452424 0.0125
0 0.744165170556553 0.623125 0.03411131059245961 0.06375
0 0.7809694793536804 0.623125 0.03590664272890485 0.06625
0 0.8213644524236984 0.791875 0.026929982046678638 0.09125
0 0.8464991023339318 0.7775 0.026929982046678638 0.0625
0 0.8725314183123878 0.785 0.02872531418312388 0.0775
0 0.8949730700179533 0.32125 0.04847396768402155 0.0675
