0 0.18823529411764706 0.8008333333333334 0.03764705882352941 0.065
0 0.23176470588235293 0.3791666666666667 0.03529411764705882 0.04166666666666667
0 0.22117647058823528 0.14666666666666667 0.03294117647058823 0.09666666666666668
0 0.2529411764705882 0.16416666666666668 0.03529411764705882 0.13166666666666668
0 0.26235294117647057 0.4058333333333334 0.03529411764705882 0.095
0 0.2823529411764706 0.5850000000000001 0.03764705882352941 0.06333333333333334
0 0.28470588235294114 0.14666666666666667 0.03294117647058823 0.09666666666666668
0 0.4164705882352941 0.5950000000000001 0.06117647058823529 0.14333333333333334
0 0.46705882352941175 0.3416666666666667 0.03529411764705882 0.04
0 0.4741176470588235 0.5658333333333334 0.0588235294117647 0.09166666666666667
0 0.49882352941176467 0.36833333333333335 0.03294117647058823 0.09333333333333334
0 0.5176470588235293 0.5683333333333334 0.03294117647058823 0.08666666666666667
0 0.8105882352941176 0.39666666666666667 0.030588235294117645 0.12000000000000001
0 0.8258823529411764 0.1125 0.03764705882352941 0.065
0 0.84 0.38083333333333336 0.03294117647058823 0.08833333333333333
0 0.8470588235294116 0.5733333333333334 0.03294117647058823 0.07666666666666667
0 0.8435294117647059 0.7958333333333334 0.07294117647058823 0.10500000000000001
0 0.8611764705882352 0.1125 0.03764705882352941 0.065
0 0.8788235294117647 0.5741666666666667 0.03529411764705882 0.07833333333333334
0 0.896470588235294 0.7958333333333334 0.03764705882352941 0.10500000000000001
0 0.9117647058823528 0.5741666666666667 0.03529411764705882 0.07833333333333334
