0 0.1164705882352941 0.14833333333333334 0.030588235294117645 0.04
0 0.13058823529411764 0.4041666666666667 0.030588235294117645 0.085
0 0.1341176470588235 0.75 0.03764705882352941 0.11666666666666667
0 0.14823529411764705 0.18416666666666667 0.03294117647058823 0.11166666666666668
0 0.15999999999999998 0.4041666666666667 0.03294117647058823 0.08833333333333333
0 0.1788235294117647 0.18333333333333335 0.03294117647058823 0.11
0 0.1752941176470588 0.7258333333333333 0.039999999999999994 0.07166666666666667
0 0.20235294117647057 0.5391666666666667 0.028235294117647056 0.08833333333333333
0 0.21058823529411763 0.16583333333333333 0.03529411764705882 0.07833333333333334
0 0.21411764705882352 0.7383333333333334 0.042352941176470586 0.09666666666666668
0 0.23058823529411762 0.5375000000000001 0.03294117647058823 0.08833333333333333
0 0.27058823529411763 0.08750000000000001 0.03294117647058823 0.058333333333333334
0 0.32235294117647056 0.42500000000000004 0.06117647058823529 0.10333333333333335
0 0.36588235294117644 0.41750000000000004 0.03529411764705882 0.085
0 0.46470588235294114 0.36500000000000005 0.025882352941176467 0.03666666666666667
0 0.4929411764705882 0.38 0.030588235294117645 0.07
0 0.6047058823529411 0.3866666666666667 0.03294117647058823 0.08666666666666667
0 0.7399999999999999 0.12000000000000001 0.03529411764705882 0.09666666666666668
0 0.7423529411764705 0.3766666666666667 0.030588235294117645 0.08666666666666667
0 0.7705882352941176 0.39333333333333337 0.030588235294117645 0.12000000000000001
0 0.7670588235294117 0.7216666666666667 0.03294117647058823 0.05
0 0.7705882352941176 0.1125 0.03529411764705882 0.07833333333333334
0 0.7999999999999999 0.3841666666666667 0.03294117647058823 0.10500000000000001
0 0.8035294117647058 0.10250000000000001 0.03529411764705882 0.058333333333333334
0 0.828235294117647 0.36833333333333335 0.028235294117647056 0.07
0 0.8352941176470587 0.11166666666666668 0.03294117647058823 0.07666666666666667
