0 0.18235294117647058 0.7433333333333334 0.03529411764705882 0.12333333333333334
0 0.19176470588235292 0.49583333333333335 0.03529411764705882 0.10500000000000001
0 0.2176470588235294 0.7133333333333334 0.03529411764705882 0.060000000000000005
0 0.6188235294117647 0.16833333333333333 0.03764705882352941 0.12000000000000001
0 0.6211764705882352 0.4675 0.028235294117647056 0.07500000000000001
0 0.6599999999999999 0.19333333333333336 0.039999999999999994 0.16
0 0.6694117647058823 0.76 0.04470588235294117 0.18333333333333335
0 0.7070588235294117 0.19583333333333336 0.05411764705882353 0.17500000000000002
0 0.7164705882352941 0.755 0.05411764705882353 0.17333333333333334
0 0.7541176470588234 0.17916666666666667 0.039999999999999994 0.14166666666666666
0 0.7705882352941176 0.765 0.05411764705882353 0.19333333333333336
