0 0.14705882352941174 0.7683333333333334 0.03529411764705882 0.09666666666666668
0 0.1788235294117647 0.7425 0.03294117647058823 0.03833333333333334
0 0.4305882352941176 0.7475 0.03294117647058823 0.08833333333333333
0 0.45999999999999996 0.7575000000000001 0.030588235294117645 0.10833333333333334
0 0.45999999999999996 0.9025000000000001 0.11529411764705881 0.08833333333333333
0 0.5023529411764706 0.7566666666666667 0.0588235294117647 0.10333333333333335
0 0.49999999999999994 0.0975 0.04470588235294117 0.058333333333333334
0 0.5458823529411764 0.7225 0.03294117647058823 0.03833333333333334
0 0.7623529411764706 0.7308333333333333 0.03294117647058823 0.07833333333333334
0 0.7941176470588235 0.7483333333333334 0.030588235294117645 0.11333333333333334
0 0.8247058823529411 0.7125 0.030588235294117645 0.04166666666666667
