0 0.17176470588235293 0.35750000000000004 0.03294117647058823 0.14833333333333334
0 0.20352941176470588 0.33916666666666667 0.03529411764705882 0.11166666666666668
0 0.21411764705882352 0.8291666666666667 0.03294117647058823 0.03833333333333334
0 0.2341176470588235 0.33083333333333337 0.030588235294117645 0.095
0 0.24588235294117644 0.8733333333333334 0.03529411764705882 0.13
0 0.2776470588235294 0.8650000000000001 0.03294117647058823 0.11333333333333334
0 0.3117647058823529 0.6791666666666667 0.03529411764705882 0.115
0 0.34352941176470586 0.6783333333333333 0.03294117647058823 0.11333333333333334
0 0.4329411764705882 0.5616666666666666 0.03294117647058823 0.09333333333333334
0 0.468235294117647 0.5733333333333334 0.042352941176470586 0.12000000000000001
0 0.508235294117647 0.5966666666666667 0.042352941176470586 0.16666666666666669
0 0.5447058823529412 0.535 0.030588235294117645 0.04
0 0.7741176470588235 0.6916666666666668 0.03294117647058823 0.07666666666666667
0 0.7870588235294117 0.30083333333333334 0.030588235294117645 0.07500000000000001
0 0.8058823529411764 0.8525 0.030588235294117645 0.058333333333333334
0 0.8070588235294117 0.6925 0.03294117647058823 0.07500000000000001
0 0.8188235294117646 0.3191666666666667 0.03294117647058823 0.11166666666666668
0 0.8329411764705882 0.5800000000000001 0.042352941176470586 0.1366666666666667
0 0.8505882352941175 0.3016666666666667 0.030588235294117645 0.07666666666666667
0 0.8870588235294117 0.5683333333333334 0.07058823529411765 0.11333333333333334
0 0.8941176470588235 0.25333333333333335 0.028235294117647056 0.05666666666666667
