0 0.12208258527827648 0.3525 0.02872531418312388 0.11750000000000001
0 0.13375224416517056 0.15125 0.03052064631956912 0.135
0 0.14272890484739678 0.8325 0.03052064631956912 0.0525
0 0.14991023339317774 0.33625 0.03052064631956912 0.085
0 0.15350089766606823 0.670625 0.02333931777378815 0.03125
0 0.16247755834829444 0.135625 0.03052064631956912 0.09875
0 0.1732495511669659 0.57375 0.02333931777378815 0.0525
0 0.17145421903052066 0.81625 0.026929982046678638 0.02
0 0.19658886894075406 0.150625 0.04129263913824058 0.13375
0 0.35637342908438063 0.5 0.026929982046678638 0.0325
0 0.36175942549371637 0.2925 0.02333931777378815 0.045
0 0.38420107719928187 0.299375 0.02154398563734291 0.05625
0 0.40754039497307004 0.285625 0.02154398563734291 0.03125
0 0.5745062836624776 0.500625 0.02872531418312388 0.02125
0 0.6292639138240574 0.093125 0.03411131059245961 0.09625
0 0.6337522441651706 0.3125 0.02872531418312388 0.0675
0 0.6615798922800719 0.07375 0.03411131059245961 0.0575
0 0.6606822262118492 0.3125 0.02872531418312388 0.0675
0 0.6705565529622981 0.8562500000000001 0.026929982046678638 0.11
0 0.6894075403949731 0.3125 0.025134649910233394 0.0675
0 0.6974865350089767 0.834375 0.026929982046678638 0.06375
0 0.7217235188509875 0.520625 0.02872531418312388 0.051250000000000004
0 0.7495511669658887 0.5275 0.026929982046678638 0.065
0 0.7737881508078995 0.39375 0.03231597845601436 0.04
0 0.8007181328545782 0.7875 0.02872531418312388 0.0975
0 0.8240574506283663 0.33 0.03231597845601436 0.0425
0 0.829443447037702 0.795 0.02872531418312388 0.1125
