0 0.1788235294117647 0.10166666666666667 0.028235294117647056 0.07666666666666667
0 0.20588235294117646 0.4866666666666667 0.030588235294117645 0.09333333333333334
0 0.20823529411764705 0.1275 0.03529411764705882 0.13166666666666668
0 0.24352941176470586 0.11083333333333334 0.039999999999999994 0.095
0 0.23882352941176468 0.4591666666666667 0.030588235294117645 0.03833333333333334
0 0.4023529411764706 0.7225 0.03764705882352941 0.10166666666666667
0 0.4976470588235294 0.10166666666666667 0.03529411764705882 0.11333333333333334
0 0.5294117647058824 0.09416666666666668 0.03294117647058823 0.095
0 0.6094117647058823 0.7033333333333334 0.08470588235294117 0.03666666666666667
0 0.7470588235294117 0.45333333333333337 0.030588235294117645 0.07666666666666667
0 0.7776470588235294 0.44583333333333336 0.03529411764705882 0.058333333333333334
0 0.8047058823529412 0.14833333333333334 0.03294117647058823 0.11333333333333334
0 0.8117647058823528 0.45333333333333337 0.03294117647058823 0.07666666666666667
0 0.8223529411764705 0.7116666666666667 0.03529411764705882 0.11333333333333334
0 0.8411764705882352 0.4716666666666667 0.03529411764705882 0.11333333333333334
0 0.8364705882352941 0.1325 0.03529411764705882 0.08166666666666667
0 0.8541176470588234 0.7016666666666667 0.03294117647058823 0.09333333333333334
0 0.8694117647058823 0.16583333333333333 0.03529411764705882 0.14833333333333334
0 0.8858823529411763 0.7291666666666667 0.03529411764705882 0.14833333333333334
0 0.9011764705882352 0.14083333333333334 0.03294117647058823 0.09166666666666667
0 0.9176470588235294 0.6950000000000001 0.03294117647058823 0.08
