0 0.1941176470588235 0.135 0.030588235294117645 0.05666666666666667
0 0.22588235294117645 0.14333333333333334 0.03294117647058823 0.07333333333333333
0 0.4694117647058823 0.10250000000000001 0.030588235294117645 0.07500000000000001
0 0.7070588235294117 0.10166666666666667 0.030588235294117645 0.09333333333333334
0 0.72 0.6808333333333334 0.03294117647058823 0.058333333333333334
0 0.7505882352941176 0.7075 0.03294117647058823 0.115
0 0.7835294117647058 0.6991666666666667 0.03294117647058823 0.095
0 0.8152941176470587 0.6891666666666667 0.03529411764705882 0.07833333333333334
0 0.8211764705882352 0.3925 0.047058823529411764 0.10833333333333334
0 0.8235294117647058 0.12416666666666668 0.03294117647058823 0.07833333333333334
0 0.8552941176470588 0.1325 0.03529411764705882 0.095
0 0.8870588235294117 0.12416666666666668 0.03294117647058823 0.07500000000000001
