0 0.1941176470588235 0.8300000000000001 0.030588235294117645 0.13333333333333333
0 0.2011764705882353 0.3975 0.039999999999999994 0.10833333333333334
0 0.3317647058823529 0.3516666666666667 0.03764705882352941 0.11666666666666667
0 0.3729411764705882 0.3275 0.039999999999999994 0.07166666666666667
0 0.4129411764705882 0.35083333333333333 0.039999999999999994 0.115
0 0.7517647058823529 0.135 0.030588235294117645 0.15666666666666668
0 0.7858823529411764 0.08833333333333333 0.03294117647058823 0.06333333333333334
0 0.8364705882352941 0.35250000000000004 0.039999999999999994 0.095
0 0.876470588235294 0.3516666666666667 0.039999999999999994 0.09666666666666668
0 0.9176470588235294 0.3408333333333334 0.042352941176470586 0.07500000000000001
