0 0.13176470588235292 0.16166666666666668 0.03764705882352941 0.12333333333333334
0 0.1588235294117647 0.8816666666666667 0.0776470588235294 0.12333333333333334
0 0.16588235294117645 0.16166666666666668 0.039999999999999994 0.12333333333333334
0 0.1776470588235294 0.6533333333333333 0.03529411764705882 0.06333333333333334
0 0.2011764705882353 0.15166666666666667 0.03529411764705882 0.10333333333333335
0 0.2364705882352941 0.15333333333333335 0.03529411764705882 0.10333333333333335
0 0.3705882352941176 0.685 0.12941176470588234 0.15000000000000002
0 0.4694117647058823 0.64 0.03529411764705882 0.07666666666666667
0 0.6247058823529411 0.6433333333333334 0.030588235294117645 0.09333333333333334
0 0.656470588235294 0.6516666666666667 0.03294117647058823 0.11333333333333334
0 0.688235294117647 0.67 0.03529411764705882 0.15000000000000002
0 0.6964705882352941 0.13833333333333334 0.047058823529411764 0.12333333333333334
0 0.72 0.6608333333333334 0.03294117647058823 0.13166666666666668
0 0.7364705882352941 0.11916666666666667 0.03764705882352941 0.085
0 0.7517647058823529 0.4116666666666667 0.03529411764705882 0.15000000000000002
0 0.7717647058823529 0.14833333333333334 0.03764705882352941 0.14333333333333334
0 0.7835294117647058 0.39416666666666667 0.03294117647058823 0.115
0 0.7929411764705881 0.6133333333333334 0.03294117647058823 0.060000000000000005
0 0.8058823529411764 0.1575 0.03529411764705882 0.16166666666666668
0 0.8247058823529411 0.6316666666666667 0.03529411764705882 0.09666666666666668
0 0.8411764705882352 0.12833333333333335 0.03529411764705882 0.10333333333333335
0 0.8223529411764705 0.4216666666666667 0.04470588235294117 0.16666666666666669
