0 0.12705882352941175 0.5041666666666667 0.03294117647058823 0.08166666666666667
0 0.13529411764705881 0.6991666666666667 0.030588235294117645 0.08166666666666667
0 0.15999999999999998 0.4941666666666667 0.03764705882352941 0.065
0 0.18823529411764706 0.18333333333333335 0.042352941176470586 0.09666666666666668
0 0.22823529411764704 0.21833333333333335 0.042352941176470586 0.16666666666666669
0 0.26588235294117646 0.18916666666666668 0.03764705882352941 0.10833333333333334
0 0.30117647058823527 0.17750000000000002 0.03764705882352941 0.085
0 0.3988235294117647 0.10916666666666668 0.03529411764705882 0.07833333333333334
0 0.4317647058823529 0.1 0.03529411764705882 0.060000000000000005
0 0.6258823529411764 0.7166666666666667 0.042352941176470586 0.10666666666666667
0 0.6658823529411764 0.7008333333333334 0.042352941176470586 0.07500000000000001
0 0.7011764705882352 0.7025 0.03294117647058823 0.07833333333333334
0 0.72 0.15666666666666668 0.06588235294117646 0.17
0 0.7635294117647058 0.4291666666666667 0.030588235294117645 0.08833333333333333
0 0.7623529411764706 0.6900000000000001 0.03294117647058823 0.11333333333333334
0 0.7717647058823529 0.15583333333333335 0.042352941176470586 0.16833333333333333
0 0.7988235294117646 0.4133333333333334 0.04470588235294117 0.05666666666666667
0 0.8082352941176469 0.12916666666666668 0.03529411764705882 0.115
0 0.8105882352941176 0.6983333333333334 0.06823529411764705 0.13333333333333333
