0 0.1952941176470588 0.26916666666666667 0.03294117647058823 0.095
0 0.22117647058823528 0.8516666666666667 0.03764705882352941 0.05
0 0.24235294117647058 0.26833333333333337 0.06588235294117646 0.09333333333333334
0 0.26235294117647057 0.48500000000000004 0.03529411764705882 0.11333333333333334
0 0.26235294117647057 0.8616666666666667 0.039999999999999994 0.07333333333333333
0 0.2964705882352941 0.4666666666666667 0.028235294117647056 0.07666666666666667
0 0.3317647058823529 0.4758333333333334 0.047058823529411764 0.095
0 0.42235294117647054 0.10166666666666667 0.030588235294117645 0.04
0 0.4529411764705882 0.12916666666666668 0.03529411764705882 0.095
0 0.48470588235294115 0.12000000000000001 0.03294117647058823 0.07666666666666667
0 0.49647058823529405 0.5058333333333334 0.03764705882352941 0.095
0 0.5176470588235293 0.11083333333333334 0.03294117647058823 0.058333333333333334
0 0.5341176470588235 0.48833333333333334 0.047058823529411764 0.060000000000000005
0 0.6894117647058823 0.8258333333333334 0.03294117647058823 0.10166666666666667
0 0.7247058823529411 0.8366666666666667 0.03764705882352941 0.12333333333333334
0 0.7388235294117647 0.20750000000000002 0.03294117647058823 0.11166666666666668
0 0.7870588235294117 0.8450000000000001 0.09176470588235293 0.14333333333333334
0 0.7705882352941176 0.21000000000000002 0.030588235294117645 0.11
0 0.7941176470588235 0.48333333333333334 0.03529411764705882 0.07666666666666667
0 0.8011764705882353 0.21166666666666667 0.03529411764705882 0.10666666666666667
0 0.8176470588235294 0.09166666666666667 0.030588235294117645 0.04
0 0.8447058823529411 0.5191666666666667 0.07058823529411765 0.14833333333333334
0 0.848235294117647 0.1275 0.03529411764705882 0.11166666666666668
0 0.8799999999999999 0.11916666666666667 0.03294117647058823 0.095
0 0.908235294117647 0.2675 0.028235294117647056 0.055
