0 0.0776470588235294 0.23 0.03294117647058823 0.09666666666666668
0 0.10941176470588235 0.22083333333333335 0.030588235294117645 0.07500000000000001
0 0.14235294117647057 0.21083333333333334 0.03529411764705882 0.058333333333333334
0 0.1776470588235294 0.6991666666666667 0.03529411764705882 0.12166666666666667
0 0.18705882352941175 0.10916666666666668 0.03529411764705882 0.13166666666666668
0 0.18823529411764706 0.45583333333333337 0.03294117647058823 0.13166666666666668
0 0.21294117647058822 0.6983333333333334 0.03529411764705882 0.12333333333333334
0 0.22117647058823528 0.11916666666666667 0.03294117647058823 0.14833333333333334
0 0.21999999999999997 0.4291666666666667 0.03529411764705882 0.07500000000000001
0 0.25176470588235295 0.4466666666666667 0.03294117647058823 0.11333333333333334
0 0.36470588235294116 0.7783333333333334 0.03764705882352941 0.14
0 0.4058823529411764 0.7775000000000001 0.039999999999999994 0.14166666666666666
0 0.5199999999999999 0.095 0.03294117647058823 0.09333333333333334
0 0.7129411764705882 0.4041666666666667 0.03294117647058823 0.095
0 0.7623529411764706 0.43083333333333335 0.06588235294117646 0.14833333333333334
0 0.7541176470588234 0.11750000000000001 0.03529411764705882 0.095
0 0.7494117647058823 0.6416666666666667 0.03529411764705882 0.08
0 0.7858823529411764 0.1 0.03294117647058823 0.05666666666666667
0 0.7847058823529411 0.6808333333333334 0.03529411764705882 0.16166666666666668
0 0.8082352941176469 0.4066666666666667 0.03529411764705882 0.1
0 0.8176470588235294 0.12666666666666668 0.03529411764705882 0.11333333333333334
0 0.82 0.6416666666666667 0.03529411764705882 0.08333333333333334
