0 0.12235294117647058 0.39083333333333337 0.03294117647058823 0.04833333333333334
0 0.14470588235294116 0.8716666666666667 0.039999999999999994 0.043333333333333335
0 0.15999999999999998 0.1325 0.042352941176470586 0.07166666666666667
0 0.2011764705882353 0.12000000000000001 0.039999999999999994 0.05
0 0.24941176470588233 0.6691666666666667 0.03294117647058823 0.12166666666666667
0 0.28470588235294114 0.6875 0.03764705882352941 0.16166666666666668
0 0.3188235294117647 0.6883333333333334 0.03529411764705882 0.16
0 0.3494117647058823 0.10333333333333335 0.030588235294117645 0.05666666666666667
0 0.3764705882352941 0.35500000000000004 0.03294117647058823 0.07666666666666667
0 0.37999999999999995 0.13 0.03529411764705882 0.11333333333333334
0 0.4105882352941176 0.13166666666666668 0.030588235294117645 0.11
0 0.4447058823529411 0.1391666666666667 0.03294117647058823 0.13166666666666668
0 0.5752941176470587 0.38 0.03529411764705882 0.10333333333333335
0 0.6117647058823529 0.38 0.03294117647058823 0.10333333333333335
0 0.6788235294117646 0.6641666666666667 0.03529411764705882 0.14166666666666666
0 0.7141176470588234 0.6541666666666667 0.03529411764705882 0.12166666666666667
0 0.7623529411764706 0.14 0.06588235294117646 0.13
0 0.748235294117647 0.6666666666666667 0.03764705882352941 0.14666666666666667
0 0.7623529411764706 0.35500000000000004 0.03294117647058823 0.04
0 0.8035294117647058 0.6558333333333334 0.0776470588235294 0.12166666666666667
0 0.7952941176470587 0.3775 0.03764705882352941 0.085
0 0.8105882352941176 0.1325 0.03529411764705882 0.11833333333333335
0 0.8294117647058823 0.3666666666666667 0.03529411764705882 0.06333333333333334
