0 0.1176470588235294 0.3916666666666667 0.047058823529411764 0.12666666666666668
0 0.18823529411764706 0.8108333333333334 0.07999999999999999 0.165
0 0.17176470588235293 0.4083333333333334 0.051764705882352935 0.16
0 0.22823529411764704 0.3925 0.051764705882352935 0.12833333333333335
0 0.24823529411764703 0.8108333333333334 0.039999999999999994 0.165
0 0.7035294117647058 0.38 0.06588235294117646 0.2066666666666667
0 0.7294117647058823 0.7591666666666668 0.042352941176470586 0.14166666666666666
0 0.7694117647058822 0.7508333333333334 0.042352941176470586 0.125
0 0.7670588235294117 0.3741666666666667 0.051764705882352935 0.18833333333333335
0 0.8094117647058823 0.7941666666666667 0.042352941176470586 0.21166666666666667
0 0.8211764705882352 0.10583333333333333 0.03294117647058823 0.08166666666666667
0 0.8223529411764705 0.37083333333333335 0.05411764705882353 0.19166666666666668
0 0.8517647058823529 0.7958333333333334 0.042352941176470586 0.21166666666666667
0 0.8788235294117647 0.8541666666666667 0.011764705882352941 0.008333333333333333
