0 0.1319569120287253 0.1275 0.03052064631956912 0.0525
0 0.13824057450628366 0.453125 0.025134649910233394 0.04625
0 0.16247755834829444 0.12875 0.03052064631956912 0.055
0 0.16696588868940754 0.401875 0.03590664272890485 0.17375000000000002
0 0.1867145421903052 0.445625 0.025134649910233394 0.02875
0 0.2073608617594255 0.36375 0.04847396768402155 0.0975
0 0.2073608617594255 0.10875 0.03052064631956912 0.0225
0 0.3240574506283663 0.1125 0.02333931777378815 0.0525
0 0.34470377019748655 0.11875000000000001 0.02154398563734291 0.065
0 0.4515260323159785 0.5593750000000001 0.03411131059245961 0.09875
0 0.5637342908438061 0.551875 0.02872531418312388 0.06625
0 0.5915619389587073 0.543125 0.03052064631956912 0.051250000000000004
0 0.7549371633752244 0.200625 0.026929982046678638 0.09625
0 0.755834829443447 0.878125 0.02872531418312388 0.09125
0 0.7791741472172352 0.18125 0.025134649910233394 0.0575
0 0.781867145421903 0.87 0.026929982046678638 0.08
0 0.8052064631956912 0.20125 0.03052064631956912 0.0975
0 0.8087971274685817 0.878125 0.026929982046678638 0.09375
0 0.8150807899461401 0.395 0.025134649910233394 0.11
0 0.8150807899461401 0.54 0.03231597845601436 0.0175
0 0.8213644524236984 0.1 0.026929982046678638 0.0475
0 0.836624775583483 0.8768750000000001 0.02872531418312388 0.09375
0 0.8384201077199283 0.39375 0.025134649910233394 0.1125
0 0.8447037701974865 0.5475 0.03052064631956912 0.0175
0 0.8473967684021544 0.1075 0.02872531418312388 0.0625
0 0.862657091561939 0.86375 0.03052064631956912 0.06
0 0.862657091561939 0.381875 0.026929982046678638 0.08125
0 0.8850987432675045 0.361875 0.025134649910233394 0.043750000000000004
0 0.8833034111310593 0.53625 0.03231597845601436 0.0175
0 0.9156193895870737 0.54625 0.02872531418312388 0.0175
