0 0.13999999999999999 0.41583333333333333 0.03529411764705882 0.10500000000000001
0 0.14823529411764705 0.11666666666666667 0.03294117647058823 0.07666666666666667
0 0.1764705882352941 0.7541666666666668 0.03294117647058823 0.13166666666666668
0 0.1752941176470588 0.445 0.03529411764705882 0.16333333333333333
0 0.1788235294117647 0.14250000000000002 0.03294117647058823 0.13166666666666668
0 0.21058823529411763 0.10666666666666667 0.03529411764705882 0.060000000000000005
0 0.20823529411764705 0.7541666666666668 0.03529411764705882 0.13166666666666668
0 0.20941176470588233 0.42500000000000004 0.03764705882352941 0.12333333333333334
0 0.24 0.7266666666666667 0.03294117647058823 0.07666666666666667
0 0.24588235294117644 0.42583333333333334 0.039999999999999994 0.13833333333333334
0 0.4141176470588235 0.11083333333333334 0.028235294117647056 0.11166666666666668
0 0.46117647058823524 0.12916666666666668 0.06588235294117646 0.15166666666666667
0 0.5211764705882352 0.745 0.03529411764705882 0.11333333333333334
0 0.5517647058823529 0.7275 0.030588235294117645 0.07833333333333334
0 0.5647058823529412 0.41583333333333333 0.03764705882352941 0.165
0 0.5835294117647059 0.14750000000000002 0.08941176470588234 0.07166666666666667
0 0.5835294117647059 0.7266666666666667 0.03294117647058823 0.07666666666666667
0 0.6 0.38583333333333336 0.03764705882352941 0.10166666666666667
0 0.6411764705882352 0.4025 0.04470588235294117 0.13833333333333334
0 0.6670588235294117 0.09000000000000001 0.06352941176470588 0.10333333333333335
0 0.6811764705882353 0.3875 0.03529411764705882 0.10500000000000001
0 0.6776470588235294 0.7366666666666667 0.03764705882352941 0.12000000000000001
0 0.7129411764705882 0.7616666666666667 0.03764705882352941 0.18333333333333335
0 0.7129411764705882 0.07333333333333333 0.03294117647058823 0.07
0 0.7458823529411764 0.7333333333333334 0.03764705882352941 0.12333333333333334
0 0.7811764705882352 0.7316666666666667 0.03764705882352941 0.12333333333333334
0 0.8011764705882353 0.46166666666666667 0.03529411764705882 0.16
0 0.8164705882352941 0.7325 0.03764705882352941 0.125
0 0.8352941176470587 0.43083333333333335 0.03764705882352941 0.10166666666666667
0 0.8517647058823529 0.7341666666666667 0.03764705882352941 0.12166666666666667
0 0.8694117647058823 0.47000000000000003 0.03529411764705882 0.18000000000000002
0 0.8929411764705881 0.2041666666666667 0.0776470588235294 0.085
