0 0.22588235294117645 0.8225 0.03764705882352941 0.05166666666666667
0 0.268235294117647 0.61 0.03294117647058823 0.10333333333333335
0 0.7211764705882352 0.8508333333333334 0.039999999999999994 0.14166666666666666
0 0.7635294117647058 0.8283333333333334 0.039999999999999994 0.09333333333333334
0 0.7658823529411765 0.61 0.07294117647058823 0.09666666666666668
0 0.8023529411764705 0.8508333333333334 0.042352941176470586 0.14166666666666666
0 0.8188235294117646 0.5925 0.03294117647058823 0.058333333333333334
0 0.8494117647058823 0.61 0.03294117647058823 0.09666666666666668
0 0.8647058823529411 0.7725000000000001 0.03529411764705882 0.10166666666666667
0 0.9011764705882352 0.7533333333333334 0.03294117647058823 0.06333333333333334
