0 0.24470588235294116 0.78 0.03294117647058823 0.10333333333333335
0 0.2611764705882353 0.5575 0.06117647058823529 0.08833333333333333
0 0.24941176470588233 0.1875 0.06117647058823529 0.10833333333333334
0 0.2729411764705882 0.7541666666666668 0.03294117647058823 0.05166666666666667
0 0.3176470588235294 0.79 0.06117647058823529 0.12333333333333334
0 0.46117647058823524 0.7633333333333334 0.047058823529411764 0.07666666666666667
0 0.5705882352941176 0.7766666666666667 0.03529411764705882 0.08333333333333334
0 0.6270588235294117 0.7866666666666667 0.0776470588235294 0.10333333333333335
0 0.6635294117647058 0.5641666666666667 0.03294117647058823 0.055
0 0.6929411764705882 0.5541666666666667 0.030588235294117645 0.035
