0 0.12117647058823529 0.1391666666666667 0.07294117647058823 0.115
0 0.17176470588235293 0.1125 0.03294117647058823 0.058333333333333334
0 0.1752941176470588 0.8250000000000001 0.04470588235294117 0.1366666666666667
0 0.22117647058823528 0.7858333333333334 0.047058823529411764 0.058333333333333334
0 0.26235294117647057 0.5958333333333333 0.05411764705882353 0.16833333333333333
0 0.25999999999999995 0.7958333333333334 0.03529411764705882 0.07833333333333334
0 0.2929411764705882 0.8425 0.03529411764705882 0.1716666666666667
0 0.3164705882352941 0.5925 0.05411764705882353 0.16166666666666668
0 0.3717647058823529 0.5766666666666667 0.051764705882352935 0.13
0 0.5458823529411764 0.14833333333333334 0.051764705882352935 0.13
0 0.6776470588235294 0.5475 0.03294117647058823 0.07833333333333334
0 0.7094117647058823 0.5866666666666667 0.03529411764705882 0.15333333333333335
0 0.7258823529411764 0.8233333333333334 0.03529411764705882 0.14666666666666667
0 0.7411764705882352 0.5750000000000001 0.03294117647058823 0.13
0 0.7505882352941176 0.11666666666666667 0.03294117647058823 0.11333333333333334
0 0.7741176470588235 0.8316666666666667 0.06588235294117646 0.16666666666666669
0 0.7729411764705881 0.5833333333333334 0.03529411764705882 0.15000000000000002
0 0.7811764705882352 0.125 0.03294117647058823 0.13
0 0.8129411764705882 0.125 0.03529411764705882 0.13
