0 0.2176470588235294 0.14083333333333334 0.06823529411764705 0.13166666666666668
0 0.2352941176470588 0.5041666666666667 0.03294117647058823 0.13166666666666668
0 0.2858823529411764 0.5125000000000001 0.07294117647058823 0.14833333333333334
0 0.268235294117647 0.12416666666666668 0.03294117647058823 0.09833333333333334
0 0.29882352941176465 0.10666666666666667 0.03294117647058823 0.05666666666666667
0 0.3952941176470588 0.12333333333333334 0.08941176470588234 0.10333333333333335
0 0.4529411764705882 0.10916666666666668 0.030588235294117645 0.07500000000000001
0 0.5423529411764706 0.14833333333333334 0.030588235294117645 0.12000000000000001
0 0.5705882352941176 0.13416666666666668 0.030588235294117645 0.09166666666666667
0 0.6 0.14 0.03294117647058823 0.10333333333333335
0 0.6423529411764706 0.14 0.06117647058823529 0.10333333333333335
0 0.8011764705882353 0.7866666666666667 0.04470588235294117 0.060000000000000005
0 0.8364705882352941 0.10916666666666668 0.030588235294117645 0.08833333333333333
0 0.848235294117647 0.5066666666666667 0.03529411764705882 0.06333333333333334
0 0.8647058823529411 0.13333333333333333 0.03529411764705882 0.1366666666666667
0 0.8823529411764706 0.49750000000000005 0.03294117647058823 0.045000000000000005
0 0.936470588235294 0.07833333333333334 0.028235294117647056 0.05
