0 0.12588235294117647 0.6950000000000001 0.030588235294117645 0.13
0 0.1576470588235294 0.7050000000000001 0.03294117647058823 0.15000000000000002
0 0.18470588235294116 0.16 0.030588235294117645 0.07
0 0.18941176470588234 0.6683333333333333 0.03529411764705882 0.07666666666666667
0 0.21411764705882352 0.16 0.028235294117647056 0.07
0 0.22117647058823528 0.6591666666666667 0.03294117647058823 0.058333333333333334
0 0.24235294117647058 0.14416666666666667 0.03294117647058823 0.03833333333333334
0 0.26705882352941174 0.39583333333333337 0.03529411764705882 0.10500000000000001
0 0.27999999999999997 0.06833333333333334 0.028235294117647056 0.05333333333333334
0 0.35882352941176465 0.6975 0.03529411764705882 0.115
0 0.3917647058823529 0.6783333333333333 0.03529411764705882 0.07666666666666667
0 0.42235294117647054 0.66 0.03529411764705882 0.04
0 0.488235294117647 0.6533333333333333 0.03529411764705882 0.06333333333333334
0 0.6105882352941175 0.6966666666666667 0.030588235294117645 0.08666666666666667
0 0.6388235294117647 0.6966666666666667 0.030588235294117645 0.08666666666666667
0 0.668235294117647 0.68 0.03294117647058823 0.05333333333333334
0 0.728235294117647 0.6491666666666667 0.030588235294117645 0.07166666666666667
0 0.7541176470588234 0.3666666666666667 0.03529411764705882 0.06333333333333334
0 0.756470588235294 0.665 0.030588235294117645 0.10333333333333335
0 0.7858823529411764 0.6583333333333333 0.028235294117647056 0.08666666666666667
0 0.8141176470588235 0.6733333333333333 0.03294117647058823 0.12000000000000001
