0 0.08235294117647059 0.8758333333333334 0.03294117647058823 0.115
0 0.11294117647058823 0.8750000000000001 0.03294117647058823 0.11333333333333334
0 0.14470588235294116 0.8750000000000001 0.03529411764705882 0.11333333333333334
0 0.2541176470588235 0.3875 0.05647058823529411 0.09833333333333334
0 0.26352941176470585 0.9225000000000001 0.051764705882352935 0.14833333333333334
0 0.3905882352941176 0.8583333333333334 0.07058823529411765 0.11333333333333334
0 0.4411764705882353 0.8583333333333334 0.03529411764705882 0.11333333333333334
0 0.5705882352941176 0.6983333333333334 0.03529411764705882 0.11333333333333334
0 0.6023529411764705 0.6716666666666667 0.03294117647058823 0.060000000000000005
0 0.6705882352941176 0.6175 0.03294117647058823 0.03833333333333334
0 0.7635294117647058 0.3125 0.03529411764705882 0.028333333333333335
0 0.7929411764705881 0.6591666666666667 0.03294117647058823 0.04166666666666667
0 0.8247058823529411 0.6775 0.03529411764705882 0.07833333333333334
0 0.8576470588235293 0.6858333333333334 0.03529411764705882 0.095
