0 0.1229802513464991 0.478125 0.03411131059245961 0.10875
0 0.1606822262118492 0.47875 0.03411131059245961 0.11
0 0.2621184919210054 0.8768750000000001 0.03590664272890485 0.06625
0 0.2989228007181329 0.8875000000000001 0.03770197486535009 0.09
0 0.3384201077199282 0.888125 0.03411131059245961 0.08875
0 0.4542190305206463 0.154375 0.03949730700179534 0.11375
0 0.49461400359066426 0.14375000000000002 0.03770197486535009 0.0925
0 0.5341113105924596 0.131875 0.03770197486535009 0.07125000000000001
0 0.6929982046678635 0.113125 0.02872531418312388 0.07375
0 0.7235188509874327 0.120625 0.03231597845601436 0.09125
0 0.755834829443447 0.130625 0.03231597845601436 0.10875
0 0.7872531418312388 0.10312500000000001 0.03411131059245961 0.05625
0 0.8186714542190305 0.1125 0.03231597845601436 0.0725
0 0.8411131059245961 0.92125 0.03052064631956912 0.09
0 0.8725314183123878 0.92125 0.03231597845601436 0.0925
0 0.9111310592459605 0.81125 0.03052064631956912 0.07
