0 0.14705882352941174 0.22166666666666668 0.03529411764705882 0.06333333333333334
0 0.18352941176470586 0.24166666666666667 0.03294117647058823 0.10333333333333335
0 0.2176470588235294 0.2325 0.03529411764705882 0.085
0 0.2152941176470588 0.6041666666666667 0.03529411764705882 0.025
0 0.24941176470588233 0.6425000000000001 0.03764705882352941 0.10166666666666667
0 0.268235294117647 0.1275 0.03294117647058823 0.06166666666666667
0 0.3035294117647059 0.14666666666666667 0.03294117647058823 0.10333333333333335
0 0.33764705882352936 0.10750000000000001 0.03529411764705882 0.021666666666666667
0 0.47764705882352937 0.9191666666666667 0.32941176470588235 0.058333333333333334
0 0.728235294117647 0.5366666666666667 0.0776470588235294 0.08333333333333334
0 0.7811764705882352 0.14 0.03764705882352941 0.06333333333333334
0 0.8094117647058823 0.4941666666666667 0.028235294117647056 0.06166666666666667
