0 0.24705882352941175 0.155 0.03764705882352941 0.10333333333333335
0 0.24941176470588233 0.6458333333333334 0.03764705882352941 0.095
0 0.28823529411764703 0.6666666666666667 0.039999999999999994 0.14
0 0.32941176470588235 0.6575000000000001 0.042352941176470586 0.115
0 0.7211764705882352 0.4116666666666667 0.039999999999999994 0.12000000000000001
0 0.768235294117647 0.4341666666666667 0.05411764705882353 0.16166666666666668
0 0.7894117647058823 0.1366666666666667 0.03529411764705882 0.10333333333333335
0 0.8235294117647058 0.1366666666666667 0.03764705882352941 0.10333333333333335
0 0.8223529411764705 0.43250000000000005 0.05411764705882353 0.16166666666666668
0 0.8588235294117647 0.14666666666666667 0.03764705882352941 0.12333333333333334
0 0.8705882352941176 0.4266666666666667 0.042352941176470586 0.15000000000000002
