0 0.1341176470588235 0.6950000000000001 0.03294117647058823 0.07666666666666667
0 0.15411764705882353 0.2325 0.04470588235294117 0.15833333333333335
0 0.16470588235294117 0.7033333333333334 0.03294117647058823 0.09333333333333334
0 0.19999999999999998 0.21833333333333335 0.047058823529411764 0.13333333333333333
0 0.19882352941176468 0.7066666666666667 0.030588235294117645 0.1
0 0.22941176470588234 0.7133333333333334 0.03529411764705882 0.11333333333333334
0 0.3035294117647059 0.8675 0.03764705882352941 0.04833333333333334
0 0.3529411764705882 0.5275000000000001 0.03764705882352941 0.12166666666666667
0 0.3741176470588235 0.7216666666666667 0.05647058823529411 0.12333333333333334
0 0.388235294117647 0.48833333333333334 0.03764705882352941 0.043333333333333335
0 0.4141176470588235 0.7000000000000001 0.028235294117647056 0.08
0 0.4729411764705882 0.45333333333333337 0.03294117647058823 0.043333333333333335
0 0.58 0.7625000000000001 0.03529411764705882 0.18500000000000003
0 0.6105882352941175 0.755 0.03529411764705882 0.16666666666666669
0 0.6411764705882352 0.745 0.03529411764705882 0.15000000000000002
0 0.6823529411764705 0.11916666666666667 0.042352941176470586 0.10833333333333334
0 0.6741176470588235 0.7283333333333334 0.030588235294117645 0.11
0 0.7188235294117646 0.7233333333333334 0.03529411764705882 0.15000000000000002
0 0.7317647058823529 0.15916666666666668 0.05647058823529411 0.19166666666666668
0 0.7505882352941176 0.7233333333333334 0.03294117647058823 0.15000000000000002
0 0.7823529411764705 0.6966666666666667 0.03529411764705882 0.09666666666666668
0 0.7929411764705881 0.12833333333333335 0.06588235294117646 0.13
