0 0.12 0.4191666666666667 0.042352941176470586 0.115
0 0.1411764705882353 0.7666666666666667 0.047058823529411764 0.21333333333333335
0 0.15999999999999998 0.42750000000000005 0.042352941176470586 0.14166666666666666
0 0.1729411764705882 0.21583333333333335 0.04470588235294117 0.08166666666666667
0 0.18823529411764706 0.7150000000000001 0.047058823529411764 0.11
0 0.19999999999999998 0.3825 0.042352941176470586 0.05166666666666667
0 0.2188235294117647 0.2341666666666667 0.047058823529411764 0.09833333333333334
0 0.2352941176470588 0.7150000000000001 0.047058823529411764 0.11
0 0.26588235294117646 0.21500000000000002 0.047058823529411764 0.08333333333333334
0 0.708235294117647 0.21416666666666667 0.047058823529411764 0.085
0 0.7552941176470588 0.24000000000000002 0.047058823529411764 0.1366666666666667
0 0.7811764705882352 0.6291666666666667 0.051764705882352935 0.095
0 0.7999999999999999 0.20083333333333334 0.047058823529411764 0.058333333333333334
