0 0.13375224416517056 0.619375 0.03052064631956912 0.11375
0 0.21633752244165172 0.14 0.03052064631956912 0.10250000000000001
0 0.2450628366247756 0.14875 0.03052064631956912 0.12
0 0.3348294434470377 0.315625 0.07001795332136446 0.09125
0 0.34919210053859967 0.59375 0.03052064631956912 0.115
0 0.8052064631956912 0.14875 0.03052064631956912 0.12
0 0.8375224416517056 0.579375 0.03052064631956912 0.08625000000000001
0 0.8500897666068223 0.355625 0.07360861759425494 0.17125
0 0.8662477558348295 0.588125 0.03052064631956912 0.10375000000000001
0 0.8734290843806104 0.863125 0.03411131059245961 0.10125
