0 0.16117647058823528 0.4391666666666667 0.03529411764705882 0.10166666666666667
0 0.1952941176470588 0.4391666666666667 0.03764705882352941 0.10500000000000001
0 0.18470588235294116 0.7133333333333334 0.039999999999999994 0.21000000000000002
0 0.1976470588235294 0.12083333333333333 0.03764705882352941 0.10166666666666667
0 0.22941176470588234 0.44 0.03529411764705882 0.10333333333333335
0 0.22470588235294114 0.6933333333333334 0.039999999999999994 0.16
0 0.23176470588235293 0.11 0.03529411764705882 0.08333333333333334
0 0.26588235294117646 0.14 0.03764705882352941 0.14333333333333334
0 0.2647058823529412 0.6808333333333334 0.039999999999999994 0.14166666666666666
0 0.30235294117647055 0.09083333333333334 0.03529411764705882 0.045000000000000005
0 0.30588235294117644 0.6691666666666667 0.03764705882352941 0.11833333333333335
0 0.3188235294117647 0.3775 0.06823529411764705 0.12166666666666667
0 0.36941176470588233 0.34833333333333333 0.03764705882352941 0.06333333333333334
0 0.6505882352941176 0.43250000000000005 0.039999999999999994 0.10833333333333334
0 0.6705882352941176 0.6900000000000001 0.03764705882352941 0.06333333333333334
0 0.6917647058823528 0.43750000000000006 0.042352941176470586 0.12166666666666667
0 0.7070588235294117 0.7091666666666667 0.03529411764705882 0.10166666666666667
0 0.7317647058823529 0.43750000000000006 0.042352941176470586 0.12166666666666667
0 0.7399999999999999 0.68 0.03529411764705882 0.043333333333333335
0 0.7588235294117647 0.11333333333333334 0.03529411764705882 0.08
0 0.7941176470588235 0.13333333333333333 0.03529411764705882 0.12333333333333334
0 0.8070588235294117 0.6433333333333334 0.03294117647058823 0.09000000000000001
0 0.8070588235294117 0.3725 0.03764705882352941 0.12166666666666667
0 0.828235294117647 0.13416666666666668 0.03764705882352941 0.12166666666666667
0 0.8423529411764705 0.3725 0.03764705882352941 0.12166666666666667
0 0.8364705882352941 0.6408333333333334 0.03529411764705882 0.095
0 0.8623529411764705 0.135 0.03529411764705882 0.12000000000000001
0 0.876470588235294 0.36250000000000004 0.039999999999999994 0.10166666666666667
0 0.8694117647058823 0.6583333333333333 0.03529411764705882 0.13
