0 0.1229802513464991 0.45937500000000003 0.026929982046678638 0.058750000000000004
0 0.12746858168761221 0.925 0.02872531418312388 0.05
0 0.13016157989228008 0.270625 0.03052064631956912 0.05375
0 0.1436265709156194 0.62625 0.02872531418312388 0.1525
0 0.14991023339317774 0.458125 0.02333931777378815 0.06125
0 0.15978456014362658 0.2625 0.02872531418312388 0.0375
0 0.17055655296229802 0.61125 0.02872531418312388 0.1225
0 0.17504488330341114 0.45875 0.026929982046678638 0.06
0 0.17863554757630162 0.39125 0.026929982046678638 0.0325
0 0.19748653500897667 0.6118750000000001 0.02872531418312388 0.12375
0 0.20556552962298025 0.384375 0.026929982046678638 0.01875
0 0.43447037701974867 0.09625 0.03231597845601436 0.04
0 0.4658886894075404 0.096875 0.03052064631956912 0.03875
0 0.466786355475763 0.598125 0.025134649910233394 0.07375
0 0.4919210053859964 0.58625 0.025134649910233394 0.045
0 0.5179533213644525 0.62 0.026929982046678638 0.11750000000000001
0 0.5341113105924596 0.200625 0.03052064631956912 0.11375
0 0.5601436265709157 0.20750000000000002 0.02872531418312388 0.1275
0 0.6157989228007181 0.14875 0.08258527827648116 0.185
0 0.6705565529622981 0.089375 0.026929982046678638 0.06625
0 0.8168761220825853 0.599375 0.025134649910233394 0.09625
0 0.8402154398563735 0.59875 0.025134649910233394 0.095
0 0.8635547576301617 0.57375 0.025134649910233394 0.0425
