0 0.3776470588235294 0.8475 0.03529411764705882 0.085
0 0.5505882352941176 0.7808333333333334 0.07058823529411765 0.12833333333333335
0 0.7270588235294116 0.5116666666666667 0.05647058823529411 0.19
0 0.7376470588235293 0.2891666666666667 0.011764705882352941 0.008333333333333333
0 0.756470588235294 0.18000000000000002 0.05411764705882353 0.22333333333333336
0 0.7835294117647058 0.53 0.051764705882352935 0.22333333333333336
0 0.7999999999999999 0.8675 0.042352941176470586 0.03833333333333334
0 0.8070588235294117 0.7633333333333334 0.03294117647058823 0.08333333333333334
0 0.8105882352941176 0.16333333333333333 0.05411764705882353 0.19333333333333336
0 0.8376470588235293 0.48333333333333334 0.051764705882352935 0.13
0 0.8411764705882352 0.7733333333333334 0.03529411764705882 0.10333333333333335
0 0.876470588235294 0.7925000000000001 0.03529411764705882 0.14166666666666666
0 0.8647058823529411 0.10083333333333334 0.05411764705882353 0.06833333333333334
0 0.9105882352941176 0.7441666666666668 0.03764705882352941 0.045000000000000005
