0 0.10502692998204669 0.1325 0.059245960502693 0.1375
0 0.13285457809694795 0.600625 0.02872531418312388 0.11625
0 0.15080789946140036 0.12375 0.03231597845601436 0.12
0 0.1570915619389587 0.5725 0.026929982046678638 0.06
0 0.18043087971274688 0.115625 0.03052064631956912 0.10375000000000001
0 0.18312387791741472 0.565625 0.02872531418312388 0.04625
0 0.20825852782764812 0.551875 0.025134649910233394 0.01875
0 0.20915619389587076 0.131875 0.03052064631956912 0.13625
0 0.37971274685816875 0.57375 0.026929982046678638 0.0575
0 0.41741472172351884 0.586875 0.05206463195691203 0.08875
0 0.4524236983842011 0.37875000000000003 0.15080789946140036 0.125
0 0.5511669658886894 0.5575 0.02872531418312388 0.0325
0 0.6813285457809695 0.5856250000000001 0.026929982046678638 0.08875
0 0.7064631956912029 0.593125 0.026929982046678638 0.10375000000000001
0 0.7324955116696589 0.565625 0.02872531418312388 0.04625
0 0.7594254937163375 0.12375 0.03231597845601436 0.12
0 0.7890484739676841 0.099375 0.03052064631956912 0.07125000000000001
0 0.8195691202872532 0.115 0.03052064631956912 0.10250000000000001
0 0.8653500897666069 0.5725 0.02872531418312388 0.06
