0 0.21999999999999997 0.3541666666666667 0.04941176470588235 0.10166666666666667
0 0.2364705882352941 0.16833333333333333 0.04470588235294117 0.13333333333333333
0 0.2752941176470588 0.3725 0.051764705882352935 0.12833333333333335
0 0.36470588235294116 0.12166666666666667 0.042352941176470586 0.11
0 0.4129411764705882 0.10833333333333334 0.03529411764705882 0.08333333333333334
0 0.7917647058823529 0.8275 0.011764705882352941 0.008333333333333333
0 0.8247058823529411 0.3641666666666667 0.039999999999999994 0.095
0 0.8647058823529411 0.3875 0.039999999999999994 0.14166666666666666
0 0.8694117647058823 0.7566666666666667 0.03529411764705882 0.12333333333333334
0 0.9023529411764705 0.7383333333333334 0.03529411764705882 0.08666666666666667
