0 0.06642728904847398 0.81375 0.03231597845601436 0.1325
0 0.10053859964093358 0.8406250000000001 0.03231597845601436 0.18875
0 0.13375224416517056 0.786875 0.03411131059245961 0.07375
0 0.24057450628366248 0.675625 0.03231597845601436 0.07875
0 0.27289048473967686 0.713125 0.03231597845601436 0.15125
0 0.30700179533213645 0.676875 0.03231597845601436 0.07375
0 0.3545780969479354 0.078125 0.03411131059245961 0.04125
0 0.3877917414721724 0.14375000000000002 0.03231597845601436 0.17
0 0.42100538599640935 0.106875 0.03411131059245961 0.09375
0 0.4542190305206463 0.0975 0.03231597845601436 0.075
0 0.6463195691202873 0.6900000000000001 0.03231597845601436 0.0925
0 0.7127468581687613 0.560625 0.02872531418312388 0.09875
0 0.7423698384201077 0.56875 0.03052064631956912 0.12
0 0.755834829443447 0.114375 0.03590664272890485 0.08125
