0 0.12214411247803163 0.8675 0.05799648506151142 0.0925
0 0.1414762741652021 0.30875 0.03339191564147627 0.1675
0 0.16608084358523725 0.726875 0.11423550087873462 0.07375
0 0.320738137082601 0.70875 0.08260105448154657 0.05
0 0.4789103690685413 0.72 0.012302284710017574 0.0675
0 0.5377855887521968 0.47375 0.05272407732864674 0.045
0 0.5738137082601054 0.73875 0.08963093145869946 0.075
0 0.7644991212653778 0.33437500000000003 0.10193321616871705 0.08625000000000001
0 0.8602811950790861 0.725 0.08260105448154657 0.05
0 0.89103690685413 0.12687500000000002 0.028119507908611598 0.13625
