0 0.1282952548330404 0.145625 0.05272407732864674 0.02875
0 0.13620386643233742 0.595 0.07908611599297012 0.075
0 0.2056239015817223 0.784375 0.056239015817223195 0.08125
0 0.3031634446397188 0.7825 0.11423550087873462 0.125
0 0.3453427065026362 0.1275 0.08260105448154657 0.03
0 0.4745166959578207 0.15125 0.15114235500878734 0.105
0 0.42267135325131805 0.468125 0.08611599297012301 0.051250000000000004
0 0.5114235500878734 0.7825 0.05975395430579965 0.0925
0 0.5114235500878734 0.49312500000000004 0.0492091388400703 0.03875
0 0.5729349736379613 0.78625 0.05272407732864674 0.0475
0 0.5685413005272407 0.44875 0.06151142355008787 0.1225
0 0.8189806678383128 0.15375 0.13005272407732865 0.13
0 0.8409490333919156 0.455 0.08260105448154657 0.11
