0 0.042796005706134094 0.4404296875 0.034236804564907276 0.099609375
0 0.049928673323823114 0.783203125 0.03138373751783167 0.099609375
0 0.07845934379457918 0.439453125 0.034236804564907276 0.099609375
0 0.08630527817403709 0.1923828125 0.029957203994293868 0.0390625
0 0.1291012838801712 0.7646484375 0.015691868758915834 0.0703125
0 0.21825962910128388 0.5712890625 0.028530670470756064 0.041015625
0 0.28316690442225395 0.7490234375 0.02710413694721826 0.048828125
0 0.33024251069900146 0.78857421875 0.06419400855920114 0.1318359375
0 0.38445078459343796 0.7890625 0.04136947218259629 0.130859375
0 0.5534950071326676 0.9072265625 0.07703281027104138 0.099609375
0 0.5863052781740371 0.59716796875 0.03138373751783167 0.0380859375
0 0.8659058487874466 0.78076171875 0.028530670470756064 0.0732421875
0 0.8730385164051355 0.576171875 0.11126961483594865 0.083984375
