0 0.15289982425307555 0.1625 0.0843585237258348 0.0675
0 0.13884007029876977 0.445625 0.0632688927943761 0.09875
0 0.1555360281195079 0.720625 0.040421792618629174 0.05375
0 0.20738137082601052 0.42812500000000003 0.06678383128295254 0.02625
0 0.2548330404217926 0.111875 0.0492091388400703 0.03875
0 0.250439367311072 0.71875 0.03690685413005272 0.06
0 0.27416520210896306 0.70375 0.014059753954305799 0.04
0 0.3734622144112478 0.448125 0.07557117750439367 0.06375
0 0.44463971880492087 0.306875 0.07029876977152899 0.09375
0 0.43497363796133565 0.72875 0.06151142355008787 0.0525
0 0.4824253075571177 0.47125 0.06854130052724076 0.0275
0 0.5456942003514939 0.74875 0.08611599297012301 0.065
0 0.8717047451669595 0.515625 0.0632688927943761 0.03875
0 0.8778558875219683 0.743125 0.08611599297012301 0.09625
