0 0.13620386643233742 0.20875 0.09666080843585237 0.08750000000000001
0 0.17135325131810192 0.80875 0.06502636203866433 0.0825
0 0.2601054481546573 0.579375 0.0632688927943761 0.12375
0 0.3119507908611599 0.41625 0.07205623901581722 0.0275
0 0.3374340949033392 0.8475 0.07029876977152899 0.1125
0 0.42970123022847095 0.141875 0.050966608084358524 0.03375
0 0.5711775043936731 0.4525 0.08787346221441124 0.0625
0 0.8418277680140597 0.766875 0.056239015817223195 0.05625
0 0.8532513181019331 0.14875 0.06151142355008787 0.0475
0 0.8506151142355008 0.57625 0.07029876977152899 0.08750000000000001
