0 0.1340941512125535 0.52978515625 0.028530670470756064 0.0966796875
0 0.18830242510699002 0.23046875 0.03138373751783167 0.060546875
0 0.2239657631954351 0.26904296875 0.03138373751783167 0.1376953125
0 0.43152639087018546 0.84375 0.07560627674750357 0.138671875
0 0.4165477888730385 0.51220703125 0.02567760342368046 0.0751953125
0 0.4429386590584879 0.490234375 0.009985734664764621 0.03125
0 0.4893009985734665 0.83447265625 0.0456490727532097 0.1181640625
0 0.6683309557774608 0.62890625 0.029957203994293868 0.056640625
0 0.7011412268188303 0.6376953125 0.029957203994293868 0.07421875
0 0.8209700427960057 0.16845703125 0.1326676176890157 0.1396484375
0 0.8109843081312411 0.55126953125 0.015691868758915834 0.0693359375
