0 0.11862917398945517 0.823125 0.040421792618629174 0.03125
0 0.15377855887521968 0.82375 0.03339191564147627 0.05
0 0.18101933216168717 0.7225 0.07029876977152899 0.1075
0 0.18804920913884005 0.41125 0.05272407732864674 0.09
0 0.21880492091388398 0.748125 0.008787346221441124 0.00625
0 0.24428822495606325 0.413125 0.0492091388400703 0.08125
0 0.4007029876977153 0.8325 0.06678383128295254 0.0525
0 0.4094903339191564 0.716875 0.0210896309314587 0.06125
0 0.4586994727592267 0.123125 0.07381370826010544 0.03375
0 0.5298769771528998 0.774375 0.05799648506151142 0.09625
0 0.5773286467486819 0.12 0.07908611599297012 0.075
0 0.6239015817223198 0.755 0.045694200351493845 0.025
0 0.672231985940246 0.39625 0.07205623901581722 0.0975
0 0.7311072056239015 0.79 0.05975395430579965 0.105
0 0.8224956063268892 0.75375 0.08787346221441124 0.115
0 0.8400702987697715 0.48625 0.0843585237258348 0.20750000000000002
