0 0.2791741472172352 0.5075000000000001 0.03411131059245961 0.0275
0 0.3123877917414722 0.500625 0.02872531418312388 0.02875
0 0.35368043087971274 0.498125 0.03231597845601436 0.02375
0 0.355475763016158 0.75125 0.025134649910233394 0.0375
0 0.388689407540395 0.496875 0.03052064631956912 0.01375
0 0.4380610412926392 0.9087500000000001 0.025134649910233394 0.0775
0 0.48114901256732495 0.15625 0.05745062836624776 0.0625
0 0.4658886894075404 0.9087500000000001 0.026929982046678638 0.0775
0 0.4910233393177738 0.886875 0.02333931777378815 0.03375
0 0.5242369838420108 0.155625 0.02872531418312388 0.06125
0 0.5547576301615799 0.37625000000000003 0.02872531418312388 0.0675
0 0.8114901256732496 0.1275 0.03231597845601436 0.04
0 0.8527827648114902 0.88 0.025134649910233394 0.1
0 0.888689407540395 0.87875 0.05026929982046679 0.1
