0 0.2531418312387792 0.9137500000000001 0.02872531418312388 0.10250000000000001
0 0.362657091561939 0.805 0.0718132854578097 0.0325
0 0.34380610412926393 0.74 0.03770197486535009 0.0225
0 0.3752244165170557 0.734375 0.02872531418312388 0.02625
0 0.4102333931777379 0.796875 0.03052064631956912 0.02375
0 0.4380610412926392 0.790625 0.03231597845601436 0.02375
0 0.4640933572710952 0.793125 0.01974865350089767 0.01375
0 0.5143626570915619 0.776875 0.07001795332136446 0.03125
0 0.5511669658886894 0.576875 0.02872531418312388 0.06375
0 0.5771992818671454 0.76625 0.059245960502693 0.03
0 0.5789946140035906 0.59125 0.03052064631956912 0.0975
0 0.6077199281867146 0.58375 0.03052064631956912 0.0825
0 0.6202872531418313 0.758125 0.03052064631956912 0.02375
0 0.6355475763016158 0.591875 0.02872531418312388 0.09875
0 0.6499102333931778 0.754375 0.03590664272890485 0.02375
0 0.781867145421903 0.61125 0.03052064631956912 0.0525
0 0.8123877917414722 0.603125 0.02333931777378815 0.03625
