0 0.06463195691202872 0.8143750000000001 0.02872531418312388 0.06875
0 0.0888689407540395 0.558125 0.02333931777378815 0.043750000000000004
0 0.08527827648114901 0.721875 0.03052064631956912 0.05375
0 0.09425493716337523 0.80625 0.03052064631956912 0.055
0 0.10771992818671455 0.185625 0.02872531418312388 0.03625
0 0.11490125673249552 0.7225 0.02872531418312388 0.0525
0 0.37432675044883307 0.62625 0.04847396768402155 0.07
0 0.40933572710951527 0.619375 0.02154398563734291 0.05625
0 0.4910233393177738 0.655625 0.026929982046678638 0.043750000000000004
0 0.5179533213644525 0.059375000000000004 0.012567324955116697 0.02125
0 0.5341113105924596 0.81 0.01974865350089767 0.0275
0 0.5538599640933572 0.069375 0.03052064631956912 0.04125
0 0.559245960502693 0.7937500000000001 0.03411131059245961 0.0825
0 0.6723518850987433 0.914375 0.026929982046678638 0.058750000000000004
0 0.8456014362657092 0.853125 0.02872531418312388 0.03375
