0 0.11669658886894076 0.68125 0.06463195691202872 0.12
0 0.1265709156193896 0.38375000000000004 0.03052064631956912 0.07
0 0.15439856373429084 0.39125 0.02872531418312388 0.085
0 0.18491921005385997 0.375625 0.02872531418312388 0.05375
0 0.28545780969479356 0.84125 0.02872531418312388 0.065
0 0.3123877917414722 0.825625 0.02872531418312388 0.03625
0 0.4138240574506284 0.23125 0.02333931777378815 0.0425
0 0.4398563734290844 0.87125 0.02872531418312388 0.0775
0 0.4353680430879713 0.23125 0.02333931777378815 0.04
0 0.4515260323159785 0.15625 0.026929982046678638 0.0475
0 0.45780969479353684 0.23125 0.025134649910233394 0.0425
0 0.46858168761220825 0.869375 0.02872531418312388 0.08125
0 0.4775583482944345 0.149375 0.025134649910233394 0.03375
0 0.5134649910233393 0.626875 0.025134649910233394 0.04875
0 0.5430879712746859 0.5225 0.026929982046678638 0.0475
0 0.5421903052064632 0.63375 0.02872531418312388 0.065
0 0.5574506283662478 0.37625000000000003 0.03052064631956912 0.125
0 0.5691202872531419 0.638125 0.02872531418312388 0.07375
0 0.5843806104129264 0.5375 0.059245960502693 0.0775
0 0.5978456014362658 0.38375000000000004 0.05745062836624776 0.14
0 0.6956912028725314 0.70375 0.026929982046678638 0.075
0 0.7217235188509875 0.69625 0.02872531418312388 0.0625
0 0.7468581687612208 0.695625 0.025134649910233394 0.06125
0 0.7782764811490126 0.7025 0.03770197486535009 0.0775
0 0.803411131059246 0.853125 0.03411131059245961 0.03375
0 0.8384201077199283 0.875 0.03949730700179534 0.0825
0 0.8527827648114902 0.18937500000000002 0.02872531418312388 0.09125
0 0.8788150807899462 0.160625 0.026929982046678638 0.03375
0 0.9057450628366248 0.1675 0.026929982046678638 0.0475
