0 0.11768901569186876 0.6103515625 0.03566333808844508 0.091796875
0 0.12482168330955778 0.37451171875 0.03851640513552069 0.0654296875
0 0.16333808844507847 0.62158203125 0.052781740370898715 0.1162109375
0 0.21469329529243938 0.609375 0.052781740370898715 0.091796875
0 0.6112696148359487 0.54296875 0.10128388017118403 0.048828125
0 0.6925820256776034 0.55615234375 0.018544935805991442 0.0087890625
0 0.7360912981455064 0.8740234375 0.03138373751783167 0.11328125
0 0.7845934379457917 0.884765625 0.05135520684736092 0.13671875
0 0.7938659058487875 0.3525390625 0.03851640513552069 0.11328125
0 0.8273894436519258 0.86181640625 0.034236804564907276 0.0927734375
0 0.8359486447931527 0.36376953125 0.037089871611982884 0.1376953125
0 0.8509272467902996 0.828125 0.018544935805991442 0.0234375
0 0.87660485021398 0.365234375 0.03851640513552069 0.134765625
