0 0.09425493716337523 0.91125 0.026929982046678638 0.075
0 0.1265709156193896 0.90625 0.03770197486535009 0.07
0 0.1391382405745063 0.665625 0.026929982046678638 0.04625
0 0.1561938958707361 0.446875 0.02872531418312388 0.05625
0 0.22262118491921007 0.63 0.017953321364452424 0.045
0 0.24685816876122083 0.629375 0.026929982046678638 0.043750000000000004
0 0.2612208258527828 0.5750000000000001 0.02333931777378815 0.03
0 0.28545780969479356 0.5750000000000001 0.025134649910233394 0.0325
0 0.3213644524236984 0.6225 0.02872531418312388 0.04
0 0.34560143626570916 0.560625 0.026929982046678638 0.03375
0 0.4605026929982047 0.8043750000000001 0.03052064631956912 0.10375000000000001
0 0.4892280071813286 0.791875 0.03052064631956912 0.07875
0 0.7010771992818672 0.603125 0.04847396768402155 0.08625000000000001
0 0.7836624775583483 0.90375 0.026929982046678638 0.07
0 0.8096947935368043 0.915 0.02872531418312388 0.0775
0 0.8186714542190305 0.609375 0.02872531418312388 0.07625
0 0.8204667863554758 0.214375 0.02872531418312388 0.10125
0 0.8384201077199283 0.9137500000000001 0.025134649910233394 0.08
0 0.8500897666068223 0.199375 0.03052064631956912 0.06625
0 0.8456014362657092 0.610625 0.02872531418312388 0.07125000000000001
0 0.8572710951526032 0.8200000000000001 0.03770197486535009 0.05
0 0.8716337522441652 0.615625 0.026929982046678638 0.09125
0 0.8806104129263914 0.239375 0.03052064631956912 0.15375
0 0.8967684021543986 0.608125 0.03052064631956912 0.07625
