0 0.1400359066427289 0.14625 0.02872531418312388 0.08
0 0.18491921005385997 0.14625 0.02872531418312388 0.08
0 0.2118491921005386 0.14625 0.02872531418312388 0.08
0 0.23877917414721725 0.16125 0.02872531418312388 0.11
0 0.24865350089766608 0.81125 0.03052064631956912 0.055
0 0.27737881508078993 0.819375 0.03052064631956912 0.07125000000000001
0 0.37881508078994613 0.775625 0.03231597845601436 0.10625
0 0.8240574506283663 0.110625 0.02872531418312388 0.06125
0 0.850987432675045 0.12562500000000001 0.02872531418312388 0.09125
0 0.8985637342908438 0.058125 0.026929982046678638 0.03125
