0 0.09425493716337523 0.59 0.02333931777378815 0.0575
0 0.10053859964093358 0.84125 0.02872531418312388 0.12
0 0.11938958707360862 0.61625 0.026929982046678638 0.1125
0 0.13016157989228008 0.8325 0.03052064631956912 0.10250000000000001
0 0.14272890484739678 0.623125 0.026929982046678638 0.12625
0 0.15978456014362658 0.80875 0.02872531418312388 0.0525
0 0.1687612208258528 0.575625 0.02154398563734291 0.03125
0 0.3850987432675045 0.58125 0.026929982046678638 0.0725
0 0.37881508078994613 0.145625 0.053859964093357277 0.07625
0 0.40933572710951527 0.5593750000000001 0.025134649910233394 0.03125
0 0.44524236983842014 0.374375 0.02872531418312388 0.12125
0 0.48384201077199285 0.374375 0.05565529622980252 0.12125
0 0.5224416517055656 0.34500000000000003 0.02872531418312388 0.0625
0 0.8007181328545782 0.8025 0.02872531418312388 0.0975
0 0.8141831238779175 0.308125 0.026929982046678638 0.07125000000000001
0 0.8285457809694794 0.801875 0.026929982046678638 0.09625
0 0.8384201077199283 0.32125 0.025134649910233394 0.1
0 0.8608617594254937 0.795 0.04129263913824058 0.0825
0 0.862657091561939 0.314375 0.026929982046678638 0.08625000000000001
0 0.8877917414721724 0.335 0.026929982046678638 0.1275
