0 0.17926186291739893 0.26625 0.0984182776801406 0.08750000000000001
0 0.22759226713532513 0.673125 0.07205623901581722 0.05625
0 0.3084358523725835 0.669375 0.07908611599297012 0.04625
0 0.34885764499121263 0.52875 0.10369068541300526 0.11
0 0.46309314586994726 0.13625 0.10017574692442882 0.0975
0 0.5281195079086116 0.431875 0.08963093145869946 0.08625000000000001
0 0.5659050966608083 0.15625 0.09138840070298769 0.0975
0 0.6678383128295254 0.856875 0.08084358523725835 0.051250000000000004
0 0.78207381370826 0.261875 0.0773286467486819 0.09875
0 0.8602811950790861 0.453125 0.08963093145869946 0.09875
0 0.8488576449912126 0.695625 0.1265377855887522 0.08625000000000001
0 0.8752196836555359 0.248125 0.08787346221441124 0.12125
0 0.906854130052724 0.9550000000000001 0.13005272407732865 0.0325
