0 0.22351885098743268 0.390625 0.04129263913824058 0.09625
0 0.27019748653500897 0.88375 0.03052064631956912 0.09
0 0.26481149012567323 0.379375 0.04129263913824058 0.07375
0 0.4622980251346499 0.34375 0.026929982046678638 0.0775
0 0.4874326750448833 0.32875 0.026929982046678638 0.0475
0 0.5143626570915619 0.323125 0.026929982046678638 0.03125
0 0.5224416517055656 0.113125 0.03590664272890485 0.06375
0 0.7172351885098743 0.865625 0.03052064631956912 0.08375
0 0.7459605026929982 0.865625 0.03052064631956912 0.08375
0 0.7612208258527828 0.07187500000000001 0.025134649910233394 0.058750000000000004
0 0.7746858168761221 0.89 0.03052064631956912 0.1325
0 0.781867145421903 0.278125 0.02333931777378815 0.03875
0 0.803411131059246 0.28375 0.02333931777378815 0.055
0 0.8267504488330342 0.265 0.02333931777378815 0.0175
0 0.8913824057450629 0.095625 0.02333931777378815 0.05625
