0 0.12126537785588752 0.28875 0.01054481546572935 0.055
0 0.1203866432337434 0.86625 0.029876977152899824 0.0975
0 0.14323374340949033 0.28875 0.012302284710017574 0.055
0 0.14762741652021089 0.16375 0.07381370826010544 0.0425
0 0.1968365553602812 0.7675000000000001 0.035149384885764495 0.0775
0 0.4736379613356766 0.289375 0.05799648506151142 0.05625
0 0.4824253075571177 0.620625 0.11072056239015816 0.02125
0 0.5474516695957821 0.290625 0.06854130052724076 0.04625
0 0.5773286467486819 0.49125 0.07557117750439367 0.11750000000000001
0 0.6274165202108962 0.110625 0.10896309314586994 0.08875
0 0.7460456942003515 0.465 0.04745166959578207 0.0325
0 0.7855887521968365 0.828125 0.08084358523725835 0.03375
0 0.8137082601054481 0.569375 0.0492091388400703 0.02375
0 0.8523725834797891 0.15125 0.06678383128295254 0.0525
0 0.8497363796133567 0.775 0.05799648506151142 0.0625
