0 0.0933572710951526 0.88125 0.03231597845601436 0.1
0 0.12028725314183124 0.6625 0.03231597845601436 0.12
0 0.12926391382405744 0.881875 0.03231597845601436 0.10125
0 0.15080789946140036 0.629375 0.03231597845601436 0.05375
0 0.1867145421903052 0.448125 0.04308797127468582 0.08375
0 0.4919210053859964 0.8325 0.02872531418312388 0.0625
0 0.5188509874326751 0.839375 0.02872531418312388 0.07625
0 0.5439856373429085 0.8325 0.02872531418312388 0.0625
0 0.5709156193895871 0.8325 0.02872531418312388 0.0625
0 0.5888689407540395 0.3925 0.03231597845601436 0.0675
0 0.5969479353680431 0.8325 0.02333931777378815 0.0625
0 0.6166965888689407 0.4 0.03052064631956912 0.08750000000000001
0 0.6409335727109515 0.099375 0.03231597845601436 0.07375
0 0.6472172351885099 0.408125 0.03052064631956912 0.10375000000000001
0 0.6723518850987433 0.0825 0.02333931777378815 0.04
0 0.6768402154398564 0.38375000000000004 0.02872531418312388 0.055
0 0.7782764811490126 0.63375 0.05565529622980252 0.0825
