0 0.1344463971880492 0.535625 0.07908611599297012 0.07125000000000001
0 0.304920913884007 0.5375 0.08611599297012301 0.0825
0 0.3409490333919156 0.165625 0.10896309314586994 0.11125
0 0.4121265377855887 0.250625 0.008787346221441124 0.00625
0 0.5289982425307557 0.8150000000000001 0.056239015817223195 0.04
0 0.6528998242530756 0.553125 0.07557117750439367 0.12125
0 0.7609841827768014 0.165 0.09138840070298769 0.0975
0 0.8224956063268892 0.52125 0.15114235500878734 0.08750000000000001
0 0.8734622144112477 0.17250000000000001 0.07029876977152899 0.05
0 0.8901581722319859 0.8143750000000001 0.04393673110720562 0.051250000000000004
0 0.906854130052724 0.9550000000000001 0.13005272407732865 0.0325
