0 0.12565905096660807 0.295625 0.04393673110720562 0.03375
0 0.14323374340949033 0.4975 0.08963093145869946 0.1375
0 0.2961335676625659 0.116875 0.04745166959578207 0.03375
0 0.2609841827768014 0.419375 0.10017574692442882 0.01875
0 0.3391915641476274 0.115 0.02460456942003515 0.0675
0 0.37697715289982425 0.813125 0.06151142355008787 0.07375
0 0.46309314586994726 0.114375 0.08963093145869946 0.06125
0 0.46309314586994726 0.805625 0.07557117750439367 0.09875
0 0.4859402460456942 0.544375 0.09314586994727592 0.09875
0 0.5404217926186291 0.786875 0.05799648506151142 0.11875000000000001
0 0.5720562390158171 0.760625 0.008787346221441124 0.00625
0 0.5957820738137082 0.384375 0.035149384885764495 0.01625
0 0.7100175746924429 0.135625 0.05975395430579965 0.06875
0 0.8673110720562389 0.7993750000000001 0.08963093145869946 0.11125
0 0.8664323374340949 0.619375 0.08084358523725835 0.08625000000000001
0 0.8963093145869947 0.131875 0.045694200351493845 0.01625
