0 0.2881508078994614 0.60875 0.03052064631956912 0.08
0 0.4012567324955117 0.843125 0.03052064631956912 0.03625
0 0.4263913824057451 0.078125 0.03052064631956912 0.05375
0 0.42908438061041293 0.883125 0.02872531418312388 0.11875000000000001
0 0.45780969479353684 0.07875 0.02872531418312388 0.055
0 0.45870736086175945 0.891875 0.03052064631956912 0.13625
0 0.4883303411131059 0.10312500000000001 0.03231597845601436 0.10625
0 0.5763016157989228 0.8250000000000001 0.04308797127468582 0.12
0 0.6202872531418313 0.6637500000000001 0.026929982046678638 0.0625
0 0.6454219030520647 0.6637500000000001 0.02333931777378815 0.0625
