0 0.1348074179743224 0.5078125 0.0898716119828816 0.134765625
0 0.217546362339515 0.16357421875 0.03281027104136947 0.1181640625
0 0.2332382310984308 0.9228515625 0.03281027104136947 0.05859375
0 0.27246790299572043 0.1728515625 0.07417974322396577 0.138671875
0 0.24679029957203996 0.48583984375 0.1340941512125535 0.0908203125
0 0.37874465049928674 0.44970703125 0.029957203994293868 0.1005859375
0 0.40798858773181174 0.42529296875 0.028530670470756064 0.0517578125
0 0.4429386590584879 0.44140625 0.04136947218259629 0.083984375
0 0.7225392296718973 0.66455078125 0.1326676176890157 0.1201171875
0 0.8680456490727533 0.15283203125 0.029957203994293868 0.0986328125
0 0.8644793152639088 0.62158203125 0.08273894436519258 0.1103515625
0 0.9122681883024252 0.8876953125 0.10699001426533523 0.162109375
