0 0.11310592459605028 0.254375 0.02872531418312388 0.09625
0 0.1400359066427289 0.255625 0.02872531418312388 0.09375
0 0.144524236983842 0.816875 0.02333931777378815 0.03875
0 0.1526032315978456 0.65 0.02872531418312388 0.12
0 0.16696588868940754 0.255625 0.02872531418312388 0.09625
0 0.17953321364452424 0.64625 0.02872531418312388 0.1125
0 0.20556552962298025 0.628125 0.026929982046678638 0.07625
0 0.2315978456014363 0.635 0.02872531418312388 0.09
0 0.28276481149012567 0.575625 0.026929982046678638 0.04875
0 0.41202872531418316 0.8575 0.026929982046678638 0.0575
0 0.4389587073608618 0.8275 0.026929982046678638 0.0625
0 0.48473967684021546 0.415625 0.02872531418312388 0.08125
0 0.526032315978456 0.43062500000000004 0.05745062836624776 0.11375
0 0.6283662477558348 0.11812500000000001 0.03231597845601436 0.051250000000000004
0 0.796229802513465 0.14375000000000002 0.04129263913824058 0.1275
0 0.8177737881508079 0.689375 0.03052064631956912 0.11375
0 0.8456014362657092 0.6575 0.02872531418312388 0.05
0 0.8411131059245961 0.144375 0.04129263913824058 0.12875
0 0.8581687612208259 0.831875 0.02872531418312388 0.09125
0 0.874326750448833 0.58375 0.02872531418312388 0.07
0 0.8842010771992819 0.8618750000000001 0.026929982046678638 0.14875
0 0.9039497307001796 0.5925 0.03052064631956912 0.085
0 0.8859964093357271 0.15625 0.04129263913824058 0.155
0 0.9102333931777379 0.824375 0.02872531418312388 0.07625
