0 0.13005272407732865 0.608125 0.05975395430579965 0.08125
0 0.1282952548330404 0.8612500000000001 0.03163444639718805 0.0525
0 0.18189806678383127 0.13375 0.09666080843585237 0.1275
0 0.3471001757469244 0.61375 0.06502636203866433 0.065
0 0.3541300527240773 0.786875 0.05448154657293497 0.10625
0 0.5659050966608083 0.6675 0.07381370826010544 0.11750000000000001
0 0.6344463971880492 0.670625 0.05975395430579965 0.11375
0 0.7249560632688927 0.60875 0.07205623901581722 0.065
0 0.8734622144112477 0.1575 0.0984182776801406 0.1275
0 0.8919156414762741 0.63 0.07557117750439367 0.075
