0 0.15439856373429084 0.08875 0.03231597845601436 0.09
0 0.18491921005385997 0.07 0.03231597845601436 0.0575
0 0.2315978456014363 0.63375 0.02872531418312388 0.075
0 0.25763016157989227 0.62 0.026929982046678638 0.0475
0 0.28276481149012567 0.62 0.026929982046678638 0.0475
0 0.28994614003590663 0.7825 0.03052064631956912 0.0825
0 0.3177737881508079 0.75125 0.02872531418312388 0.02
0 0.3393177737881508 0.42 0.02872531418312388 0.065
0 0.34560143626570916 0.781875 0.03052064631956912 0.08125
0 0.3680430879712747 0.420625 0.02872531418312388 0.06625
0 0.5385996409335727 0.06625 0.02872531418312388 0.035
0 0.5673249551166966 0.0975 0.02872531418312388 0.0975
0 0.5942549371633753 0.06625 0.02872531418312388 0.035
0 0.6229802513464991 0.08125 0.02872531418312388 0.065
0 0.7154398563734291 0.2225 0.03411131059245961 0.045
0 0.7675044883303411 0.42312500000000003 0.1095152603231598 0.04125
0 0.7881508078994615 0.64125 0.03231597845601436 0.0975
0 0.8052064631956912 0.275625 0.026929982046678638 0.06625
0 0.8168761220825853 0.625625 0.02872531418312388 0.06625
0 0.8330341113105925 0.268125 0.02872531418312388 0.04625
0 0.895870736086176 0.606875 0.025134649910233394 0.03375
0 0.8644524236983843 0.42375 0.08797127468581688 0.04
