0 0.06205420827389444 0.818359375 0.03566333808844508 0.13671875
0 0.08059914407988587 0.56689453125 0.03566333808844508 0.1298828125
0 0.10342368045649072 0.8173828125 0.03566333808844508 0.13671875
0 0.1419400855920114 0.109375 0.06134094151212554 0.046875
0 0.12696148359486448 0.76220703125 0.017118402282453638 0.0244140625
0 0.16048502139800286 0.794921875 0.052781740370898715 0.091796875
0 0.46790299572039945 0.794921875 0.028530670470756064 0.162109375
0 0.4985734664764622 0.7685546875 0.029957203994293868 0.107421875
0 0.6362339514978602 0.77392578125 0.03138373751783167 0.0791015625
0 0.6733238231098431 0.7841796875 0.0456490727532097 0.09765625
0 0.6718972895863053 0.9306640625 0.10271041369472184 0.076171875
0 0.7154065620542083 0.75390625 0.029957203994293868 0.037109375
0 0.8744650499286734 0.78564453125 0.028530670470756064 0.0986328125
