0 0.10771992818671455 0.479375 0.03231597845601436 0.07625
0 0.14183123877917414 0.46187500000000004 0.03231597845601436 0.04125
0 0.18581687612208259 0.23375 0.04129263913824058 0.0725
0 0.2495511669658887 0.6775 0.02872531418312388 0.035
0 0.24416517055655296 0.93 0.03231597845601436 0.0725
0 0.3590664272890485 0.64625 0.03231597845601436 0.0525
0 0.388689407540395 0.645625 0.026929982046678638 0.051250000000000004
0 0.5691202872531419 0.645 0.06104129263913824 0.08750000000000001
0 0.6202872531418313 0.385625 0.03052064631956912 0.12875
0 0.6131059245960503 0.644375 0.03052064631956912 0.08625000000000001
0 0.6481149012567325 0.378125 0.02872531418312388 0.11375
0 0.6759425493716338 0.3625 0.03052064631956912 0.0825
0 0.7648114901256733 0.506875 0.03231597845601436 0.07375
0 0.8016157989228008 0.9225 0.04488330341113106 0.0675
0 0.796229802513465 0.48812500000000003 0.03052064631956912 0.03625
0 0.8168761220825853 0.130625 0.03231597845601436 0.16125
0 0.8411131059245961 0.349375 0.026929982046678638 0.058750000000000004
0 0.8473967684021544 0.130625 0.03231597845601436 0.16125
0 0.8644524236983843 0.790625 0.026929982046678638 0.09375
0 0.8797127468581688 0.130625 0.03231597845601436 0.16125
0 0.8913824057450629 0.775 0.026929982046678638 0.0625
