0 0.13620386643233742 0.7368750000000001 0.06151142355008787 0.03875
0 0.14762741652021089 0.475625 0.08084358523725835 0.10875
0 0.13796133567662566 0.12375 0.11423550087873462 0.035
0 0.3453427065026362 0.41375 0.04393673110720562 0.02
0 0.34270650263620384 0.129375 0.09138840070298769 0.03875
0 0.6142355008787346 0.13125 0.07908611599297012 0.02
0 0.641476274165202 0.740625 0.0843585237258348 0.08625000000000001
0 0.7776801405975395 0.51 0.18453427065026362 0.2025
0 0.8708260105448155 0.15125 0.11423550087873462 0.1
0 0.8945518453427065 0.7125 0.0492091388400703 0.04
0 0.906854130052724 0.9550000000000001 0.13005272407732865 0.0325
