0 0.09874326750448834 0.9500000000000001 0.03590664272890485 0.025
0 0.12746858168761221 0.9500000000000001 0.017953321364452424 0.0225
0 0.14721723518850988 0.9500000000000001 0.025134649910233394 0.0225
0 0.16247755834829444 0.864375 0.059245960502693 0.04125
0 0.177737881508079 0.9500000000000001 0.03590664272890485 0.025
0 0.21364452423698385 0.86375 0.025134649910233394 0.035
0 0.24775583482944347 0.9500000000000001 0.08258527827648116 0.025
0 0.3752244165170557 0.860625 0.27289048473967686 0.04875
0 0.5350089766606823 0.86375 0.017953321364452424 0.035
0 0.6929982046678635 0.864375 0.26929982046678635 0.04125
0 0.8527827648114902 0.86375 0.017953321364452424 0.035
