0 0.08168761220825853 0.6125 0.03052064631956912 0.09
0 0.11220825852782765 0.62875 0.03411131059245961 0.125
0 0.13824057450628366 0.858125 0.02872531418312388 0.09125
0 0.14272890484739678 0.62125 0.03411131059245961 0.1075
0 0.16337522441651706 0.836875 0.02872531418312388 0.04875
0 0.1903052064631957 0.8512500000000001 0.02872531418312388 0.0775
0 0.4254937163375225 0.22 0.03231597845601436 0.095
0 0.45601436265709155 0.256875 0.03231597845601436 0.16875
0 0.4910233393177738 0.256875 0.03411131059245961 0.16875
0 0.5287253141831239 0.24625 0.04488330341113106 0.15
0 0.6418312387791741 0.888125 0.026929982046678638 0.04625
0 0.6687612208258528 0.90125 0.026929982046678638 0.0725
0 0.6938958707360862 0.894375 0.026929982046678638 0.058750000000000004
0 0.7280071813285458 0.8300000000000001 0.026929982046678638 0.0725
0 0.7342908438061042 0.4325 0.02872531418312388 0.14
0 0.7531418312387792 0.845 0.026929982046678638 0.1
0 0.7612208258527828 0.409375 0.02872531418312388 0.09375
0 0.77737881508079 0.844375 0.025134649910233394 0.10125
0 0.7872531418312388 0.410625 0.026929982046678638 0.09375
0 0.77737881508079 0.62875 0.03231597845601436 0.1325
0 0.8016157989228008 0.824375 0.026929982046678638 0.058750000000000004
0 0.8105924596050269 0.619375 0.03411131059245961 0.11375
0 0.8150807899461401 0.425 0.02872531418312388 0.125
0 0.8258527827648116 0.844375 0.025134649910233394 0.09875
0 0.8438061041292639 0.601875 0.03590664272890485 0.07875
0 0.850987432675045 0.82375 0.025134649910233394 0.06
0 0.877019748653501 0.620625 0.03052064631956912 0.11375
