0 0.0888689407540395 0.34375 0.026929982046678638 0.045
0 0.11041292639138241 0.5525 0.03052064631956912 0.1525
0 0.11579892280071814 0.356875 0.026929982046678638 0.07625
0 0.14183123877917414 0.3575 0.02872531418312388 0.0775
0 0.1391382405745063 0.553125 0.03052064631956912 0.15125
0 0.16786355475763018 0.335625 0.026929982046678638 0.03375
0 0.1687612208258528 0.52 0.02872531418312388 0.08750000000000001
0 0.20377019748653502 0.8668750000000001 0.07360861759425494 0.15125
0 0.25673249551166966 0.83875 0.03231597845601436 0.095
0 0.3258527827648115 0.0925 0.026929982046678638 0.075
0 0.3509874326750449 0.091875 0.026929982046678638 0.07625
0 0.3464991023339318 0.4525 0.053859964093357277 0.035
0 0.3877917414721724 0.45687500000000003 0.03231597845601436 0.01875
0 0.45960502692998206 0.339375 0.02872531418312388 0.12125
0 0.4856373429084381 0.3175 0.026929982046678638 0.0775
0 0.5134649910233393 0.31 0.025134649910233394 0.0625
0 0.604129263913824 0.45625 0.04847396768402155 0.0275
0 0.7737881508078995 0.3425 0.02872531418312388 0.1125
0 0.803411131059246 0.319375 0.026929982046678638 0.06625
0 0.8096947935368043 0.516875 0.02872531418312388 0.06625
0 0.8806104129263914 0.09875 0.026929982046678638 0.0625
0 0.9057450628366248 0.091875 0.026929982046678638 0.043750000000000004
