0 0.2513464991023339 0.36562500000000003 0.02872531418312388 0.09875
0 0.2791741472172352 0.380625 0.03052064631956912 0.13375
0 0.3016157989228007 0.8775000000000001 0.03231597845601436 0.10250000000000001
0 0.30789946140035906 0.34875 0.03052064631956912 0.0675
0 0.33123877917414724 0.8775000000000001 0.03052064631956912 0.10250000000000001
0 0.3599640933572711 0.860625 0.03052064631956912 0.06875
0 0.6355475763016158 0.3725 0.03231597845601436 0.12
0 0.6651705565529623 0.348125 0.03052064631956912 0.06875
0 0.7504488330341114 0.41500000000000004 0.02872531418312388 0.0975
0 0.7630161579892281 0.315625 0.02872531418312388 0.051250000000000004
0 0.7908438061041293 0.31625000000000003 0.03052064631956912 0.05
0 0.7782764811490126 0.406875 0.026929982046678638 0.08125
0 0.8070017953321365 0.3925 0.026929982046678638 0.05
0 0.8150807899461401 0.108125 0.03231597845601436 0.12625
0 0.848294434470377 0.758125 0.03052064631956912 0.08875
0 0.8788150807899462 0.758125 0.03052064631956912 0.08875
