0 0.09245960502692999 0.443125 0.026929982046678638 0.03625
0 0.118491921005386 0.619375 0.03590664272890485 0.06625
0 0.12118491921005387 0.451875 0.03052064631956912 0.051250000000000004
0 0.14272890484739678 0.935 0.026929982046678638 0.0475
0 0.14901256732495513 0.444375 0.02154398563734291 0.03625
0 0.1606822262118492 0.605625 0.03411131059245961 0.04625
0 0.236983842010772 0.105625 0.08976660682226212 0.03875
0 0.35727109515260325 0.095625 0.02872531418312388 0.08125
0 0.38420107719928187 0.10375000000000001 0.02872531418312388 0.0975
0 0.4156193895870736 0.08750000000000001 0.03052064631956912 0.065
0 0.48473967684021546 0.864375 0.02872531418312388 0.11125
0 0.5080789946140036 0.623125 0.03590664272890485 0.08125
0 0.5125673249551167 0.84875 0.03052064631956912 0.0825
0 0.5125673249551167 0.43 0.03052064631956912 0.0225
0 0.5394973070017953 0.85 0.03052064631956912 0.08
0 0.6265709156193896 0.44625000000000004 0.02872531418312388 0.0975
0 0.6543985637342908 0.445625 0.03052064631956912 0.09625
0 0.7423698384201077 0.70125 0.07001795332136446 0.0275
0 0.7917414721723519 0.694375 0.03231597845601436 0.02625
0 0.8123877917414722 0.11375 0.026929982046678638 0.085
0 0.8204667863554758 0.435 0.02872531418312388 0.08
0 0.8420107719928187 0.105625 0.02872531418312388 0.06875
0 0.8464991023339318 0.435625 0.03052064631956912 0.08375
0 0.8716337522441652 0.089375 0.026929982046678638 0.03625
0 0.8761220825852784 0.435 0.02872531418312388 0.0825
