0 0.08168761220825853 0.83625 0.026929982046678638 0.07
0 0.09874326750448834 0.714375 0.025134649910233394 0.07125000000000001
0 0.1059245960502693 0.836875 0.025134649910233394 0.06875
0 0.1229802513464991 0.715 0.026929982046678638 0.0725
0 0.12926391382405744 0.849375 0.025134649910233394 0.09625
0 0.14721723518850988 0.6950000000000001 0.025134649910233394 0.03
0 0.15350089766606823 0.829375 0.026929982046678638 0.05625
0 0.3393177737881508 0.850625 0.05026929982046679 0.09625
0 0.37432675044883307 0.83125 0.02333931777378815 0.0575
0 0.447935368043088 0.6925 0.026929982046678638 0.0925
0 0.45960502692998206 0.1125 0.03231597845601436 0.0775
0 0.4748653500897666 0.70125 0.026929982046678638 0.105
0 0.5008976660682226 0.699375 0.02872531418312388 0.10375000000000001
0 0.5215439856373429 0.845 0.026929982046678638 0.085
0 0.5278276481149012 0.699375 0.02872531418312388 0.10625
0 0.5466786355475763 0.8456250000000001 0.026929982046678638 0.08625000000000001
0 0.5538599640933572 0.70125 0.026929982046678638 0.1075
0 0.6561938958707361 0.716875 0.02333931777378815 0.07875
0 0.7226211849192101 0.21937500000000001 0.03411131059245961 0.03875
0 0.7315978456014363 0.635625 0.026929982046678638 0.06875
0 0.755834829443447 0.634375 0.025134649910233394 0.07125000000000001
0 0.7800718132854578 0.62125 0.026929982046678638 0.045
0 0.8204667863554758 0.6118750000000001 0.02872531418312388 0.06375
0 0.8473967684021544 0.604375 0.02872531418312388 0.051250000000000004
0 0.8563734290843806 0.911875 0.025134649910233394 0.03125
0 0.8752244165170557 0.59 0.026929982046678638 0.02
