0 0.20017953321364454 0.13625 0.03052064631956912 0.10250000000000001
0 0.22890484739676842 0.13625 0.03052064631956912 0.10250000000000001
0 0.26032315978456017 0.11125 0.02872531418312388 0.0525
0 0.29443447037701975 0.418125 0.06463195691202872 0.08875
0 0.3644524236983842 0.625 0.02872531418312388 0.0775
0 0.39138240574506283 0.63875 0.02872531418312388 0.1075
0 0.4183123877917415 0.631875 0.02872531418312388 0.09375
0 0.4317773788150808 0.3775 0.03052064631956912 0.0375
0 0.44614003590664275 0.601875 0.026929982046678638 0.03375
0 0.5484739676840216 0.385625 0.008976660682226212 0.00625
0 0.5502692998204668 0.385625 0.008976660682226212 0.00625
0 0.552064631956912 0.385625 0.008976660682226212 0.00625
0 0.5538599640933572 0.385625 0.008976660682226212 0.00625
0 0.5556552962298026 0.385625 0.008976660682226212 0.00625
0 0.5574506283662478 0.385625 0.008976660682226212 0.00625
0 0.559245960502693 0.385625 0.008976660682226212 0.00625
0 0.5610412926391383 0.385625 0.008976660682226212 0.00625
0 0.6149012567324955 0.39187500000000003 0.11310592459605028 0.07625
0 0.6840215439856374 0.90625 0.02872531418312388 0.07
0 0.7127468581687613 0.914375 0.03231597845601436 0.08625000000000001
0 0.7414721723518851 0.8975 0.02872531418312388 0.0525
0 0.7746858168761221 0.1925 0.03052064631956912 0.12
0 0.8007181328545782 0.17125 0.02872531418312388 0.0775
0 0.8321364452423698 0.10875 0.026929982046678638 0.12
0 0.8321364452423698 0.82875 0.07001795332136446 0.14
0 0.8590664272890485 0.10187500000000001 0.026929982046678638 0.10625
0 0.8806104129263914 0.795625 0.03052064631956912 0.07125000000000001
0 0.8850987432675045 0.08687500000000001 0.02872531418312388 0.07625
0 0.9003590664272891 0.39937500000000004 0.03052064631956912 0.10125
0 0.9120287253141831 0.08 0.025134649910233394 0.0625
0 0.929084380610413 0.39 0.03052064631956912 0.08750000000000001
