0 0.09226713532513181 0.88125 0.012302284710017574 0.0175
0 0.11687170474516695 0.5650000000000001 0.06854130052724076 0.075
0 0.1265377855887522 0.1775 0.0773286467486819 0.10250000000000001
0 0.14762741652021089 0.8125 0.07381370826010544 0.1
0 0.23022847100175745 0.109375 0.014059753954305799 0.06875
0 0.25834797891036904 0.109375 0.014059753954305799 0.06875
0 0.3954305799648506 0.56875 0.09490333919156414 0.15
0 0.4112478031634446 0.39625 0.0773286467486819 0.0925
0 0.4121265377855887 0.806875 0.07205623901581722 0.07875
0 0.469244288224956 0.193125 0.12302284710017573 0.16375
0 0.5210896309314587 0.6168750000000001 0.06854130052724076 0.09875
0 0.7776801405975395 0.475625 0.06151142355008787 0.07625
0 0.8514938488576449 0.470625 0.08260105448154657 0.12125
0 0.8699472759226713 0.238125 0.0632688927943761 0.11625
