0 0.16337522441651706 0.176875 0.03231597845601436 0.10875
0 0.17594254937163376 0.5750000000000001 0.02872531418312388 0.05
0 0.1867145421903052 0.779375 0.02872531418312388 0.08375
0 0.1938958707360862 0.15125 0.025134649910233394 0.055
0 0.20377019748653502 0.59 0.03052064631956912 0.0825
0 0.23070017953321365 0.786875 0.059245960502693 0.10125
0 0.2324955116696589 0.5825 0.026929982046678638 0.065
0 0.2737881508078995 0.77125 0.03052064631956912 0.0675
0 0.4919210053859964 0.5750000000000001 0.02872531418312388 0.085
0 0.5215439856373429 0.59125 0.03052064631956912 0.115
0 0.5502692998204668 0.5825 0.03052064631956912 0.1
0 0.7585278276481149 0.755 0.07719928186714542 0.1125
0 0.8078994614003591 0.586875 0.08617594254937164 0.10625
0 0.8689407540394973 0.140625 0.02872531418312388 0.11875000000000001
0 0.862657091561939 0.55875 0.026929982046678638 0.05
0 0.888689407540395 0.573125 0.02872531418312388 0.07625
0 0.8985637342908438 0.123125 0.03052064631956912 0.08625000000000001
