0 0.12268188302425108 0.07470703125 0.02567760342368046 0.0830078125
0 0.1291012838801712 0.7880859375 0.047075606276747506 0.158203125
0 0.137660485021398 0.25830078125 0.07560627674750357 0.1318359375
0 0.1847360912981455 0.24267578125 0.024251069900142655 0.0986328125
0 0.3594864479315264 0.7412109375 0.08273894436519258 0.091796875
0 0.4136947218259629 0.75048828125 0.028530670470756064 0.1103515625
0 0.42011412268188303 0.31103515625 0.03851640513552069 0.0517578125
0 0.4472182596291013 0.09326171875 0.06419400855920114 0.0986328125
0 0.5014265335235378 0.08544921875 0.04136947218259629 0.0830078125
0 0.5784593437945792 0.08349609375 0.024251069900142655 0.0966796875
0 0.6975748930099858 0.0771484375 0.028530670470756064 0.083984375
0 0.8231098430813124 0.08251953125 0.02567760342368046 0.1201171875
0 0.8723252496433667 0.48974609375 0.03281027104136947 0.1376953125
0 0.8815977175463624 0.08251953125 0.0912981455064194 0.1201171875
0 0.9457917261055635 0.09716796875 0.037089871611982884 0.1494140625
