0 0.1059245960502693 0.884375 0.03949730700179534 0.11875000000000001
0 0.3258527827648115 0.425 0.07719928186714542 0.0375
0 0.4228007181328546 0.435625 0.04129263913824058 0.02875
0 0.4856373429084381 0.311875 0.06283662477558348 0.02125
0 0.5062836624775584 0.435 0.03949730700179534 0.0275
0 0.5323159784560144 0.314375 0.026929982046678638 0.01625
0 0.5628366247755835 0.314375 0.026929982046678638 0.01625
0 0.59245960502693 0.314375 0.025134649910233394 0.01625
0 0.6005385996409336 0.435625 0.03770197486535009 0.02375
0 0.6831238779174148 0.4375 0.03411131059245961 0.0225
0 0.736983842010772 0.440625 0.01615798922800718 0.01125
0 0.7746858168761221 0.441875 0.012567324955116697 0.00875
0 0.8087971274685817 0.441875 0.012567324955116697 0.00875
