0 0.0969479353680431 0.73875 0.02872531418312388 0.085
0 0.1265709156193896 0.7368750000000001 0.03052064631956912 0.08625000000000001
0 0.1391382405745063 0.596875 0.03411131059245961 0.058750000000000004
0 0.24865350089766608 0.8625 0.17055655296229802 0.04
0 0.1732495511669659 0.578125 0.026929982046678638 0.02125
0 0.4488330341113106 0.23500000000000001 0.02872531418312388 0.05
0 0.4766606822262119 0.274375 0.03052064631956912 0.12875
0 0.49551166965888693 0.096875 0.02872531418312388 0.04875
0 0.5053859964093358 0.25875 0.03052064631956912 0.0975
0 0.5224416517055656 0.12625 0.02872531418312388 0.1075
0 0.533213644524237 0.2275 0.02872531418312388 0.035
0 0.5637342908438061 0.12625 0.06104129263913824 0.1075
0 0.5583482944344704 0.72875 0.02872531418312388 0.065
0 0.5861759425493717 0.744375 0.03052064631956912 0.09625
0 0.5816876122082586 0.919375 0.03231597845601436 0.05625
0 0.6140035906642729 0.74375 0.02872531418312388 0.1
0 0.6238779174147218 0.481875 0.03411131059245961 0.10125
0 0.6427289048473968 0.72875 0.02872531418312388 0.0675
0 0.658886894075404 0.46187500000000004 0.03590664272890485 0.06125
0 0.6705565529622981 0.744375 0.03052064631956912 0.09875
0 0.7648114901256733 0.4625 0.02872531418312388 0.06
0 0.7782764811490126 0.7106250000000001 0.03052064631956912 0.04875
0 0.8061041292639138 0.7262500000000001 0.02872531418312388 0.0825
0 0.8348294434470377 0.734375 0.02872531418312388 0.09625
