0 0.1274165202108963 0.421875 0.07205623901581722 0.13375
0 0.13181019332161686 0.880625 0.05272407732864674 0.03875
0 0.1985940246045694 0.38625 0.03866432337434095 0.03
0 0.29261862917398945 0.6725 0.08963093145869946 0.075
0 0.3813708260105448 0.690625 0.017574692442882248 0.02375
0 0.5175746924428822 0.446875 0.06502636203866433 0.12375
0 0.5623901581722319 0.1825 0.02460456942003515 0.0825
0 0.5869947275922671 0.499375 0.056239015817223195 0.08375
0 0.8409490333919156 0.82125 0.06854130052724076 0.11
0 0.8585237258347979 0.14375000000000002 0.04745166959578207 0.055
0 0.898945518453427 0.80875 0.04393673110720562 0.0725
0 0.8796133567662565 0.413125 0.08963093145869946 0.03875
