0 0.1903052064631957 0.424375 0.0466786355475763 0.13625
0 0.22710951526032316 0.42 0.03411131059245961 0.125
0 0.6723518850987433 0.974375 0.008976660682226212 0.00625
0 0.710951526032316 0.18937500000000002 0.03231597845601436 0.07625
0 0.7639138240574507 0.225625 0.07360861759425494 0.15125
0 0.7459605026929982 0.9706250000000001 0.13824057450628366 0.02625
0 0.8617594254937164 0.969375 0.0969479353680431 0.02875
0 0.848294434470377 0.850625 0.03770197486535009 0.11875000000000001
0 0.8617594254937164 0.134375 0.03231597845601436 0.05625
0 0.8931777378815081 0.134375 0.03052064631956912 0.05625
