0 0.1606822262118492 0.395 0.03411131059245961 0.12
0 0.19569120287253142 0.38625 0.03590664272890485 0.1
0 0.25583482944344704 0.62875 0.026929982046678638 0.02
0 0.27737881508078993 0.624375 0.01974865350089767 0.02125
0 0.3043087971274686 0.6225 0.02333931777378815 0.0175
0 0.329443447037702 0.6225 0.02333931777378815 0.0125
0 0.4380610412926392 0.5906250000000001 0.05745062836624776 0.12125
0 0.4272890484739677 0.8275 0.02872531418312388 0.1125
0 0.4488330341113106 0.15875 0.03590664272890485 0.105
0 0.45511669658886894 0.8043750000000001 0.03052064631956912 0.06625
0 0.4793536804308797 0.56875 0.02872531418312388 0.0775
0 0.48473967684021546 0.170625 0.03590664272890485 0.12125
0 0.5215439856373429 0.13 0.03411131059245961 0.04
0 0.5242369838420108 0.335 0.02872531418312388 0.05
0 0.5529622980251346 0.33437500000000003 0.02872531418312388 0.04875
0 0.6166965888689407 0.584375 0.03411131059245961 0.07625
0 0.6490125673249552 0.61125 0.03411131059245961 0.1325
0 0.6813285457809695 0.58375 0.03411131059245961 0.0775
0 0.68491921005386 0.105625 0.03052064631956912 0.11375
0 0.7136445242369839 0.098125 0.03052064631956912 0.09875
