0 0.12214411247803163 0.405625 0.06502636203866433 0.04875
0 0.1282952548330404 0.8306250000000001 0.0843585237258348 0.051250000000000004
0 0.14674868189806678 0.175625 0.09666080843585237 0.09125
0 0.29876977152899825 0.4 0.05975395430579965 0.045
0 0.4086115992970123 0.1525 0.012302284710017574 0.075
0 0.4042179261862917 0.68125 0.03866432337434095 0.03
0 0.43673110720562386 0.1525 0.012302284710017574 0.075
0 0.46309314586994726 0.42 0.06151142355008787 0.0625
0 0.4516695957820738 0.868125 0.1265377855887522 0.10625
0 0.5043936731107206 0.720625 0.1195079086115993 0.11125
0 0.5641476274165201 0.47375 0.09490333919156414 0.17500000000000002
0 0.8339191564147627 0.754375 0.11072056239015816 0.12875
0 0.8646748681898067 0.48625 0.09138840070298769 0.19
