0 0.06373429084380611 0.408125 0.03052064631956912 0.03625
0 0.11041292639138241 0.43375 0.06642728904847398 0.08750000000000001
0 0.13464991023339318 0.595 0.02872531418312388 0.085
0 0.15798922800718135 0.416875 0.03231597845601436 0.05375
0 0.16427289048473967 0.586875 0.03052064631956912 0.06625
0 0.22800718132854578 0.7625000000000001 0.03231597845601436 0.1275
0 0.25763016157989227 0.7625000000000001 0.03052064631956912 0.1275
0 0.3500897666068223 0.139375 0.02872531418312388 0.09625
0 0.3779174147217235 0.114375 0.026929982046678638 0.051250000000000004
0 0.38330341113105926 0.734375 0.012567324955116697 0.01875
0 0.4111310592459605 0.75 0.02872531418312388 0.0475
0 0.4883303411131059 0.229375 0.025134649910233394 0.09375
0 0.5143626570915619 0.235625 0.026929982046678638 0.10625
0 0.5134649910233393 0.450625 0.02872531418312388 0.06625
0 0.5403949730700179 0.24375 0.02872531418312388 0.12
0 0.5655296229802513 0.22125 0.02872531418312388 0.0775
0 0.5978456014362658 0.74625 0.08976660682226212 0.055
0 0.6050269299820467 0.174375 0.02872531418312388 0.05625
0 0.6391382405745063 0.81 0.06104129263913824 0.0475
0 0.6615798922800719 0.7262500000000001 0.03052064631956912 0.035
0 0.6894075403949731 0.75 0.02872531418312388 0.0825
0 0.7172351885098743 0.75 0.03052064631956912 0.0825
0 0.7450628366247756 0.7425 0.02872531418312388 0.0675
0 0.77737881508079 0.5875 0.03231597845601436 0.04
0 0.829443447037702 0.400625 0.02872531418312388 0.09625
0 0.8572710951526032 0.378125 0.026929982046678638 0.04875
0 0.8904847396768403 0.12625 0.02872531418312388 0.05
0 0.8850987432675045 0.3775 0.02872531418312388 0.05
