0 0.046362339514978604 0.43212890625 0.06419400855920114 0.2021484375
0 0.09843081312410842 0.16552734375 0.039942938659058486 0.1806640625
0 0.12553495007132667 0.09814453125 0.017118402282453638 0.0458984375
0 0.11982881597717547 0.43408203125 0.059914407988587735 0.2021484375
0 0.15335235378031384 0.1669921875 0.04136947218259629 0.181640625
0 0.15691868758915836 0.35302734375 0.017118402282453638 0.0126953125
0 0.1733238231098431 0.76708984375 0.04136947218259629 0.1279296875
0 0.19686162624821685 0.455078125 0.059914407988587735 0.240234375
0 0.20042796005706134 0.12744140625 0.04136947218259629 0.1044921875
0 0.2332382310984308 0.515625 0.018544935805991442 0.033203125
0 0.369472182596291 0.92919921875 0.07703281027104138 0.1162109375
0 0.4037089871611983 0.74658203125 0.14550641940085593 0.1650390625
0 0.7182596291012839 0.13525390625 0.03281027104136947 0.1181640625
0 0.7325249643366619 0.4482421875 0.06134094151212554 0.201171875
0 0.7967189728958631 0.14404296875 0.11840228245363767 0.1376953125
0 0.8059914407988588 0.4501953125 0.06276747503566334 0.201171875
0 0.8352353780313838 0.76708984375 0.052781740370898715 0.0927734375
0 0.8423680456490727 0.36962890625 0.018544935805991442 0.0322265625
0 0.8423680456490727 0.40966796875 0.018544935805991442 0.0126953125
0 0.890870185449358 0.43017578125 0.07560627674750357 0.1611328125
0 0.920827389443652 0.40966796875 0.018544935805991442 0.0126953125
