0 0.07132667617689016 0.666015625 0.11126961483594865 0.1484375
0 0.0884450784593438 0.4306640625 0.028530670470756064 0.08984375
0 0.1262482168330956 0.43896484375 0.0442225392296719 0.1083984375
0 0.19757489300998574 0.64306640625 0.029957203994293868 0.0986328125
0 0.24536376604850216 0.650390625 0.06562054208273894 0.1171875
0 0.41012838801711843 0.91943359375 0.06990014265335236 0.1044921875
0 0.4593437945791726 0.89013671875 0.037089871611982884 0.0458984375
0 0.5777460770328103 0.90966796875 0.0912981455064194 0.1201171875
0 0.7161198288159772 0.923828125 0.06847360912981455 0.12890625
0 0.753922967189729 0.4091796875 0.02710413694721826 0.126953125
0 0.8138373751783167 0.41796875 0.08416547788873038 0.14453125
0 0.8566333808844508 0.82275390625 0.024251069900142655 0.0615234375
0 0.8887303851640513 0.82958984375 0.037089871611982884 0.0751953125
0 0.8794579172610557 0.9423828125 0.0898716119828816 0.09375
