0 0.16405135520684735 0.86083984375 0.03138373751783167 0.0263671875
0 0.16333808844507847 0.80126953125 0.03281027104136947 0.0244140625
0 0.1840228245363766 0.9208984375 0.03138373751783167 0.0234375
0 0.24536376604850216 0.33837890625 0.059914407988587735 0.0751953125
0 0.5035663338088445 0.18603515625 0.11982881597717547 0.0908203125
0 0.5534950071326676 0.9521484375 0.02567760342368046 0.02734375
0 0.5784593437945792 0.904296875 0.021398002853067047 0.021484375
0 0.5855920114122682 0.8388671875 0.024251069900142655 0.02734375
0 0.5955777460770328 0.77099609375 0.03566333808844508 0.0263671875
0 0.5977175463623395 0.90380859375 0.017118402282453638 0.0166015625
0 0.62339514978602 0.1611328125 0.028530670470756064 0.05859375
0 0.68830242510699 0.19091796875 0.0898716119828816 0.1201171875
0 0.7097004279600571 0.8701171875 0.009985734664764621 0.009765625
0 0.8837375178316691 0.4111328125 0.06419400855920114 0.091796875
0 0.9329529243937232 0.06787109375 0.037089871611982884 0.0908203125
