0 0.17261055634807418 0.40283203125 0.028530670470756064 0.0908203125
0 0.19186875891583452 0.71044921875 0.0442225392296719 0.1552734375
0 0.20399429386590587 0.384765625 0.011412268188302425 0.0546875
0 0.24607703281027105 0.71484375 0.05563480741797432 0.166015625
0 0.42938659058487877 0.72802734375 0.0456490727532097 0.1162109375
0 0.4479315263908702 0.96435546875 0.017118402282453638 0.0380859375
0 0.4543509272467903 0.68212890625 0.009985734664764621 0.0087890625
0 0.43651925820256776 0.890625 0.09985734664764623 0.09375
0 0.46861626248216837 0.07080078125 0.029957203994293868 0.0361328125
0 0.4814550641940086 0.71630859375 0.049928673323823114 0.0927734375
0 0.7004279600570613 0.9658203125 0.21112696148359486 0.017578125
0 0.797432239657632 0.41943359375 0.014265335235378032 0.0615234375
