0 0.0442225392296719 0.3798828125 0.03138373751783167 0.099609375
0 0.05920114122681883 0.90478515625 0.03851640513552069 0.1591796875
0 0.10627674750356633 0.60498046875 0.0898716119828816 0.1572265625
0 0.10057061340941513 0.38916015625 0.07560627674750357 0.1181640625
0 0.10057061340941513 0.87158203125 0.03851640513552069 0.0927734375
0 0.21326676176890158 0.8583984375 0.10128388017118403 0.1171875
0 0.28031383737517834 0.87060546875 0.03566333808844508 0.1357421875
0 0.45506419400855924 0.8701171875 0.05135520684736092 0.09375
0 0.840941512125535 0.6533203125 0.1326676176890157 0.138671875
0 0.8423680456490727 0.87451171875 0.1326676176890157 0.1396484375
