0 0.1291012838801712 0.52685546875 0.05848787446504993 0.1337890625
0 0.1319543509272468 0.12060546875 0.029957203994293868 0.0712890625
0 0.19329529243937232 0.876953125 0.1326676176890157 0.138671875
0 0.2289586305278174 0.09423828125 0.029957203994293868 0.0908203125
0 0.261055634807418 0.09423828125 0.028530670470756064 0.0908203125
0 0.3644793152639087 0.28564453125 0.015691868758915834 0.0693359375
0 0.4272467902995721 0.513671875 0.052781740370898715 0.162109375
0 0.47788873038516405 0.45703125 0.05135520684736092 0.048828125
0 0.514978601997147 0.265625 0.02282453637660485 0.037109375
0 0.7075606276747504 0.259765625 0.011412268188302425 0.037109375
0 0.6932952924393724 0.78515625 0.1340941512125535 0.177734375
0 0.9343794579172611 0.28369140625 0.011412268188302425 0.0380859375
