0 0.1433666191155492 0.84765625 0.052781740370898715 0.16015625
0 0.1847360912981455 0.162109375 0.1326676176890157 0.119140625
0 0.15977175463623394 0.4970703125 0.10271041369472184 0.115234375
0 0.20185449358059915 0.45166015625 0.015691868758915834 0.0244140625
0 0.21825962910128388 0.80224609375 0.10271041369472184 0.0693359375
0 0.25962910128388017 0.416015625 0.037089871611982884 0.046875
0 0.28316690442225395 0.4052734375 0.015691868758915834 0.013671875
0 0.31669044222539233 0.4501953125 0.05135520684736092 0.115234375
0 0.3544935805991441 0.77734375 0.052781740370898715 0.162109375
0 0.7417974322396577 0.15625 0.1340941512125535 0.177734375
0 0.6847360912981455 0.78076171875 0.05135520684736092 0.1396484375
0 0.7596291012838802 0.45166015625 0.052781740370898715 0.1376953125
0 0.7596291012838802 0.81396484375 0.10128388017118403 0.2060546875
