0 0.14693295292439373 0.87255859375 0.08273894436519258 0.1455078125
0 0.1797432239657632 0.91796875 0.017118402282453638 0.013671875
0 0.1790299572039943 0.8828125 0.015691868758915834 0.013671875
0 0.1797432239657632 0.84765625 0.017118402282453638 0.01171875
0 0.25606276747503565 0.13818359375 0.05563480741797432 0.1474609375
0 0.43865905848787445 0.4384765625 0.03281027104136947 0.115234375
0 0.4871611982881598 0.44921875 0.052781740370898715 0.13671875
0 0.5299572039942939 0.4267578125 0.03566333808844508 0.091796875
0 0.7931526390870186 0.4638671875 0.008559201141226819 0.005859375
0 0.8052781740370899 0.70166015625 0.047075606276747506 0.1787109375
0 0.8088445078459344 0.4228515625 0.017118402282453638 0.03125
0 0.8259629101283881 0.13916015625 0.017118402282453638 0.0712890625
0 0.8231098430813124 0.48193359375 0.05135520684736092 0.0888671875
0 0.8744650499286734 0.42236328125 0.06276747503566334 0.0947265625
