0 0.04136947218259629 0.439453125 0.02567760342368046 0.05078125
0 0.06704707560627675 0.88037109375 0.019971469329529243 0.0205078125
0 0.08202567760342368 0.39453125 0.024251069900142655 0.044921875
0 0.12054208273894437 0.64013671875 0.047075606276747506 0.1533203125
0 0.12981455064194009 0.408203125 0.06847360912981455 0.076171875
0 0.15620542082738945 0.14111328125 0.029957203994293868 0.0400390625
0 0.20328102710413695 0.92236328125 0.0442225392296719 0.0908203125
0 0.340941512125535 0.88232421875 0.02567760342368046 0.1083984375
0 0.3730385164051355 0.4208984375 0.08131241084165478 0.09375
0 0.4222539229671897 0.89111328125 0.037089871611982884 0.1572265625
0 0.5335235378031384 0.8623046875 0.11126961483594865 0.115234375
0 0.550641940085592 0.361328125 0.11982881597717547 0.119140625
0 0.6890156918687589 0.5732421875 0.02567760342368046 0.025390625
0 0.8024251069900142 0.86376953125 0.04136947218259629 0.1162109375
0 0.833095577746077 0.85498046875 0.028530670470756064 0.0986328125
0 0.848074179743224 0.59814453125 0.03281027104136947 0.0986328125
0 0.8609129814550642 0.3837890625 0.03851640513552069 0.09765625
0 0.8616262482168331 0.83154296875 0.011412268188302425 0.0498046875
