0 0.15121255349500715 0.41064453125 0.03138373751783167 0.0693359375
0 0.19900142653352354 0.421875 0.052781740370898715 0.091796875
0 0.19400855920114124 0.88427734375 0.03138373751783167 0.1142578125
0 0.2303851640513552 0.89306640625 0.03281027104136947 0.1357421875
0 0.24893009985734665 0.43310546875 0.052781740370898715 0.1142578125
0 0.2296718972895863 0.146484375 0.11126961483594865 0.1640625
0 0.27246790299572043 0.87158203125 0.0456490727532097 0.0986328125
0 0.5599144079885877 0.66455078125 0.007132667617689016 0.0048828125
0 0.8395149786019972 0.42626953125 0.11840228245363767 0.1572265625
0 0.8231098430813124 0.65625 0.04850213980028531 0.119140625
0 0.8359486447931527 0.1181640625 0.0912981455064194 0.099609375
0 0.8587731811697575 0.64697265625 0.028530670470756064 0.0986328125
0 0.8930099857346648 0.10888671875 0.02282453637660485 0.0791015625
