0 0.08131241084165478 0.8955078125 0.028530670470756064 0.029296875
0 0.1276747503566334 0.30078125 0.10128388017118403 0.11328125
0 0.11840228245363767 0.52490234375 0.06276747503566334 0.0673828125
0 0.1825962910128388 0.91650390625 0.028530670470756064 0.0732421875
0 0.14550641940085593 0.93359375 0.09700427960057062 0.130859375
0 0.19472182596291013 0.3232421875 0.03566333808844508 0.158203125
0 0.2211126961483595 0.92431640625 0.042796005706134094 0.0908203125
0 0.31669044222539233 0.75244140625 0.037089871611982884 0.0927734375
0 0.5920114122681883 0.09912109375 0.07132667617689016 0.1630859375
0 0.652639087018545 0.09130859375 0.05563480741797432 0.1455078125
0 0.739657631954351 0.06982421875 0.02710413694721826 0.0908203125
0 0.7867332382310984 0.08447265625 0.06990014265335236 0.1201171875
0 0.7895863052781741 0.33837890625 0.05848787446504993 0.0908203125
0 0.8573466476462197 0.916015625 0.028530670470756064 0.080078125
0 0.8794579172610557 0.0361328125 0.021398002853067047 0.0546875
0 0.9201141226818831 0.92431640625 0.0912981455064194 0.0986328125
0 0.927960057061341 0.57861328125 0.09843081312410842 0.1005859375
0 0.9215406562054208 0.06884765625 0.06276747503566334 0.1201171875
0 0.9650499286733238 0.0361328125 0.03281027104136947 0.0546875
