0 0.06419400855920114 0.6298828125 0.02567760342368046 0.044921875
0 0.0898716119828816 0.67333984375 0.02282453637660485 0.1337890625
0 0.11269614835948645 0.87353515625 0.03138373751783167 0.0771484375
0 0.12196861626248218 0.666015625 0.03566333808844508 0.119140625
0 0.16761768901569188 0.8935546875 0.07560627674750357 0.1171875
0 0.20042796005706134 0.6552734375 0.0442225392296719 0.109375
0 0.23252496433666192 0.6201171875 0.011412268188302425 0.037109375
0 0.43437945791726107 0.1357421875 0.1326676176890157 0.1640625
0 0.4579172610556348 0.47509765625 0.07417974322396577 0.1181640625
0 0.7624821683309558 0.8818359375 0.03851640513552069 0.060546875
