0 0.1319543509272468 0.232421875 0.0898716119828816 0.138671875
0 0.1847360912981455 0.8935546875 0.029957203994293868 0.08984375
0 0.21683309557774608 0.8857421875 0.02567760342368046 0.068359375
0 0.2268188302425107 0.66748046875 0.028530670470756064 0.0986328125
0 0.24964336661911557 0.8583984375 0.019971469329529243 0.01953125
0 0.2553495007132668 0.642578125 0.011412268188302425 0.05078125
0 0.2689015691868759 0.16162109375 0.0898716119828816 0.1572265625
0 0.5670470756062768 0.69580078125 0.05563480741797432 0.1298828125
0 0.6241084165477889 0.6826171875 0.05563480741797432 0.103515625
0 0.681169757489301 0.70947265625 0.05563480741797432 0.1572265625
0 0.7952924393723253 0.14599609375 0.10128388017118403 0.0927734375
0 0.797432239657632 0.486328125 0.05706134094151213 0.10546875
