0 0.11198288159771755 0.61376953125 0.1355206847360913 0.1806640625
0 0.181169757489301 0.791015625 0.011412268188302425 0.037109375
0 0.2945791726105564 0.8173828125 0.06419400855920114 0.083984375
0 0.43509272467903 0.8193359375 0.11126961483594865 0.1171875
0 0.5912981455064195 0.822265625 0.052781740370898715 0.0703125
0 0.8067047075606277 0.80126953125 0.024251069900142655 0.0888671875
0 0.8223965763195435 0.76513671875 0.01283880171184023 0.0107421875
0 0.8159771754636235 0.61083984375 0.07703281027104138 0.1376953125
0 0.8388017118402282 0.80908203125 0.02567760342368046 0.1025390625
0 0.8737517831669045 0.61083984375 0.03281027104136947 0.1357421875
0 0.8808844507845934 0.83056640625 0.05848787446504993 0.1494140625
