0 0.028530670470756064 0.31396484375 0.02567760342368046 0.0751953125
0 0.0442225392296719 0.48828125 0.037089871611982884 0.13671875
0 0.07703281027104138 0.7060546875 0.039942938659058486 0.068359375
0 0.10841654778887304 0.7392578125 0.028530670470756064 0.130859375
0 0.10199714693295293 0.111328125 0.11840228245363767 0.197265625
0 0.1797432239657632 0.0615234375 0.03138373751783167 0.09765625
0 0.3024251069900143 0.29638671875 0.0456490727532097 0.0908203125
0 0.43865905848787445 0.47900390625 0.0898716119828816 0.1005859375
0 0.6098430813124108 0.63525390625 0.007132667617689016 0.0048828125
0 0.8445078459343794 0.736328125 0.07417974322396577 0.1484375
0 0.8537803138373752 0.9306640625 0.024251069900142655 0.05078125
0 0.840941512125535 0.486328125 0.0898716119828816 0.138671875
0 0.8594864479315264 0.17919921875 0.049928673323823114 0.3369140625
0 0.8887303851640513 0.9375 0.039942938659058486 0.06640625
