0 0.15834522111269617 0.5732421875 0.014265335235378032 0.060546875
0 0.3309557774607703 0.57421875 0.0912981455064194 0.119140625
0 0.3930099857346648 0.91796875 0.029957203994293868 0.08984375
0 0.42510699001426533 0.908203125 0.028530670470756064 0.072265625
0 0.4900142653352354 0.5380859375 0.10128388017118403 0.134765625
0 0.6226818830242511 0.1015625 0.07560627674750357 0.107421875
0 0.62339514978602 0.29541015625 0.07988587731811697 0.1689453125
0 0.7139800285306704 0.830078125 0.02710413694721826 0.03515625
0 0.8009985734664765 0.82080078125 0.024251069900142655 0.0751953125
0 0.8659058487874466 0.55126953125 0.037089871611982884 0.1357421875
0 0.9144079885877319 0.5400390625 0.05135520684736092 0.115234375
0 0.9165477888730386 0.76171875 0.03281027104136947 0.1171875
0 0.9201141226818831 0.92919921875 0.02567760342368046 0.1181640625
0 0.9457917261055635 0.90673828125 0.02567760342368046 0.0751953125
0 0.9522111269614836 0.732421875 0.03281027104136947 0.060546875
0 0.9793152639087019 0.9970703125 0.015691868758915834 0.00390625
0 0.985021398002853 0.99755859375 0.007132667617689016 0.0029296875
0 0.9864479315263909 0.99755859375 0.007132667617689016 0.0029296875
