0 0.1704707560627675 0.88818359375 0.029957203994293868 0.1376953125
0 0.24037089871611983 0.78271484375 0.03851640513552069 0.1591796875
0 0.28245363766048504 0.73681640625 0.037089871611982884 0.0712890625
0 0.7310984308131241 0.84228515625 0.03851640513552069 0.1142578125
0 0.7803138373751783 0.185546875 0.05135520684736092 0.205078125
0 0.7731811697574893 0.83056640625 0.037089871611982884 0.0927734375
0 0.8238231098430814 0.171875 0.03566333808844508 0.18359375
0 0.8466476462196861 0.0927734375 0.01283880171184023 0.013671875
0 0.8609129814550642 0.732421875 0.052781740370898715 0.09375
0 0.9037089871611983 0.75537109375 0.03851640513552069 0.1376953125
0 0.9450784593437946 0.7548828125 0.03851640513552069 0.138671875
