0 0.20613409415121256 0.6748046875 0.0898716119828816 0.158203125
0 0.40798858773181174 0.43115234375 0.03138373751783167 0.0576171875
0 0.4457917261055635 0.9482421875 0.007132667617689016 0.009765625
0 0.630527817403709 0.115234375 0.03138373751783167 0.126953125
0 0.6825962910128388 0.115234375 0.06990014265335236 0.126953125
0 0.8031383737517832 0.67529296875 0.028530670470756064 0.1162109375
0 0.8587731811697575 0.396484375 0.02567760342368046 0.099609375
0 0.8452211126961484 0.6669921875 0.047075606276747506 0.09765625
0 0.8887303851640513 0.63525390625 0.04850213980028531 0.0400390625
0 0.8930099857346648 0.40771484375 0.03138373751783167 0.1162109375
0 0.905848787446505 0.11279296875 0.03138373751783167 0.1083984375
0 0.927960057061341 0.4169921875 0.03281027104136947 0.1328125
