0 0.0912981455064194 0.87939453125 0.15121255349500715 0.1611328125
0 0.19044222539229672 0.87939453125 0.052781740370898715 0.1611328125
0 0.20399429386590587 0.61328125 0.028530670470756064 0.09765625
0 0.23680456490727533 0.4306640625 0.03138373751783167 0.060546875
0 0.23894436519258203 0.603515625 0.04136947218259629 0.083984375
0 0.5021398002853067 0.6640625 0.02567760342368046 0.076171875
0 0.5499286733238231 0.67822265625 0.06990014265335236 0.1044921875
0 0.5777460770328103 0.890625 0.05135520684736092 0.18359375
0 0.6283880171184023 0.845703125 0.052781740370898715 0.09375
0 0.6711840228245364 0.86083984375 0.03851640513552069 0.1240234375
0 0.7118402282453637 0.83447265625 0.014265335235378032 0.0693359375
0 0.7938659058487875 0.83984375 0.03281027104136947 0.087890625
0 0.833808844507846 0.818359375 0.05563480741797432 0.052734375
0 0.833095577746077 0.6337890625 0.0912981455064194 0.15625
0 0.890870185449358 0.57958984375 0.024251069900142655 0.0458984375
0 0.8901569186875892 0.83349609375 0.04850213980028531 0.0341796875
