0 0.11340941512125535 0.79248046875 0.06419400855920114 0.3212890625
0 0.1262482168330956 0.1171875 0.04136947218259629 0.12890625
0 0.14764621968616262 0.40283203125 0.052781740370898715 0.1376953125
0 0.18045649072753212 0.13134765625 0.05848787446504993 0.1591796875
0 0.19757489300998574 0.38037109375 0.052781740370898715 0.0927734375
0 0.23395149786019973 0.14404296875 0.05420827389443652 0.1826171875
0 0.24037089871611983 0.42578125 0.03851640513552069 0.181640625
0 0.25392296718972895 0.06640625 0.014265335235378032 0.013671875
0 0.8252496433666191 0.388671875 0.052781740370898715 0.181640625
0 0.8423680456490727 0.6982421875 0.047075606276747506 0.15234375
0 0.8751783166904422 0.42333984375 0.052781740370898715 0.2509765625
0 0.8944365192582026 0.13134765625 0.06276747503566334 0.1533203125
0 0.905848787446505 0.69873046875 0.06276747503566334 0.1552734375
0 0.9251069900142653 0.3779296875 0.052781740370898715 0.16015625
0 0.9286733238231099 0.7109375 0.017118402282453638 0.05078125
