0 0.10057061340941513 0.48388671875 0.14978601997146934 0.1982421875
0 0.05349500713266762 0.7265625 0.04136947218259629 0.15625
0 0.07917261055634808 0.6630859375 0.015691868758915834 0.013671875
0 0.12054208273894437 0.20947265625 0.047075606276747506 0.0791015625
0 0.15763195435092725 0.21923828125 0.03281027104136947 0.0986328125
0 0.24536376604850216 0.2041015625 0.03138373751783167 0.091796875
0 0.27746077032810273 0.21240234375 0.029957203994293868 0.1083984375
0 0.3937232524964337 0.7177734375 0.037089871611982884 0.16015625
0 0.43580599144079885 0.73583984375 0.03851640513552069 0.1943359375
0 0.5641940085592012 0.7041015625 0.05848787446504993 0.080078125
0 0.6562054208273894 0.201171875 0.02567760342368046 0.103515625
0 0.6861626248216833 0.06494140625 0.0456490727532097 0.0732421875
0 0.68188302425107 0.2158203125 0.02282453637660485 0.1328125
0 0.7089871611982882 0.19384765625 0.02282453637660485 0.0888671875
0 0.7995720399429387 0.3759765625 0.03281027104136947 0.078125
0 0.8359486447931527 0.4150390625 0.034236804564907276 0.158203125
0 0.8930099857346648 0.716796875 0.039942938659058486 0.12890625
