0 0.08345221112696148 0.50146484375 0.047075606276747506 0.1806640625
0 0.11911554921540657 0.45849609375 0.03281027104136947 0.1005859375
0 0.12196861626248218 0.224609375 0.03566333808844508 0.111328125
0 0.3338088445078459 0.90478515625 0.034236804564907276 0.0947265625
0 0.3751783166904422 0.89404296875 0.037089871611982884 0.0751953125
0 0.7189728958630528 0.947265625 0.019971469329529243 0.07421875
0 0.7382310984308131 0.9248046875 0.018544935805991442 0.033203125
0 0.7574893009985735 0.935546875 0.019971469329529243 0.0546875
0 0.7546362339514979 0.68359375 0.05420827389443652 0.15234375
0 0.7767475035663338 0.9208984375 0.018544935805991442 0.021484375
0 0.7867332382310984 0.09814453125 0.049928673323823114 0.0498046875
0 0.8216833095577747 0.09814453125 0.04850213980028531 0.0498046875
