0 0.05206847360912981 0.486328125 0.029957203994293868 0.126953125
0 0.05492154065620542 0.904296875 0.029957203994293868 0.08984375
0 0.07417974322396577 0.90380859375 0.011412268188302425 0.0126953125
0 0.09486447931526391 0.921875 0.029957203994293868 0.123046875
0 0.16476462196861627 0.63232421875 0.024251069900142655 0.0458984375
0 0.19186875891583452 0.6474609375 0.024251069900142655 0.07421875
0 0.217546362339515 0.6494140625 0.024251069900142655 0.078125
0 0.29529243937232524 0.275390625 0.05706134094151213 0.130859375
0 0.33166904422253923 0.494140625 0.05848787446504993 0.10546875
0 0.32952924393723254 0.81689453125 0.02567760342368046 0.0732421875
0 0.36376604850213984 0.8349609375 0.028530670470756064 0.107421875
0 0.3751783166904422 0.49462890625 0.02567760342368046 0.1044921875
0 0.43651925820256776 0.82421875 0.02282453637660485 0.05859375
0 0.4450784593437946 0.08740234375 0.11412268188302425 0.0791015625
0 0.5078459343794579 0.662109375 0.02567760342368046 0.130859375
0 0.5 0.8369140625 0.10128388017118403 0.08984375
0 0.5378031383737518 0.09716796875 0.03138373751783167 0.0732421875
0 0.543509272467903 0.47216796875 0.02567760342368046 0.1044921875
0 0.5699001426533524 0.46484375 0.024251069900142655 0.087890625
0 0.5955777460770328 0.46484375 0.024251069900142655 0.08984375
0 0.6034236804564908 0.69482421875 0.028530670470756064 0.1650390625
0 0.5962910128388017 0.11474609375 0.08273894436519258 0.1103515625
0 0.637660485021398 0.63720703125 0.039942938659058486 0.0498046875
0 0.68188302425107 0.1005859375 0.07132667617689016 0.126953125
0 0.8259629101283881 0.08349609375 0.03138373751783167 0.1376953125
0 0.8445078459343794 0.4833984375 0.03138373751783167 0.095703125
0 0.8680456490727533 0.09423828125 0.047075606276747506 0.1533203125
0 0.8644793152639088 0.68212890625 0.028530670470756064 0.1259765625
0 0.8851640513552069 0.46240234375 0.047075606276747506 0.0595703125
0 0.9037089871611983 0.67236328125 0.0442225392296719 0.1083984375
