0 0.09415121255349501 0.5927734375 0.03138373751783167 0.060546875
0 0.12981455064194009 0.61181640625 0.03138373751783167 0.1005859375
0 0.16191155492154066 0.8369140625 0.0442225392296719 0.099609375
0 0.20328102710413695 0.83740234375 0.047075606276747506 0.0986328125
0 0.16476462196861627 0.0830078125 0.1355206847360913 0.1484375
0 0.3067047075606277 0.06787109375 0.028530670470756064 0.1083984375
0 0.4942938659058488 0.43115234375 0.03281027104136947 0.1005859375
0 0.5014265335235378 0.58349609375 0.03281027104136947 0.0595703125
0 0.5099857346647646 0.0791015625 0.029957203994293868 0.09765625
0 0.5299572039942939 0.4111328125 0.03281027104136947 0.060546875
0 0.5370898716119828 0.6025390625 0.03281027104136947 0.099609375
0 0.5527817403708988 0.078125 0.047075606276747506 0.095703125
0 0.6005706134094151 0.80810546875 0.02567760342368046 0.0341796875
0 0.6326676176890157 0.4404296875 0.03851640513552069 0.1484375
0 0.6633380884450785 0.39990234375 0.02282453637660485 0.0673828125
0 0.8723252496433667 0.41650390625 0.04136947218259629 0.0673828125
0 0.8808844507845934 0.8525390625 0.06419400855920114 0.115234375
0 0.8858773181169758 0.134765625 0.028530670470756064 0.06640625
0 0.9022824536376605 0.44091796875 0.02710413694721826 0.1123046875
0 0.927960057061341 0.8125 0.024251069900142655 0.03515625
0 0.9322396576319544 0.41650390625 0.024251069900142655 0.0673828125
0 0.9614835948644793 0.41650390625 0.02567760342368046 0.0673828125
