0 0.09843081312410842 0.8759765625 0.05135520684736092 0.177734375
0 0.11911554921540657 0.615234375 0.029957203994293868 0.078125
0 0.1768901569186876 0.6240234375 0.07417974322396577 0.09765625
0 0.14835948644793154 0.884765625 0.05135520684736092 0.205078125
0 0.24037089871611983 0.625 0.047075606276747506 0.099609375
0 0.25962910128388017 0.11083984375 0.017118402282453638 0.0869140625
0 0.369472182596291 0.59375 0.07417974322396577 0.119140625
0 0.8295292439372326 0.88525390625 0.05563480741797432 0.1552734375
0 0.8495007132667618 0.8203125 0.015691868758915834 0.013671875
0 0.8851640513552069 0.8466796875 0.05563480741797432 0.078125
