0 0.19614835948644793 0.34521484375 0.0898716119828816 0.1181640625
0 0.33666191155492153 0.90380859375 0.09985734664764623 0.1494140625
0 0.7225392296718973 0.88818359375 0.03281027104136947 0.1259765625
0 0.7738944365192583 0.88818359375 0.06990014265335236 0.1279296875
0 0.8302425106990015 0.58544921875 0.0884450784593438 0.1396484375
0 0.833808844507846 0.87939453125 0.0442225392296719 0.1103515625
0 0.8466476462196861 0.34423828125 0.03281027104136947 0.1181640625
0 0.8823109843081313 0.34521484375 0.03281027104136947 0.1181640625
0 0.8873038516405136 0.53662109375 0.011412268188302425 0.0400390625
0 0.9037089871611983 0.3642578125 0.015691868758915834 0.04296875
