0 0.1326676176890157 0.7568359375 0.05706134094151213 0.107421875
0 0.16547788873038516 0.52001953125 0.034236804564907276 0.0927734375
0 0.20542082738944367 0.54296875 0.037089871611982884 0.138671875
0 0.2203994293865906 0.10302734375 0.03851640513552069 0.0908203125
0 0.500713266761769 0.7705078125 0.05706134094151213 0.107421875
0 0.7025677603423681 0.09375 0.03566333808844508 0.060546875
0 0.7589158345221113 0.15185546875 0.07703281027104138 0.1787109375
0 0.7589158345221113 0.07421875 0.017118402282453638 0.009765625
0 0.8002853067047075 0.5419921875 0.014265335235378032 0.078125
0 0.8223965763195435 0.1123046875 0.06134094151212554 0.099609375
0 0.848074179743224 0.82763671875 0.03566333808844508 0.2041015625
