0 0.03281027104136947 0.333984375 0.028530670470756064 0.099609375
0 0.04850213980028531 0.517578125 0.028530670470756064 0.041015625
0 0.08559201141226819 0.34228515625 0.07703281027104138 0.1162109375
0 0.0905848787446505 0.55615234375 0.047075606276747506 0.1201171875
0 0.1276747503566334 0.55615234375 0.029957203994293868 0.1181640625
0 0.19044222539229672 0.56591796875 0.0898716119828816 0.1376953125
0 0.1833095577746077 0.576171875 0.015691868758915834 0.04296875
0 0.3630527817403709 0.537109375 0.024251069900142655 0.08984375
0 0.3630527817403709 0.2099609375 0.04136947218259629 0.390625
0 0.4843081312410842 0.35205078125 0.029957203994293868 0.0927734375
0 0.5470756062767476 0.33154296875 0.08416547788873038 0.1259765625
0 0.7646219686162625 0.56298828125 0.028530670470756064 0.1181640625
0 0.8002853067047075 0.55322265625 0.03138373751783167 0.0966796875
0 0.8523537803138374 0.93603515625 0.12125534950071327 0.0908203125
0 0.8637660485021398 0.552734375 0.0898716119828816 0.099609375
0 0.8858773181169758 0.21044921875 0.042796005706134094 0.3916015625
