0 0.217546362339515 0.65966796875 0.12125534950071327 0.1474609375
0 0.224679029957204 0.83447265625 0.05563480741797432 0.1044921875
0 0.4935805991440799 0.84716796875 0.14835948644793154 0.1279296875
0 0.7047075606276748 0.8544921875 0.1312410841654779 0.138671875
0 0.7995720399429387 0.60986328125 0.02710413694721826 0.0654296875
0 0.833808844507846 0.63330078125 0.04136947218259629 0.1162109375
0 0.869472182596291 0.16650390625 0.052781740370898715 0.1162109375
0 0.9172610556348074 0.841796875 0.1369472182596291 0.1484375
0 0.8865905848787446 0.64111328125 0.07560627674750357 0.1318359375
0 0.9194008559201141 0.14306640625 0.052781740370898715 0.0693359375
