0 0.16333808844507847 0.8681640625 0.08701854493580599 0.11328125
0 0.14550641940085593 0.3359375 0.03138373751783167 0.06640625
0 0.15121255349500715 0.109375 0.039942938659058486 0.181640625
0 0.20542082738944367 0.0576171875 0.05706134094151213 0.078125
0 0.21326676176890158 0.8359375 0.018544935805991442 0.03515625
0 0.23894436519258203 0.84716796875 0.03281027104136947 0.0693359375
0 0.2653352353780314 0.7314453125 0.03138373751783167 0.08984375
0 0.3074179743223966 0.7783203125 0.03281027104136947 0.181640625
0 0.355206847360913 0.7666015625 0.05135520684736092 0.16015625
0 0.8002853067047075 0.544921875 0.037089871611982884 0.111328125
0 0.8473609129814551 0.57666015625 0.05135520684736092 0.1826171875
0 0.8823109843081313 0.3330078125 0.015691868758915834 0.078125
