0 0.053827751196172245 0.11 0.03588516746411483 0.060000000000000005
0 0.08492822966507177 0.1391666666666667 0.03110047846889952 0.115
0 0.09090909090909091 0.6991666666666667 0.057416267942583726 0.135
0 0.15071770334928228 0.7333333333333334 0.057416267942583726 0.20333333333333334
0 0.2834928229665072 0.5025000000000001 0.12200956937799043 0.055
0 0.38516746411483255 0.12666666666666668 0.03827751196172249 0.12000000000000001
0 0.40909090909090906 0.7375 0.07177033492822966 0.04833333333333334
0 0.4461722488038277 0.6408333333333334 0.03110047846889952 0.03166666666666667
0 0.46531100478468895 0.7466666666666667 0.045454545454545456 0.030000000000000002
0 0.6985645933014354 0.53 0.03349282296650718 0.043333333333333335
0 0.812200956937799 0.14416666666666667 0.03588516746411483 0.07166666666666667
0 0.8409090909090908 0.8525 0.050239234449760764 0.13833333333333334
0 0.854066985645933 0.14583333333333334 0.03827751196172249 0.07166666666666667
0 0.8684210526315789 0.48000000000000004 0.03827751196172249 0.10333333333333335
0 0.881578947368421 0.052500000000000005 0.03588516746411483 0.04166666666666667
0 0.8899521531100478 0.8400000000000001 0.04784688995215311 0.11333333333333334
0 0.9019138755980861 0.48000000000000004 0.03827751196172249 0.10333333333333335
