0 0.1255980861244019 0.8358333333333334 0.045454545454545456 0.155
0 0.14832535885167464 0.11583333333333334 0.03349282296650718 0.04166666666666667
0 0.17105263157894737 0.8108333333333334 0.045454545454545456 0.10500000000000001
0 0.1770334928229665 0.0675 0.03349282296650718 0.025
0 0.21650717703349281 0.7983333333333333 0.04066985645933014 0.08
0 0.31220095693779903 0.7825000000000001 0.04066985645933014 0.14500000000000002
0 0.33373205741626794 0.10750000000000001 0.03588516746411483 0.155
0 0.35287081339712917 0.35583333333333333 0.03588516746411483 0.04833333333333334
0 0.3672248803827751 0.09083333333333334 0.03588516746411483 0.115
0 0.39114832535885163 0.4091666666666667 0.04066985645933014 0.155
0 0.42942583732057416 0.3983333333333334 0.04066985645933014 0.13333333333333333
0 0.47368421052631576 0.06333333333333334 0.03827751196172249 0.06666666666666667
0 0.513157894736842 0.09416666666666668 0.04066985645933014 0.13166666666666668
0 0.5514354066985646 0.06333333333333334 0.04066985645933014 0.07
0 0.6925837320574162 0.755 0.03588516746411483 0.06333333333333334
0 0.7404306220095693 0.5566666666666668 0.05980861244019139 0.12666666666666668
0 0.8277511961722488 0.3816666666666667 0.03827751196172249 0.06666666666666667
0 0.8397129186602871 0.55 0.03827751196172249 0.12333333333333334
0 0.8409090909090908 0.7783333333333334 0.04066985645933014 0.12000000000000001
0 0.8660287081339713 0.4058333333333334 0.043062200956937795 0.11166666666666668
0 0.8744019138755981 0.56 0.03588516746411483 0.14
0 0.8839712918660286 0.8025000000000001 0.045454545454545456 0.16833333333333333
0 0.9055023923444976 0.06333333333333334 0.04066985645933014 0.05666666666666667
0 0.9043062200956937 0.4033333333333334 0.043062200956937795 0.11333333333333334
0 0.9090909090909091 0.5216666666666667 0.03349282296650718 0.06333333333333334
0 0.94377990430622 0.4058333333333334 0.03588516746411483 0.10833333333333334
