0 0.11483253588516745 0.23500000000000001 0.043062200956937795 0.06666666666666667
0 0.1339712918660287 0.43083333333333335 0.10047846889952153 0.16166666666666668
0 0.17583732057416268 0.22666666666666668 0.03588516746411483 0.10333333333333335
0 0.18899521531100477 0.405 0.06698564593301436 0.08
0 0.29066985645933013 0.8008333333333334 0.045454545454545456 0.07833333333333334
0 0.30143540669856456 0.6375000000000001 0.03827751196172249 0.085
0 0.2942583732057416 0.14583333333333334 0.09569377990430622 0.06833333333333334
0 0.3373205741626794 0.6275000000000001 0.03827751196172249 0.065
0 0.3169856459330143 0.4025 0.07416267942583732 0.10166666666666667
0 0.5370813397129186 0.10750000000000001 0.07416267942583732 0.08166666666666667
0 0.5849282296650717 0.6258333333333334 0.04066985645933014 0.09166666666666667
0 0.6232057416267942 0.6275000000000001 0.04066985645933014 0.09166666666666667
0 0.6614832535885167 0.21833333333333335 0.050239234449760764 0.09333333333333334
0 0.8062200956937798 0.18583333333333335 0.043062200956937795 0.155
0 0.8265550239234449 0.6175 0.03588516746411483 0.06166666666666667
0 0.8516746411483254 0.14750000000000002 0.04784688995215311 0.08166666666666667
0 0.8612440191387559 0.6083333333333334 0.03827751196172249 0.043333333333333335
