0 0.11412268188302425 0.87744140625 0.03138373751783167 0.1767578125
0 0.15049928673323823 0.8671875 0.03281027104136947 0.158203125
0 0.3751783166904422 0.830078125 0.02567760342368046 0.07421875
0 0.41797432239657634 0.8583984375 0.059914407988587735 0.134765625
0 0.46291012838801715 0.6533203125 0.029957203994293868 0.1484375
0 0.46576319543509276 0.8583984375 0.03851640513552069 0.134765625
0 0.492867332382311 0.64501953125 0.029957203994293868 0.1318359375
0 0.5463623395149786 0.85107421875 0.06847360912981455 0.1201171875
0 0.5962910128388017 0.611328125 0.028530670470756064 0.08203125
0 0.6212553495007133 0.41162109375 0.02710413694721826 0.0361328125
0 0.6440798858773181 0.64306640625 0.06419400855920114 0.1494140625
0 0.6968616262482169 0.642578125 0.04136947218259629 0.1484375
0 0.8388017118402282 0.6328125 0.08273894436519258 0.146484375
0 0.9044222539229673 0.83154296875 0.03138373751783167 0.0419921875
