0 0.05263157894736842 0.7633333333333334 0.04784688995215311 0.37000000000000005
0 0.17583732057416268 0.7125 0.050239234449760764 0.085
0 0.21531100478468898 0.1625 0.03349282296650718 0.08833333333333333
0 0.2978468899521531 0.8566666666666667 0.08373205741626794 0.06666666666666667
0 0.5322966507177034 0.8508333333333334 0.39473684210526316 0.07833333333333334
0 0.6842105263157895 0.6083333333333334 0.03827751196172249 0.07333333333333333
0 0.8409090909090908 0.39666666666666667 0.07416267942583732 0.08
0 0.8253588516746411 0.7608333333333334 0.15789473684210525 0.2316666666666667
0 0.8791866028708134 0.33 0.05980861244019139 0.1
0 0.8612440191387559 0.6541666666666667 0.1291866028708134 0.19833333333333333
