0 0.09688995215311004 0.30583333333333335 0.04066985645933014 0.055
0 0.23803827751196172 0.6933333333333334 0.04066985645933014 0.14333333333333334
0 0.2643540669856459 0.2991666666666667 0.045454545454545456 0.09833333333333334
0 0.36363636363636365 0.10833333333333334 0.03349282296650718 0.08
0 0.3971291866028708 0.10750000000000001 0.03827751196172249 0.07833333333333334
0 0.5299043062200957 0.53 0.29904306220095694 0.1
0 0.728468899521531 0.17333333333333334 0.03588516746411483 0.11666666666666667
0 0.7619617224880383 0.14583333333333334 0.03588516746411483 0.06166666666666667
0 0.797846889952153 0.07500000000000001 0.03588516746411483 0.043333333333333335
0 0.8576555023923444 0.4591666666666667 0.04066985645933014 0.12166666666666667
0 0.8983253588516746 0.4716666666666667 0.04066985645933014 0.14
