0 0.1124401913875598 0.16666666666666669 0.11961722488038277 0.2566666666666667
0 0.08492822966507177 0.49750000000000005 0.045454545454545456 0.155
0 0.10406698564593302 0.6900000000000001 0.03588516746411483 0.08333333333333334
0 0.1291866028708134 0.4741666666666667 0.04784688995215311 0.10833333333333334
0 0.17583732057416268 0.44833333333333336 0.045454545454545456 0.05666666666666667
0 0.2631578947368421 0.8983333333333334 0.03827751196172249 0.07333333333333333
0 0.2631578947368421 0.7400000000000001 0.04784688995215311 0.07666666666666667
0 0.3038277511961722 0.8983333333333334 0.03827751196172249 0.07333333333333333
0 0.34210526315789475 0.7058333333333334 0.03827751196172249 0.14166666666666666
0 0.3755980861244019 0.6875 0.03349282296650718 0.10166666666666667
0 0.4102870813397129 0.6866666666666668 0.03588516746411483 0.10333333333333335
0 0.673444976076555 0.2866666666666667 0.04066985645933014 0.08
0 0.8098086124401913 0.18333333333333335 0.18421052631578946 0.29000000000000004
0 0.8050239234449761 0.6841666666666667 0.04066985645933014 0.055
0 0.8133971291866028 0.4741666666666667 0.04784688995215311 0.085
0 0.8361244019138756 0.8150000000000001 0.04066985645933014 0.09666666666666668
0 0.8504784688995215 0.6825 0.045454545454545456 0.055
0 0.8624401913875598 0.4608333333333334 0.045454545454545456 0.06166666666666667
0 0.8779904306220095 0.8150000000000001 0.043062200956937795 0.1
