0 0.09771754636233952 0.87548828125 0.03281027104136947 0.0791015625
0 0.1383737517831669 0.8662109375 0.0456490727532097 0.060546875
0 0.514978601997147 0.83984375 0.02567760342368046 0.06640625
0 0.5449358059914409 0.8447265625 0.028530670470756064 0.072265625
0 0.5734664764621968 0.82958984375 0.028530670470756064 0.0576171875
0 0.652639087018545 0.724609375 0.024251069900142655 0.06640625
0 0.6833095577746078 0.7255859375 0.028530670470756064 0.06640625
0 0.7403708987161198 0.72119140625 0.02567760342368046 0.0517578125
0 0.7696148359486448 0.72216796875 0.02710413694721826 0.0517578125
0 0.8074179743223966 0.04833984375 0.03138373751783167 0.0244140625
0 0.8038516405135521 0.24658203125 0.03281027104136947 0.0146484375
0 0.8302425106990015 0.24853515625 0.02282453637660485 0.0146484375
0 0.8295292439372326 0.7236328125 0.02710413694721826 0.03515625
0 0.8402282453637661 0.04833984375 0.019971469329529243 0.0224609375
0 0.855206847360913 0.24853515625 0.02710413694721826 0.0185546875
0 0.8616262482168331 0.7236328125 0.014265335235378032 0.03515625
0 0.8730385164051355 0.05078125 0.028530670470756064 0.01953125
0 0.8815977175463624 0.248046875 0.028530670470756064 0.017578125
