0 0.15789473684210525 0.5358333333333334 0.057416267942583726 0.10500000000000001
0 0.21291866028708134 0.14166666666666666 0.057416267942583726 0.05
0 0.21770334928229665 0.535 0.04784688995215311 0.1
0 0.2822966507177033 0.09833333333333334 0.07655502392344497 0.11666666666666667
0 0.4258373205741627 0.08750000000000001 0.2200956937799043 0.10500000000000001
0 0.45574162679425834 0.7375 0.03110047846889952 0.065
0 0.46531100478468895 0.8241666666666667 0.02631578947368421 0.03166666666666667
0 0.5801435406698564 0.9258333333333334 0.08373205741626794 0.065
0 0.6698564593301435 0.7325 0.06698564593301436 0.07833333333333334
0 0.8588516746411483 0.11583333333333334 0.057416267942583726 0.10500000000000001
0 0.854066985645933 0.7433333333333334 0.03827751196172249 0.10333333333333335
0 0.8899521531100478 0.7525000000000001 0.03827751196172249 0.12166666666666667
