0 0.08345221112696148 0.884765625 0.021398002853067047 0.015625
0 0.10128388017118403 0.451171875 0.011412268188302425 0.041015625
0 0.130527817403709 0.126953125 0.08131241084165478 0.07421875
0 0.11412268188302425 0.30224609375 0.03138373751783167 0.0888671875
0 0.1319543509272468 0.91650390625 0.06419400855920114 0.0849609375
0 0.137660485021398 0.46142578125 0.03281027104136947 0.0595703125
0 0.14621968616262482 0.275390625 0.02710413694721826 0.037109375
0 0.1783166904422254 0.9091796875 0.02567760342368046 0.06640625
0 0.1783166904422254 0.310546875 0.028530670470756064 0.109375
0 0.1825962910128388 0.60205078125 0.08273894436519258 0.0927734375
0 0.19828815977175465 0.26611328125 0.014265335235378032 0.0126953125
0 0.21398002853067047 0.89990234375 0.039942938659058486 0.0517578125
0 0.21540656205420827 0.56640625 0.014265335235378032 0.01171875
0 0.29885877318116977 0.59130859375 0.02710413694721826 0.0673828125
0 0.3281027104136947 0.60009765625 0.028530670470756064 0.0830078125
0 0.38159771754636235 0.587890625 0.07560627674750357 0.072265625
0 0.5684736091298146 0.58056640625 0.021398002853067047 0.0498046875
0 0.5991440798858774 0.59765625 0.028530670470756064 0.08203125
0 0.6276747503566334 0.59423828125 0.028530670470756064 0.0732421875
0 0.6576319543509273 0.5849609375 0.03138373751783167 0.07421875
0 0.7346647646219686 0.0927734375 0.028530670470756064 0.037109375
0 0.7111269614835949 0.5888671875 0.07560627674750357 0.068359375
0 0.7674750356633381 0.111328125 0.03138373751783167 0.0703125
0 0.8259629101283881 0.10205078125 0.08273894436519258 0.0556640625
0 0.7881597717546363 0.2998046875 0.07560627674750357 0.09375
0 0.8309557774607703 0.5703125 0.021398002853067047 0.015625
0 0.8445078459343794 0.2861328125 0.034236804564907276 0.068359375
0 0.8323823109843081 0.4296875 0.16119828815977175 0.087890625
0 0.8609129814550642 0.60205078125 0.02710413694721826 0.0830078125
0 0.8801711840228246 0.2705078125 0.03138373751783167 0.03515625
0 0.9015691868758916 0.27001953125 0.014265335235378032 0.0224609375
0 0.8965763195435092 0.5859375 0.04136947218259629 0.052734375
