0 0.07894736842105263 0.8925000000000001 0.03827751196172249 0.10500000000000001
0 0.10047846889952153 0.4591666666666667 0.057416267942583726 0.10833333333333334
0 0.11483253588516745 0.8925000000000001 0.03827751196172249 0.10833333333333334
0 0.12799043062200957 0.24500000000000002 0.04066985645933014 0.14666666666666667
0 0.16148325358851673 0.49333333333333335 0.05980861244019139 0.18000000000000002
0 0.4043062200956938 0.7625000000000001 0.03827751196172249 0.06833333333333334
0 0.45215311004784686 0.7183333333333334 0.057416267942583726 0.11333333333333334
0 0.4605263157894737 0.19166666666666668 0.04066985645933014 0.07333333333333333
0 0.4904306220095694 0.10666666666666667 0.03349282296650718 0.043333333333333335
0 0.5897129186602871 0.155 0.04066985645933014 0.1366666666666667
0 0.6303827751196172 0.14333333333333334 0.04066985645933014 0.11666666666666667
0 0.8086124401913876 0.49333333333333335 0.05263157894736842 0.21000000000000002
0 0.8624401913875598 0.4666666666666667 0.045454545454545456 0.14333333333333334
