0 0.03495007132667618 0.36669921875 0.02710413694721826 0.0498046875
0 0.06990014265335236 0.40673828125 0.039942938659058486 0.1318359375
0 0.12410841654778888 0.40673828125 0.07417974322396577 0.1318359375
0 0.11055634807417974 0.115234375 0.02710413694721826 0.078125
0 0.12054208273894437 0.85400390625 0.04136947218259629 0.1064453125
0 0.17403708987161198 0.15380859375 0.0884450784593438 0.1572265625
0 0.16119828815977175 0.7080078125 0.034236804564907276 0.060546875
0 0.43366619115549215 0.42529296875 0.042796005706134094 0.1103515625
0 0.46861626248216837 0.7041015625 0.02710413694721826 0.056640625
0 0.46718972895863053 0.4072265625 0.02710413694721826 0.07421875
0 0.47574893009985736 0.87109375 0.049928673323823114 0.05078125
0 0.5049928673323824 0.73583984375 0.06562054208273894 0.1318359375
0 0.5292439372325249 0.79833984375 0.02567760342368046 0.0224609375
0 0.6112696148359487 0.70458984375 0.04136947218259629 0.0830078125
0 0.6084165477888731 0.40478515625 0.029957203994293868 0.1630859375
0 0.6134094151212554 0.89990234375 0.02567760342368046 0.0673828125
0 0.6419400855920114 0.3955078125 0.03138373751783167 0.14453125
0 0.6405135520684736 0.6796875 0.02282453637660485 0.033203125
0 0.6433666191155493 0.916015625 0.02567760342368046 0.099609375
0 0.6697574893009985 0.6884765625 0.009985734664764621 0.05078125
0 0.6726105563480742 0.89990234375 0.021398002853067047 0.0673828125
0 0.6890156918687589 0.1572265625 0.028530670470756064 0.09765625
0 0.7068473609129815 0.3740234375 0.02710413694721826 0.07421875
0 0.7310984308131241 0.15673828125 0.047075606276747506 0.0986328125
0 0.7496433666191156 0.40234375 0.05848787446504993 0.134765625
0 0.768188302425107 0.16650390625 0.029957203994293868 0.1181640625
0 0.797432239657632 0.40234375 0.037089871611982884 0.134765625
0 0.8559201141226819 0.12939453125 0.039942938659058486 0.1474609375
0 0.8787446504992867 0.4033203125 0.08273894436519258 0.146484375
