0 0.08851674641148324 0.09333333333333334 0.03827751196172249 0.09000000000000001
0 0.29186602870813394 0.3566666666666667 0.03827751196172249 0.10333333333333335
0 0.3289473684210526 0.3566666666666667 0.03588516746411483 0.10333333333333335
0 0.40909090909090906 0.07333333333333333 0.04784688995215311 0.08
0 0.41626794258373206 0.3666666666666667 0.03349282296650718 0.09333333333333334
0 0.43062200956937796 0.5033333333333334 0.03349282296650718 0.043333333333333335
0 0.45574162679425834 0.07416666666666667 0.045454545454545456 0.08166666666666667
0 0.46531100478468895 0.35833333333333334 0.06937799043062201 0.07666666666666667
0 0.5 0.08666666666666667 0.04784688995215311 0.10666666666666667
0 0.5311004784688995 0.7066666666666667 0.04784688995215311 0.08
0 0.8110047846889952 0.8683333333333334 0.03827751196172249 0.10333333333333335
0 0.8289473684210525 0.09083333333333334 0.050239234449760764 0.115
0 0.8373205741626794 0.6625000000000001 0.03827751196172249 0.16166666666666668
0 0.8456937799043062 0.3725 0.04066985645933014 0.12833333333333335
0 0.8456937799043062 0.8483333333333334 0.03588516746411483 0.06333333333333334
0 0.8720095693779903 0.6333333333333334 0.03588516746411483 0.10333333333333335
0 0.8779904306220095 0.09083333333333334 0.04784688995215311 0.115
0 0.8827751196172249 0.35750000000000004 0.03827751196172249 0.095
