0 0.08273894436519258 0.771484375 0.042796005706134094 0.154296875
0 0.19186875891583452 0.7783203125 0.16690442225392296 0.1953125
0 0.12696148359486448 0.529296875 0.11126961483594865 0.107421875
0 0.1390870185449358 0.22998046875 0.16119828815977175 0.1259765625
0 0.144793152639087 0.072265625 0.10984308131241084 0.08203125
0 0.21683309557774608 0.06396484375 0.03138373751783167 0.0791015625
0 0.24821683309557777 0.078125 0.03138373751783167 0.107421875
0 0.2574893009985735 0.3994140625 0.16405135520684735 0.060546875
0 0.34807417974322397 0.39306640625 0.011412268188302425 0.0458984375
0 0.3509272467902996 0.068359375 0.03138373751783167 0.0625
0 0.3751783166904422 0.40771484375 0.02567760342368046 0.0751953125
0 0.38373751783166904 0.068359375 0.03138373751783167 0.080078125
0 0.4165477888730385 0.07666015625 0.03138373751783167 0.0810546875
0 0.449358059914408 0.06884765625 0.03138373751783167 0.0810546875
0 0.48573466476462196 0.3955078125 0.024251069900142655 0.060546875
0 0.521398002853067 0.396484375 0.015691868758915834 0.0625
0 0.5406562054208274 0.05322265625 0.02282453637660485 0.0498046875
0 0.5570613409415122 0.39697265625 0.03281027104136947 0.0595703125
0 0.644793152639087 0.5517578125 0.019971469329529243 0.046875
0 0.6469329529243938 0.0771484375 0.1840228245363766 0.11328125
0 0.6718972895863053 0.560546875 0.02567760342368046 0.060546875
0 0.6982881597717546 0.5595703125 0.024251069900142655 0.060546875
0 0.7289586305278174 0.55126953125 0.037089871611982884 0.0439453125
0 0.7874465049928674 0.7578125 0.034236804564907276 0.13671875
0 0.8580599144079886 0.419921875 0.1326676176890157 0.083984375
0 0.8345221112696148 0.73388671875 0.05135520684736092 0.0927734375
0 0.8623395149786021 0.06982421875 0.10128388017118403 0.0927734375
0 0.8837375178316691 0.7236328125 0.052781740370898715 0.0703125
