0 0.07132667617689016 0.0888671875 0.05135520684736092 0.13671875
0 0.12125534950071327 0.078125 0.05135520684736092 0.115234375
0 0.1369472182596291 0.05517578125 0.014265335235378032 0.0244140625
0 0.1340941512125535 0.3544921875 0.06847360912981455 0.044921875
0 0.1333808844507846 0.6796875 0.06990014265335236 0.107421875
0 0.16833095577746077 0.08740234375 0.05706134094151213 0.1533203125
0 0.21968616262482168 0.06640625 0.05135520684736092 0.091796875
0 0.2631954350927247 0.06689453125 0.03851640513552069 0.0908203125
0 0.2817403708987161 0.9150390625 0.07275320970042796 0.044921875
0 0.4144079885877318 0.50634765625 0.024251069900142655 0.0888671875
0 0.4457917261055635 0.49853515625 0.03566333808844508 0.0751953125
0 0.46861626248216837 0.38037109375 0.06419400855920114 0.0810546875
0 0.47218259629101283 0.50634765625 0.02282453637660485 0.0888671875
0 0.5049928673323824 0.484375 0.037089871611982884 0.046875
0 0.7489300998573467 0.08544921875 0.10271041369472184 0.0595703125
0 0.8223965763195435 0.2763671875 0.007132667617689016 0.009765625
0 0.8316690442225393 0.52197265625 0.039942938659058486 0.0830078125
0 0.8544935805991442 0.041015625 0.02282453637660485 0.013671875
0 0.8651925820256776 0.3916015625 0.11269614835948645 0.099609375
0 0.8851640513552069 0.521484375 0.07560627674750357 0.083984375
0 0.8830242510699001 0.0703125 0.02567760342368046 0.076171875
0 0.9094151212553495 0.07080078125 0.024251069900142655 0.0751953125
