0 0.08133971291866028 0.4091666666666667 0.09090909090909091 0.3383333333333334
0 0.08373205741626794 0.8408333333333334 0.03827751196172249 0.13166666666666668
0 0.11363636363636363 0.12000000000000001 0.045454545454545456 0.10666666666666667
0 0.1208133971291866 0.8391666666666667 0.04066985645933014 0.135
0 0.1375598086124402 0.7125 0.045454545454545456 0.03166666666666667
0 0.1590909090909091 0.8175 0.04066985645933014 0.09166666666666667
0 0.2452153110047847 0.7041666666666667 0.04066985645933014 0.12833333333333335
0 0.2452153110047847 0.4575 0.06937799043062201 0.11166666666666668
0 0.2822966507177033 0.33 0.03827751196172249 0.15333333333333335
0 0.2834928229665072 0.7025 0.04066985645933014 0.135
0 0.3181818181818182 0.32 0.03827751196172249 0.13
0 0.32177033492822965 0.7025 0.04066985645933014 0.13166666666666668
0 0.4066985645933014 0.6983333333333334 0.03827751196172249 0.04
0 0.4270334928229665 0.2791666666666667 0.04066985645933014 0.05166666666666667
0 0.47368421052631576 0.5308333333333334 0.057416267942583726 0.058333333333333334
0 0.5550239234449761 0.5325000000000001 0.08133971291866028 0.04166666666666667
0 0.59688995215311 0.3041666666666667 0.03588516746411483 0.12166666666666667
0 0.6614832535885167 0.5175000000000001 0.03588516746411483 0.09833333333333334
0 0.6925837320574162 0.8600000000000001 0.06937799043062201 0.05
0 0.7308612440191388 0.7716666666666667 0.04066985645933014 0.13333333333333333
0 0.7691387559808612 0.7725000000000001 0.04066985645933014 0.135
0 0.8421052631578947 0.42500000000000004 0.08133971291866028 0.08
0 0.8516746411483254 0.065 0.04784688995215311 0.05666666666666667
0 0.8636363636363636 0.29083333333333333 0.03827751196172249 0.08166666666666667
0 0.8600478468899522 0.7008333333333334 0.07894736842105263 0.135
0 0.8983253588516746 0.3191666666666667 0.03588516746411483 0.13833333333333334
