0 0.10199714693295293 0.42578125 0.02710413694721826 0.083984375
0 0.10556348074179743 0.30810546875 0.011412268188302425 0.0380859375
0 0.16191155492154066 0.099609375 0.1326676176890157 0.119140625
0 0.16405135520684735 0.326171875 0.08273894436519258 0.07421875
0 0.1433666191155492 0.5478515625 0.05563480741797432 0.037109375
0 0.16191155492154066 0.21484375 0.052781740370898715 0.033203125
0 0.16619115549215407 0.42431640625 0.10128388017118403 0.0830078125
0 0.268188302425107 0.58056640625 0.03138373751783167 0.0908203125
0 0.3174037089871612 0.56982421875 0.052781740370898715 0.0712890625
0 0.87660485021398 0.18359375 0.12125534950071327 0.07421875
0 0.8388017118402282 0.5830078125 0.028530670470756064 0.091796875
0 0.8609129814550642 0.302734375 0.009985734664764621 0.037109375
0 0.8965763195435092 0.5654296875 0.09272467902995721 0.056640625
0 0.8780313837375179 0.06787109375 0.06419400855920114 0.0908203125
0 0.8944365192582026 0.3115234375 0.028530670470756064 0.0546875
