0 0.08971291866028708 0.3433333333333334 0.050239234449760764 0.11333333333333334
0 0.10406698564593302 0.77 0.04066985645933014 0.05666666666666667
0 0.13875598086124402 0.33083333333333337 0.04784688995215311 0.085
0 0.14593301435406697 0.12000000000000001 0.043062200956937795 0.07666666666666667
0 0.3397129186602871 0.7266666666666667 0.043062200956937795 0.04
0 0.49760765550239233 0.5666666666666667 0.043062200956937795 0.16666666666666669
0 0.5382775119617225 0.5441666666666667 0.043062200956937795 0.12166666666666667
0 0.6495215311004784 0.6425000000000001 0.03110047846889952 0.08833333333333333
0 0.6794258373205742 0.6233333333333334 0.03349282296650718 0.05333333333333334
0 0.8480861244019139 0.75 0.03588516746411483 0.04666666666666667
0 0.8492822966507176 0.14 0.043062200956937795 0.14333333333333334
0 0.8755980861244019 0.6108333333333333 0.03349282296650718 0.07166666666666667
0 0.8911483253588517 0.09250000000000001 0.04066985645933014 0.05166666666666667
0 0.8983253588516746 0.5033333333333334 0.03588516746411483 0.08666666666666667
0 0.9055023923444976 0.6033333333333334 0.03110047846889952 0.05333333333333334
