0 0.06220095693779904 0.11833333333333335 0.05263157894736842 0.1366666666666667
0 0.11124401913875598 0.5133333333333334 0.11722488038277512 0.14666666666666667
0 0.09569377990430622 0.8691666666666668 0.03827751196172249 0.065
0 0.12200956937799043 0.13333333333333333 0.057416267942583726 0.17
0 0.17942583732057416 0.13333333333333333 0.057416267942583726 0.17
0 0.3576555023923445 0.7233333333333334 0.050239234449760764 0.10333333333333335
0 0.4007177033492823 0.7358333333333333 0.045454545454545456 0.13166666666666668
0 0.4461722488038277 0.7366666666666667 0.045454545454545456 0.13
0 0.6064593301435407 0.5166666666666667 0.03588516746411483 0.03333333333333333
0 0.6949760765550239 0.4766666666666667 0.07416267942583732 0.12000000000000001
0 0.8002392344497608 0.12083333333333333 0.05502392344497607 0.16833333333333333
0 0.8361244019138756 0.10416666666666667 0.021531100478468897 0.115
0 0.8720095693779903 0.07166666666666667 0.05502392344497607 0.07
0 0.8779904306220095 0.7216666666666667 0.03827751196172249 0.12000000000000001
0 0.8983253588516746 0.4675 0.04066985645933014 0.10833333333333334
