0 0.19976076555023922 0.6466666666666667 0.20813397129186603 0.17
0 0.28708133971291866 0.085 0.03827751196172249 0.09000000000000001
0 0.326555023923445 0.09583333333333334 0.04066985645933014 0.11166666666666668
0 0.38995215311004783 0.4041666666666667 0.03827751196172249 0.12166666666666667
0 0.4246411483253588 0.4058333333333334 0.03588516746411483 0.11833333333333335
0 0.7021531100478469 0.07 0.04066985645933014 0.03333333333333333
0 0.7715311004784688 0.37833333333333335 0.03588516746411483 0.06333333333333334
0 0.8205741626794258 0.1391666666666667 0.07655502392344497 0.23833333333333334
0 0.8062200956937798 0.40750000000000003 0.03827751196172249 0.12166666666666667
0 0.8433014354066986 0.3875 0.03588516746411483 0.08166666666666667
0 0.8564593301435406 0.6675000000000001 0.03827751196172249 0.15166666666666667
