0 0.29904306220095694 0.05583333333333334 0.03349282296650718 0.065
0 0.33253588516746413 0.055 0.03349282296650718 0.060000000000000005
0 0.458133971291866 0.08916666666666667 0.03588516746411483 0.10166666666666667
0 0.5083732057416268 0.7266666666666667 0.05502392344497607 0.06333333333333334
0 0.6160287081339713 0.8650000000000001 0.03588516746411483 0.1
0 0.6244019138755981 0.6266666666666667 0.03827751196172249 0.14
0 0.6507177033492823 0.8625 0.03349282296650718 0.095
0 0.6602870813397129 0.6258333333333334 0.03349282296650718 0.14166666666666666
0 0.8708133971291866 0.39666666666666667 0.03827751196172249 0.14
0 0.8875598086124401 0.5758333333333334 0.03827751196172249 0.065
0 0.9066985645933014 0.065 0.03827751196172249 0.08333333333333334
0 0.9055023923444976 0.3766666666666667 0.03588516746411483 0.10333333333333335
0 0.923444976076555 0.6058333333333333 0.03349282296650718 0.11833333333333335
