0 0.09808612440191387 0.25 0.028708133971291863 0.06333333333333334
0 0.12440191387559808 0.28 0.028708133971291863 0.12333333333333334
0 0.1291866028708134 0.43583333333333335 0.043062200956937795 0.12166666666666667
0 0.1519138755980861 0.1391666666666667 0.03110047846889952 0.13833333333333334
0 0.15311004784688995 0.8366666666666667 0.06698564593301436 0.09000000000000001
0 0.17105263157894737 0.4366666666666667 0.045454545454545456 0.12333333333333334
0 0.18181818181818182 0.10666666666666667 0.03349282296650718 0.07333333333333333
0 0.21291866028708134 0.42583333333333334 0.043062200956937795 0.09833333333333334
0 0.4019138755980861 0.12416666666666668 0.03349282296650718 0.028333333333333335
0 0.6770334928229664 0.13083333333333333 0.03827751196172249 0.12166666666666667
0 0.7117224880382775 0.1125 0.03588516746411483 0.085
0 0.7523923444976076 0.25333333333333335 0.04066985645933014 0.03666666666666667
0 0.7811004784688995 0.43333333333333335 0.04066985645933014 0.12333333333333334
0 0.8157894736842105 0.4041666666666667 0.03827751196172249 0.065
0 0.8516746411483254 0.42333333333333334 0.03827751196172249 0.10333333333333335
0 0.8313397129186603 0.9458333333333334 0.14593301435406697 0.06166666666666667
0 0.9246411483253588 0.66 0.05502392344497607 0.21666666666666667
