0 0.1262482168330956 0.8369140625 0.024251069900142655 0.021484375
0 0.15121255349500715 0.83642578125 0.02567760342368046 0.0185546875
0 0.137660485021398 0.56689453125 0.09272467902995721 0.0224609375
0 0.1840228245363766 0.83642578125 0.042796005706134094 0.0166015625
0 0.2674750356633381 0.95166015625 0.03281027104136947 0.0400390625
0 0.2781740370898716 0.65234375 0.011412268188302425 0.037109375
0 0.3095577746077033 0.951171875 0.0456490727532097 0.041015625
0 0.3109843081312411 0.65283203125 0.02567760342368046 0.0361328125
0 0.4029957203994294 0.83544921875 0.029957203994293868 0.0380859375
0 0.4379457917261056 0.83544921875 0.014265335235378032 0.0380859375
0 0.7738944365192583 0.10302734375 0.04136947218259629 0.0791015625
0 0.7895863052781741 0.259765625 0.024251069900142655 0.0390625
0 0.8231098430813124 0.1171875 0.037089871611982884 0.107421875
0 0.8252496433666191 0.25927734375 0.02710413694721826 0.0380859375
0 0.8423680456490727 0.45068359375 0.02710413694721826 0.0205078125
0 0.87018544935806 0.1171875 0.037089871611982884 0.107421875
0 0.8851640513552069 0.4716796875 0.03281027104136947 0.06640625
