0 0.0992822966507177 0.31333333333333335 0.04066985645933014 0.08
0 0.1255980861244019 0.7891666666666667 0.05502392344497607 0.18500000000000003
0 0.13277511961722488 0.10166666666666667 0.04066985645933014 0.030000000000000002
0 0.19138755980861244 0.7708333333333334 0.05263157894736842 0.14166666666666666
0 0.2583732057416268 0.15000000000000002 0.07177033492822966 0.12333333333333334
0 0.42105263157894735 0.1675 0.03349282296650718 0.08166666666666667
0 0.4449760765550239 0.08333333333333334 0.03349282296650718 0.043333333333333335
0 0.8098086124401913 0.5925 0.050239234449760764 0.065
0 0.8157894736842105 0.2316666666666667 0.03827751196172249 0.10666666666666667
0 0.819377990430622 0.9325000000000001 0.06937799043062201 0.11166666666666668
0 0.854066985645933 0.125 0.043062200956937795 0.03333333333333333
0 0.8528708133971291 0.22166666666666668 0.03588516746411483 0.08666666666666667
0 0.8708133971291866 0.5083333333333334 0.043062200956937795 0.08
