0 0.10526315789473684 0.8475 0.03827751196172249 0.135
0 0.11483253588516745 0.3541666666666667 0.043062200956937795 0.12166666666666667
0 0.14593301435406697 0.8375 0.03827751196172249 0.11166666666666668
0 0.15550239234449761 0.35500000000000004 0.043062200956937795 0.12333333333333334
0 0.2535885167464115 0.09250000000000001 0.043062200956937795 0.09833333333333334
0 0.2966507177033493 0.10416666666666667 0.043062200956937795 0.12166666666666667
0 0.3409090909090909 0.5425 0.03588516746411483 0.06833333333333334
0 0.7547846889952153 0.09083333333333334 0.04066985645933014 0.07500000000000001
0 0.7739234449760766 0.7425 0.045454545454545456 0.13833333333333334
0 0.7966507177033493 0.115 0.043062200956937795 0.12000000000000001
0 0.8205741626794258 0.7566666666666667 0.04784688995215311 0.16666666666666669
0 0.8648325358851674 0.5783333333333334 0.03110047846889952 0.04
0 0.8708133971291866 0.7708333333333334 0.04784688995215311 0.195
