0 0.10770328102710414 0.07421875 0.049928673323823114 0.0625
0 0.11840228245363767 0.5029296875 0.034236804564907276 0.095703125
0 0.15335235378031384 0.501953125 0.03281027104136947 0.099609375
0 0.1704707560627675 0.076171875 0.06419400855920114 0.064453125
0 0.19614835948644793 0.50146484375 0.047075606276747506 0.1005859375
0 0.28744650499286734 0.06201171875 0.029957203994293868 0.0537109375
0 0.29814550641940085 0.33056640625 0.017118402282453638 0.0380859375
0 0.33737517831669045 0.33056640625 0.05848787446504993 0.0400390625
0 0.3181169757489301 0.4794921875 0.034236804564907276 0.060546875
0 0.35306704707560627 0.490234375 0.015691868758915834 0.08203125
0 0.33808844507845937 0.0703125 0.06847360912981455 0.07421875
0 0.41012838801711843 0.4892578125 0.07560627674750357 0.09765625
0 0.41084165477888734 0.32275390625 0.037089871611982884 0.0458984375
0 0.4400855920114123 0.32275390625 0.021398002853067047 0.0458984375
0 0.46718972895863053 0.48095703125 0.03281027104136947 0.0615234375
0 0.5656205420827389 0.4638671875 0.029957203994293868 0.0546875
0 0.6569186875891584 0.61865234375 0.01283880171184023 0.0302734375
0 0.6426533523537803 0.48583984375 0.12125534950071327 0.1181640625
0 0.6833095577746078 0.6181640625 0.014265335235378032 0.029296875
0 0.7767475035663338 0.4931640625 0.03281027104136947 0.09765625
0 0.8452211126961484 0.06787109375 0.024251069900142655 0.0751953125
0 0.833095577746077 0.48388671875 0.07703281027104138 0.0810546875
0 0.8723252496433667 0.05322265625 0.021398002853067047 0.0458984375
0 0.8972895863052782 0.4833984375 0.04850213980028531 0.078125
0 0.9029957203994294 0.0546875 0.037089871611982884 0.044921875
