0 0.057416267942583726 0.6900000000000001 0.043062200956937795 0.08333333333333334
0 0.11124401913875598 0.24833333333333335 0.10287081339712918 0.07666666666666667
0 0.10526315789473684 0.7033333333333334 0.04784688995215311 0.11
0 0.13875598086124402 0.4966666666666667 0.07177033492822966 0.15000000000000002
0 0.1901913875598086 0.4341666666666667 0.03588516746411483 0.08166666666666667
0 0.2069377990430622 0.07083333333333333 0.06937799043062201 0.08833333333333333
0 0.2248803827751196 0.4241666666666667 0.03827751196172249 0.065
0 0.3038277511961722 0.43333333333333335 0.03827751196172249 0.10333333333333335
0 0.3397129186602871 0.405 0.03827751196172249 0.04666666666666667
0 0.5119617224880383 0.06916666666666667 0.04784688995215311 0.04833333333333334
0 0.5610047846889952 0.6950000000000001 0.045454545454545456 0.07666666666666667
0 0.6626794258373205 0.8641666666666667 0.03827751196172249 0.12833333333333335
0 0.6746411483253588 0.6658333333333334 0.028708133971291863 0.05166666666666667
0 0.7679425837320574 0.5308333333333334 0.03827751196172249 0.10166666666666667
0 0.8038277511961722 0.5133333333333334 0.03349282296650718 0.060000000000000005
0 0.8277511961722488 0.09833333333333334 0.04784688995215311 0.15666666666666668
0 0.8421052631578947 0.42583333333333334 0.03827751196172249 0.10166666666666667
0 0.8732057416267942 0.1366666666666667 0.04784688995215311 0.23333333333333334
0 0.8779904306220095 0.4166666666666667 0.03827751196172249 0.08333333333333334
0 0.8935406698564593 0.6825 0.03588516746411483 0.08166666666666667
