0 0.08059914407988587 0.83251953125 0.021398002853067047 0.0400390625
0 0.1340941512125535 0.8515625 0.07988587731811697 0.080078125
0 0.11412268188302425 0.60009765625 0.03138373751783167 0.0244140625
0 0.137660485021398 0.1650390625 0.03281027104136947 0.060546875
0 0.15192582025677603 0.60009765625 0.029957203994293868 0.0244140625
0 0.15977175463623394 0.1455078125 0.017118402282453638 0.0234375
0 0.18188302425106992 0.1650390625 0.029957203994293868 0.05859375
0 0.18972895863052783 0.60107421875 0.039942938659058486 0.0244140625
0 0.25463623395149787 0.09130859375 0.047075606276747506 0.0927734375
0 0.2624821683309558 0.69677734375 0.028530670470756064 0.0400390625
0 0.2995720399429387 0.69775390625 0.028530670470756064 0.0400390625
0 0.31169757489301 0.0927734375 0.0442225392296719 0.095703125
0 0.3680456490727532 0.0927734375 0.042796005706134094 0.095703125
0 0.37161198288159775 0.93359375 0.024251069900142655 0.048828125
0 0.40798858773181174 0.92626953125 0.039942938659058486 0.0361328125
0 0.514978601997147 0.73046875 0.03138373751783167 0.08984375
0 0.536376604850214 0.71630859375 0.014265335235378032 0.0478515625
0 0.6005706134094151 0.7216796875 0.11697574893009986 0.087890625
0 0.6783166904422254 0.72607421875 0.03281027104136947 0.0791015625
0 0.7218259629101285 0.9501953125 0.03138373751783167 0.046875
0 0.8630527817403709 0.9326171875 0.0456490727532097 0.0390625
0 0.9044222539229673 0.36572265625 0.03138373751783167 0.0380859375
0 0.898716119828816 0.93310546875 0.02567760342368046 0.0380859375
0 0.9144079885877319 0.05029296875 0.03138373751783167 0.0380859375
0 0.9151212553495007 0.77880859375 0.007132667617689016 0.0048828125
0 0.9194008559201141 0.77880859375 0.007132667617689016 0.0048828125
