0 0.07296650717703348 0.10833333333333334 0.04066985645933014 0.12000000000000001
0 0.07416267942583732 0.45833333333333337 0.03349282296650718 0.05666666666666667
0 0.08373205741626794 0.5975 0.057416267942583726 0.055
0 0.10406698564593302 0.45833333333333337 0.03110047846889952 0.05666666666666667
0 0.11363636363636363 0.14416666666666667 0.045454545454545456 0.19166666666666668
0 0.15789473684210525 0.1391666666666667 0.043062200956937795 0.17833333333333334
0 0.16507177033492823 0.6041666666666667 0.07177033492822966 0.05166666666666667
0 0.1985645933014354 0.3641666666666667 0.043062200956937795 0.021666666666666667
0 0.2452153110047847 0.35583333333333333 0.04066985645933014 0.021666666666666667
0 0.25598086124401914 0.23 0.057416267942583726 0.06666666666666667
0 0.3624401913875598 0.6475000000000001 0.04066985645933014 0.155
0 0.3923444976076555 0.3491666666666667 0.043062200956937795 0.028333333333333335
0 0.4007177033492823 0.6375000000000001 0.04066985645933014 0.135
0 0.43899521531100477 0.6375000000000001 0.04066985645933014 0.135
0 0.5095693779904306 0.40166666666666667 0.08133971291866028 0.12666666666666668
0 0.7954545454545454 0.6483333333333334 0.04066985645933014 0.13333333333333333
0 0.8337320574162679 0.6375000000000001 0.04066985645933014 0.11166666666666668
0 0.8720095693779903 0.6158333333333333 0.04066985645933014 0.06833333333333334
0 0.8600478468899522 0.4091666666666667 0.08373205741626794 0.16166666666666668
