0 0.11004784688995214 0.3241666666666667 0.05263157894736842 0.12833333333333335
0 0.09449760765550239 0.8416666666666667 0.045454545454545456 0.06666666666666667
0 0.11722488038277512 0.9658333333333334 0.15311004784688995 0.03166666666666667
0 0.1638755980861244 0.3241666666666667 0.05502392344497607 0.13166666666666668
0 0.22727272727272727 0.9658333333333334 0.07177033492822966 0.03166666666666667
0 0.2511961722488038 0.67 0.043062200956937795 0.07333333333333333
0 0.284688995215311 0.9658333333333334 0.03349282296650718 0.03166666666666667
0 0.354066985645933 0.9666666666666667 0.11483253588516745 0.030000000000000002
0 0.4019138755980861 0.6516666666666667 0.03349282296650718 0.043333333333333335
0 0.4473684210526316 0.9666666666666667 0.07177033492822966 0.030000000000000002
0 0.5179425837320574 0.9658333333333334 0.07416267942583732 0.03166666666666667
0 0.5825358851674641 0.9658333333333334 0.050239234449760764 0.03166666666666667
0 0.7404306220095693 0.14333333333333334 0.050239234449760764 0.14666666666666667
0 0.7930622009569378 0.09666666666666668 0.050239234449760764 0.06333333333333334
