0 0.0898716119828816 0.44677734375 0.014265335235378032 0.0380859375
0 0.12054208273894437 0.6865234375 0.01283880171184023 0.0234375
0 0.12553495007132667 0.44677734375 0.014265335235378032 0.0380859375
0 0.137660485021398 0.27587890625 0.02710413694721826 0.0537109375
0 0.1405135520684736 0.68603515625 0.029957203994293868 0.0244140625
0 0.16904422253922968 0.267578125 0.02710413694721826 0.037109375
0 0.1847360912981455 0.18115234375 0.02710413694721826 0.0810546875
0 0.1825962910128388 0.6982421875 0.03138373751783167 0.05078125
0 0.21540656205420827 0.1611328125 0.028530670470756064 0.0390625
0 0.24322396576319544 0.15576171875 0.024251069900142655 0.0341796875
0 0.8345221112696148 0.27001953125 0.028530670470756064 0.0556640625
0 0.8587731811697575 0.470703125 0.02567760342368046 0.06640625
0 0.8673323823109843 0.2744140625 0.02282453637660485 0.0625
0 0.8758915834522112 0.71337890625 0.06276747503566334 0.0927734375
0 0.8473609129814551 0.1474609375 0.09985734664764623 0.099609375
0 0.8873038516405136 0.4873046875 0.02567760342368046 0.09765625
0 0.906562054208274 0.279296875 0.05563480741797432 0.07421875
0 0.9179743223965764 0.4775390625 0.02710413694721826 0.083984375
