0 0.12440191387559808 0.6941666666666667 0.08612440191387559 0.07500000000000001
0 0.13516746411483252 0.5725 0.05502392344497607 0.06833333333333334
0 0.284688995215311 0.11333333333333334 0.03349282296650718 0.07333333333333333
0 0.49521531100478466 0.5800000000000001 0.06698564593301436 0.1
0 0.59688995215311 0.8575 0.04066985645933014 0.155
0 0.6088516746411483 0.08750000000000001 0.0645933014354067 0.11166666666666668
0 0.6351674641148325 0.8266666666666668 0.04066985645933014 0.09000000000000001
0 0.8062200956937798 0.5700000000000001 0.03827751196172249 0.06333333333333334
0 0.8409090909090908 0.5808333333333334 0.03588516746411483 0.08166666666666667
0 0.8767942583732057 0.5816666666666667 0.03110047846889952 0.08
0 0.8600478468899522 0.06916666666666667 0.0645933014354067 0.07500000000000001
