0 0.05848787446504993 0.6142578125 0.028530670470756064 0.08203125
0 0.0905848787446505 0.77880859375 0.05563480741797432 0.0517578125
0 0.09914407988587733 0.1279296875 0.021398002853067047 0.044921875
0 0.12696148359486448 0.1435546875 0.02567760342368046 0.07421875
0 0.11126961483594865 0.61328125 0.07703281027104138 0.08203125
0 0.137660485021398 0.05224609375 0.029957203994293868 0.0537109375
0 0.1875891583452211 0.052734375 0.06990014265335236 0.056640625
0 0.3231098430813124 0.9169921875 0.03566333808844508 0.05078125
0 0.3152639087018545 0.421875 0.08273894436519258 0.056640625
0 0.44151212553495006 0.4775390625 0.08131241084165478 0.07421875
0 0.8252496433666191 0.08447265625 0.06990014265335236 0.0888671875
0 0.8773181169757489 0.07568359375 0.028530670470756064 0.0537109375
0 0.9044222539229673 0.400390625 0.04850213980028531 0.080078125
