0 0.11483594864479316 0.5 0.03851640513552069 0.0703125
0 0.19614835948644793 0.642578125 0.1754636233951498 0.087890625
0 0.3880171184022825 0.1611328125 0.037089871611982884 0.0625
0 0.42296718972895864 0.15283203125 0.03566333808844508 0.0537109375
0 0.4272467902995721 0.505859375 0.03566333808844508 0.04296875
0 0.44151212553495006 0.34912109375 0.047075606276747506 0.0791015625
0 0.4607703281027104 0.91064453125 0.034236804564907276 0.0458984375
0 0.46861626248216837 0.50634765625 0.015691868758915834 0.0439453125
0 0.4771754636233952 0.33984375 0.01283880171184023 0.041015625
0 0.5099857346647646 0.9228515625 0.052781740370898715 0.0703125
0 0.55848787446505 0.92236328125 0.049928673323823114 0.0888671875
0 0.5385164051355207 0.0859375 0.0898716119828816 0.04296875
0 0.7703281027104137 0.62939453125 0.034236804564907276 0.0673828125
0 0.7574893009985735 0.33544921875 0.06847360912981455 0.0380859375
0 0.8202567760342369 0.64111328125 0.05135520684736092 0.0927734375
0 0.8630527817403709 0.62939453125 0.037089871611982884 0.0693359375
0 0.9044222539229673 0.353515625 0.08273894436519258 0.05859375
0 0.8873038516405136 0.6181640625 0.017118402282453638 0.046875
0 0.8994293865905849 0.10205078125 0.11269614835948645 0.0673828125
