0 0.08612440191387559 0.21250000000000002 0.043062200956937795 0.14500000000000002
0 0.09449760765550239 0.6975 0.03588516746411483 0.14500000000000002
0 0.09569377990430622 0.39416666666666667 0.043062200956937795 0.08166666666666667
0 0.10765550239234449 0.8483333333333334 0.03349282296650718 0.043333333333333335
0 0.1255980861244019 0.6808333333333334 0.03588516746411483 0.11166666666666668
0 0.12799043062200957 0.19083333333333335 0.04066985645933014 0.09833333333333334
0 0.14354066985645933 0.42250000000000004 0.04784688995215311 0.135
0 0.15669856459330142 0.6716666666666667 0.03588516746411483 0.09333333333333334
0 0.36363636363636365 0.6266666666666667 0.03349282296650718 0.06333333333333334
0 0.3684210526315789 0.10916666666666668 0.03827751196172249 0.085
0 0.4031100478468899 0.12916666666666668 0.03588516746411483 0.12166666666666667
0 0.5143540669856459 0.09000000000000001 0.09090909090909091 0.03666666666666667
0 0.59688995215311 0.11083333333333334 0.07894736842105263 0.03166666666666667
0 0.6004784688995215 0.6316666666666667 0.03827751196172249 0.06333333333333334
0 0.6949760765550239 0.09416666666666668 0.08373205741626794 0.04833333333333334
0 0.8169856459330144 0.14500000000000002 0.04066985645933014 0.11
0 0.8552631578947368 0.14500000000000002 0.04066985645933014 0.11333333333333334
0 0.8373205741626794 0.43583333333333335 0.08612440191387559 0.1716666666666667
