0 0.05706134094151213 0.0810546875 0.019971469329529243 0.0546875
0 0.06847360912981455 0.86669921875 0.028530670470756064 0.0830078125
0 0.06990014265335236 0.69775390625 0.034236804564907276 0.0791015625
0 0.0898716119828816 0.66845703125 0.014265335235378032 0.0126953125
0 0.09843081312410842 0.85791015625 0.028530670470756064 0.0673828125
0 0.11768901569186876 0.7177734375 0.0442225392296719 0.119140625
0 0.14550641940085593 0.85009765625 0.06276747503566334 0.0517578125
0 0.10984308131241084 0.08984375 0.07132667617689016 0.07421875
0 0.19757489300998574 0.7177734375 0.11840228245363767 0.119140625
0 0.19400855920114124 0.08251953125 0.042796005706134094 0.0732421875
0 0.24821683309557777 0.0830078125 0.07132667617689016 0.07421875
0 0.2995720399429387 0.0830078125 0.03138373751783167 0.072265625
0 0.37945791726105566 0.08056640625 0.03138373751783167 0.0732421875
0 0.4322396576319544 0.09130859375 0.07132667617689016 0.0908203125
0 0.47075606276747506 0.119140625 0.014265335235378032 0.03515625
0 0.48074179743223966 0.6943359375 0.03138373751783167 0.060546875
0 0.5156918687589158 0.7060546875 0.029957203994293868 0.076171875
0 0.5185449358059915 0.0625 0.029957203994293868 0.037109375
0 0.5905848787446505 0.08984375 0.10841654778887304 0.091796875
0 0.550641940085592 0.7041015625 0.03138373751783167 0.080078125
0 0.5770328102710414 0.7041015625 0.02710413694721826 0.068359375
0 0.6462196861626248 0.7060546875 0.034236804564907276 0.087890625
0 0.6940085592011412 0.693359375 0.049928673323823114 0.0703125
0 0.8024251069900142 0.6953125 0.029957203994293868 0.060546875
0 0.8666191155492154 0.6943359375 0.0898716119828816 0.060546875
