0 0.05143540669856459 0.7183333333333334 0.045454545454545456 0.46
0 0.17105263157894737 0.8291666666666667 0.045454545454545456 0.055
0 0.18421052631578946 0.5158333333333334 0.06220095693779904 0.155
0 0.2033492822966507 0.7283333333333334 0.03827751196172249 0.1
0 0.19138755980861244 0.035833333333333335 0.23444976076555024 0.028333333333333335
0 0.32057416267942584 0.035 0.019138755980861243 0.02666666666666667
0 0.39952153110047844 0.035833333333333335 0.10526315789473684 0.028333333333333335
0 0.49401913875598086 0.035833333333333335 0.08373205741626794 0.028333333333333335
0 0.8241626794258373 0.37833333333333335 0.045454545454545456 0.15666666666666668
0 0.8480861244019139 0.7041666666666667 0.04066985645933014 0.055
0 0.8696172248803827 0.3408333333333334 0.045454545454545456 0.07833333333333334
0 0.735645933014354 0.030833333333333334 0.39952153110047844 0.03833333333333334
