0 0.10485021398002853 0.7900390625 0.02710413694721826 0.1875
0 0.2218259629101284 0.11572265625 0.01283880171184023 0.0517578125
0 0.24393723252496435 0.73876953125 0.028530670470756064 0.0341796875
0 0.2788873038516405 0.77001953125 0.03851640513552069 0.1005859375
0 0.37874465049928674 0.1064453125 0.0442225392296719 0.16015625
0 0.4029957203994294 0.03857421875 0.009985734664764621 0.0087890625
0 0.42582025677603424 0.1064453125 0.03566333808844508 0.154296875
0 0.47289586305278175 0.11669921875 0.052781740370898715 0.1826171875
0 0.6704707560627675 0.13134765625 0.034236804564907276 0.1357421875
0 0.7047075606276748 0.107421875 0.03138373751783167 0.083984375
0 0.7717546362339516 0.49853515625 0.039942938659058486 0.1318359375
0 0.8252496433666191 0.5107421875 0.05563480741797432 0.15625
0 0.8708987161198288 0.11083984375 0.02710413694721826 0.0986328125
0 0.8801711840228246 0.47216796875 0.05706134094151213 0.0791015625
0 0.9022824536376605 0.8056640625 0.04136947218259629 0.0546875
0 0.9051355206847361 0.08642578125 0.04136947218259629 0.0517578125
