0 0.11961722488038277 0.14250000000000002 0.09569377990430622 0.225
0 0.09210526315789473 0.7933333333333333 0.03588516746411483 0.08333333333333334
0 0.10526315789473684 0.64 0.06220095693779904 0.10666666666666667
0 0.12679425837320574 0.7733333333333334 0.03827751196172249 0.043333333333333335
0 0.19258373205741627 0.52 0.08373205741626794 0.09000000000000001
0 0.27392344497607657 0.7891666666666667 0.02631578947368421 0.065
0 0.3720095693779904 0.775 0.03588516746411483 0.08
0 0.4055023923444976 0.795 0.03588516746411483 0.11666666666666667
0 0.4282296650717703 0.5283333333333333 0.06220095693779904 0.11333333333333334
0 0.43779904306220097 0.7858333333333334 0.03827751196172249 0.09833333333333334
0 0.46291866028708134 0.10250000000000001 0.03588516746411483 0.12166666666666667
0 0.5047846889952153 0.07916666666666668 0.043062200956937795 0.07500000000000001
0 0.5442583732057416 0.5575 0.04066985645933014 0.155
0 0.5825358851674641 0.5366666666666667 0.04066985645933014 0.11333333333333334
0 0.7177033492822966 0.5275000000000001 0.08612440191387559 0.095
0 0.7511961722488038 0.07083333333333333 0.08612440191387559 0.14166666666666666
0 0.8456937799043062 0.5575 0.04066985645933014 0.155
0 0.8839712918660286 0.5566666666666668 0.04066985645933014 0.15666666666666668
0 0.9031100478468899 0.12000000000000001 0.0645933014354067 0.18666666666666668
0 0.9449760765550239 0.7200000000000001 0.09090909090909091 0.16
