0 0.08345221112696148 0.78466796875 0.029957203994293868 0.0166015625
0 0.09272467902995721 0.67626953125 0.02282453637660485 0.0498046875
0 0.10413694721825963 0.22900390625 0.034236804564907276 0.0595703125
0 0.12339514978601998 0.677734375 0.02710413694721826 0.048828125
0 0.11340941512125535 0.35009765625 0.04136947218259629 0.0478515625
0 0.12268188302425108 0.076171875 0.028530670470756064 0.08984375
0 0.12196861626248218 0.81982421875 0.0442225392296719 0.0908203125
0 0.1398002853067047 0.2197265625 0.034236804564907276 0.041015625
0 0.15691868758915836 0.07568359375 0.028530670470756064 0.0908203125
0 0.15905848787446505 0.66796875 0.0442225392296719 0.03515625
0 0.15477888730385164 0.81103515625 0.029957203994293868 0.0712890625
0 0.15977175463623394 0.35107421875 0.017118402282453638 0.0498046875
0 0.19472182596291013 0.07666015625 0.0442225392296719 0.0908203125
0 0.19329529243937232 0.81103515625 0.0442225392296719 0.0751953125
0 0.2796005706134094 0.81005859375 0.028530670470756064 0.0673828125
0 0.29529243937232524 0.35498046875 0.05135520684736092 0.0458984375
0 0.33238231098430815 0.80224609375 0.07703281027104138 0.0517578125
0 0.33737517831669045 0.37744140625 0.03566333808844508 0.0888671875
0 0.43509272467903 0.78466796875 0.03138373751783167 0.0556640625
0 0.46790299572039945 0.78564453125 0.028530670470756064 0.0576171875
0 0.4664764621968616 0.36572265625 0.09985734664764623 0.0712890625
0 0.5592011412268189 0.06494140625 0.02567760342368046 0.0556640625
0 0.5927246790299572 0.06591796875 0.02710413694721826 0.0576171875
0 0.6255349500713266 0.06591796875 0.02710413694721826 0.0576171875
0 0.7339514978601998 0.0791015625 0.07560627674750357 0.078125
0 0.7746077032810271 0.81494140625 0.028530670470756064 0.0908203125
0 0.8530670470756063 0.82373046875 0.12268188302425108 0.1083984375
0 0.8395149786019972 0.0634765625 0.02710413694721826 0.05078125
0 0.8516405135520685 0.361328125 0.03138373751783167 0.068359375
0 0.8666191155492154 0.056640625 0.02710413694721826 0.052734375
0 0.8944365192582026 0.3603515625 0.034236804564907276 0.068359375
0 0.898716119828816 0.0595703125 0.037089871611982884 0.046875
