0 0.07489300998573467 0.837890625 0.052781740370898715 0.18359375
0 0.10699001426533523 0.267578125 0.03138373751783167 0.06640625
0 0.11697574893009986 0.80322265625 0.034236804564907276 0.1142578125
0 0.16690442225392296 0.837890625 0.05135520684736092 0.181640625
0 0.5035663338088445 0.77880859375 0.034236804564907276 0.0693359375
0 0.521398002853067 0.498046875 0.01283880171184023 0.078125
0 0.5442225392296719 0.8466796875 0.03566333808844508 0.205078125
0 0.5677603423680456 0.75732421875 0.017118402282453638 0.0107421875
0 0.6012838801711841 0.8359375 0.052781740370898715 0.18359375
0 0.6433666191155493 0.79052734375 0.034236804564907276 0.0908203125
0 0.7161198288159772 0.45263671875 0.03138373751783167 0.0322265625
0 0.7239657631954352 0.259765625 0.08701854493580599 0.119140625
0 0.7689015691868759 0.8076171875 0.028530670470756064 0.041015625
0 0.7831669044222539 0.23095703125 0.02567760342368046 0.0595703125
