0 0.11004784688995214 0.16833333333333333 0.03349282296650718 0.08333333333333334
0 0.1471291866028708 0.11750000000000001 0.03110047846889952 0.04833333333333334
0 0.33014354066985646 0.8391666666666667 0.03827751196172249 0.09833333333333334
0 0.37320574162679426 0.8633333333333334 0.03827751196172249 0.14333333333333334
0 0.4138755980861244 0.805 0.043062200956937795 0.030000000000000002
0 0.513157894736842 0.13166666666666668 0.04066985645933014 0.11333333333333334
0 0.5562200956937798 0.2916666666666667 0.04066985645933014 0.13333333333333333
0 0.5514354066985646 0.13166666666666668 0.04066985645933014 0.11333333333333334
0 0.5897129186602871 0.13166666666666668 0.04066985645933014 0.11333333333333334
0 0.8576555023923444 0.46416666666666667 0.03588516746411483 0.10166666666666667
0 0.8744019138755981 0.7441666666666668 0.03588516746411483 0.10166666666666667
0 0.8923444976076554 0.44583333333333336 0.03827751196172249 0.065
0 0.9126794258373205 0.7141666666666667 0.03588516746411483 0.04166666666666667
