0 0.0992822966507177 0.5125000000000001 0.03588516746411483 0.11166666666666668
0 0.10287081339712918 0.7883333333333333 0.03827751196172249 0.17333333333333334
0 0.1303827751196172 0.4783333333333334 0.03110047846889952 0.04
0 0.12440191387559808 0.10916666666666668 0.03349282296650718 0.10166666666666667
0 0.14354066985645933 0.7333333333333334 0.03349282296650718 0.07
0 0.1590909090909091 0.11916666666666667 0.03588516746411483 0.12166666666666667
0 0.29545454545454547 0.1366666666666667 0.03110047846889952 0.08666666666666667
0 0.3253588516746411 0.12000000000000001 0.028708133971291863 0.05333333333333334
0 0.3791866028708134 0.10416666666666667 0.03110047846889952 0.10166666666666667
0 0.41148325358851673 0.7258333333333333 0.03827751196172249 0.07500000000000001
0 0.44377990430622005 0.51 0.03588516746411483 0.11
0 0.45574162679425834 0.7391666666666667 0.04066985645933014 0.09833333333333334
0 0.4748803827751196 0.48333333333333334 0.03110047846889952 0.060000000000000005
0 0.49521531100478466 0.12416666666666668 0.03349282296650718 0.125
0 0.527511961722488 0.11333333333333334 0.03110047846889952 0.11
0 0.5562200956937798 0.5266666666666667 0.050239234449760764 0.12000000000000001
0 0.666267942583732 0.10083333333333334 0.03110047846889952 0.085
0 0.6949760765550239 0.09166666666666667 0.03110047846889952 0.07
0 0.8181818181818181 0.15333333333333335 0.03349282296650718 0.12000000000000001
0 0.84688995215311 0.15083333333333335 0.03349282296650718 0.11833333333333335
0 0.8863636363636364 0.08083333333333334 0.03110047846889952 0.065
