0 0.11722488038277512 0.115 0.028708133971291863 0.07
0 0.1901913875598086 0.8458333333333334 0.050239234449760764 0.13833333333333334
0 0.21650717703349281 0.4783333333333334 0.045454545454545456 0.18000000000000002
0 0.23923444976076555 0.8058333333333334 0.04784688995215311 0.058333333333333334
0 0.2619617224880383 0.4633333333333334 0.045454545454545456 0.14
0 0.25 0.12250000000000001 0.04066985645933014 0.10500000000000001
0 0.28708133971291866 0.11333333333333334 0.03827751196172249 0.08666666666666667
0 0.30023923444976075 0.4741666666666667 0.04066985645933014 0.16833333333333333
0 0.3720095693779904 0.24083333333333334 0.05980861244019139 0.10166666666666667
0 0.43779904306220097 0.12166666666666667 0.043062200956937795 0.10333333333333335
0 0.4820574162679426 0.12250000000000001 0.045454545454545456 0.10833333333333334
0 0.8098086124401913 0.5108333333333334 0.04066985645933014 0.10500000000000001
0 0.8456937799043062 0.49000000000000005 0.03588516746411483 0.06666666666666667
0 0.8624401913875598 0.13416666666666668 0.045454545454545456 0.16833333333333333
0 0.881578947368421 0.7341666666666667 0.050239234449760764 0.09833333333333334
0 0.9055023923444976 0.08833333333333333 0.04066985645933014 0.07333333333333333
