0 0.039942938659058486 0.462890625 0.028530670470756064 0.130859375
0 0.05848787446504993 0.24169921875 0.05135520684736092 0.1376953125
0 0.10770328102710414 0.2529296875 0.052781740370898715 0.16015625
0 0.0920114122681883 0.5029296875 0.07560627674750357 0.212890625
0 0.1861626248216833 0.458984375 0.03281027104136947 0.107421875
0 0.2189728958630528 0.4462890625 0.029957203994293868 0.078125
0 0.2574893009985735 0.42236328125 0.0442225392296719 0.0361328125
0 0.42653352353780316 0.43212890625 0.02567760342368046 0.0712890625
0 0.4586305278174037 0.45849609375 0.029957203994293868 0.1259765625
0 0.46790299572039945 0.0810546875 0.05135520684736092 0.0703125
0 0.4971469329529244 0.4482421875 0.0442225392296719 0.109375
0 0.521398002853067 0.75048828125 0.0898716119828816 0.1376953125
0 0.5114122681883024 0.0927734375 0.03851640513552069 0.09375
0 0.5599144079885877 0.0927734375 0.052781740370898715 0.09375
0 0.674037089871612 0.08447265625 0.029957203994293868 0.0966796875
0 0.7168330955777461 0.064453125 0.047075606276747506 0.060546875
0 0.8359486447931527 0.7412109375 0.03138373751783167 0.080078125
0 0.8601997146932954 0.06787109375 0.05135520684736092 0.0478515625
0 0.8922967189728959 0.4365234375 0.029957203994293868 0.080078125
0 0.9029957203994294 0.0673828125 0.03138373751783167 0.046875
0 0.8659058487874466 0.5029296875 0.10841654778887304 0.21484375
