0 0.144793152639087 0.6943359375 0.02710413694721826 0.056640625
0 0.24322396576319544 0.685546875 0.02710413694721826 0.044921875
0 0.28031383737517834 0.0556640625 0.029957203994293868 0.041015625
0 0.28530670470756064 0.68359375 0.034236804564907276 0.04296875
0 0.3573466476462197 0.07470703125 0.11840228245363767 0.0810546875
0 0.43580599144079885 0.0751953125 0.03281027104136947 0.078125
0 0.6562054208273894 0.89697265625 0.028530670470756064 0.0810546875
0 0.6562054208273894 0.67724609375 0.028530670470756064 0.0498046875
0 0.6854493580599145 0.89794921875 0.02710413694721826 0.0830078125
0 0.7089871611982882 0.7021484375 0.07703281027104138 0.099609375
0 0.7039942938659058 0.08154296875 0.03281027104136947 0.0791015625
0 0.7146932952924394 0.88037109375 0.028530670470756064 0.0498046875
0 0.7596291012838802 0.08154296875 0.07560627674750357 0.0791015625
0 0.8231098430813124 0.70068359375 0.028530670470756064 0.0791015625
0 0.8530670470756063 0.6923828125 0.02282453637660485 0.068359375
0 0.8587731811697575 0.0751953125 0.028530670470756064 0.07421875
0 0.8787446504992867 0.04833984375 0.014265335235378032 0.0126953125
0 0.8830242510699001 0.6845703125 0.02567760342368046 0.048828125
0 0.8994293865905849 0.0751953125 0.029957203994293868 0.07421875
0 0.9179743223965764 0.6904296875 0.04136947218259629 0.06640625
0 0.9315263908701855 0.056640625 0.028530670470756064 0.037109375
