0 0.11722488038277512 0.7991666666666667 0.06220095693779904 0.21500000000000002
0 0.12200956937799043 0.12583333333333335 0.04784688995215311 0.10833333333333334
0 0.1686602870813397 0.14 0.045454545454545456 0.1366666666666667
0 0.180622009569378 0.765 0.05980861244019139 0.14666666666666667
0 0.22248803827751196 0.1391666666666667 0.06220095693779904 0.135
0 0.2727272727272727 0.1275 0.04784688995215311 0.11166666666666668
0 0.8086124401913876 0.07833333333333334 0.043062200956937795 0.10666666666666667
0 0.8444976076555024 0.7983333333333333 0.057416267942583726 0.25
0 0.854066985645933 0.09083333333333334 0.04784688995215311 0.13166666666666668
0 0.8983253588516746 0.10333333333333335 0.045454545454545456 0.15666666666666668
0 0.9078947368421052 0.7458333333333333 0.05980861244019139 0.14500000000000002
