0 0.06698564593301436 0.8425 0.04784688995215311 0.165
0 0.08612440191387559 0.15666666666666668 0.03349282296650718 0.06333333333333334
0 0.11722488038277512 0.8558333333333333 0.04784688995215311 0.195
0 0.11722488038277512 0.065 0.03349282296650718 0.04
0 0.11961722488038277 0.14583333333333334 0.03349282296650718 0.045000000000000005
0 0.3062200956937799 0.33666666666666667 0.03349282296650718 0.08666666666666667
0 0.3361244019138756 0.32833333333333337 0.03110047846889952 0.07333333333333333
0 0.34449760765550236 0.9325000000000001 0.07655502392344497 0.03166666666666667
0 0.4019138755980861 0.9325000000000001 0.043062200956937795 0.011666666666666667
0 0.4677033492822966 0.47750000000000004 0.02631578947368421 0.045000000000000005
0 0.47727272727272724 0.305 0.03110047846889952 0.05666666666666667
0 0.4904306220095694 0.4675 0.019138755980861243 0.025
0 0.4784688995215311 0.9316666666666668 0.11483253588516745 0.03333333333333333
0 0.5179425837320574 0.43500000000000005 0.03110047846889952 0.04666666666666667
0 0.5406698564593301 0.42500000000000004 0.023923444976076555 0.02666666666666667
0 0.5885167464114832 0.9308333333333334 0.11483253588516745 0.03166666666666667
0 0.5633971291866029 0.39 0.03110047846889952 0.04666666666666667
0 0.5861244019138756 0.38083333333333336 0.019138755980861243 0.028333333333333335
0 0.6889952153110047 0.47000000000000003 0.16267942583732056 0.023333333333333334
0 0.8026315789473684 0.47000000000000003 0.07416267942583732 0.023333333333333334
0 0.8265550239234449 0.8491666666666667 0.050239234449760764 0.12166666666666667
0 0.8313397129186603 0.15583333333333335 0.04066985645933014 0.135
0 0.8732057416267942 0.3166666666666667 0.04784688995215311 0.03666666666666667
0 0.8648325358851674 0.04416666666666667 0.04066985645933014 0.028333333333333335
0 0.8791866028708134 0.8341666666666667 0.045454545454545456 0.09166666666666667
