0 0.11269614835948645 0.3662109375 0.028530670470756064 0.048828125
0 0.11554921540656206 0.916015625 0.028530670470756064 0.08203125
0 0.12339514978601998 0.1162109375 0.02710413694721826 0.0390625
0 0.1383737517831669 0.5029296875 0.02567760342368046 0.052734375
0 0.14122681883024252 0.251953125 0.028530670470756064 0.06640625
0 0.1825962910128388 0.3740234375 0.11126961483594865 0.068359375
0 0.1790299572039943 0.916015625 0.09843081312410842 0.083984375
0 0.16975748930099857 0.4931640625 0.028530670470756064 0.03515625
0 0.1704707560627675 0.2431640625 0.029957203994293868 0.05078125
0 0.20613409415121256 0.24365234375 0.04136947218259629 0.0517578125
0 0.1776034236804565 0.59228515625 0.09843081312410842 0.0517578125
0 0.24465049928673324 0.59228515625 0.024251069900142655 0.0498046875
0 0.3730385164051355 0.58251953125 0.021398002853067047 0.0458984375
0 0.41583452211126964 0.58251953125 0.05848787446504993 0.0458984375
0 0.4664764621968616 0.91943359375 0.028530670470756064 0.0810546875
0 0.4529243937232525 0.07177734375 0.03281027104136947 0.0615234375
0 0.46219686162624823 0.5751953125 0.037089871611982884 0.044921875
0 0.492867332382311 0.0791015625 0.04136947218259629 0.05078125
0 0.4957203994293866 0.9189453125 0.02710413694721826 0.08203125
0 0.5278174037089872 0.22607421875 0.034236804564907276 0.0478515625
0 0.5249643366619116 0.91845703125 0.03138373751783167 0.0986328125
0 0.5556348074179743 0.91015625 0.021398002853067047 0.06640625
0 0.6269614835948645 0.8857421875 0.0442225392296719 0.072265625
0 0.630527817403709 0.09521484375 0.03138373751783167 0.0986328125
0 0.666904422253923 0.8955078125 0.0442225392296719 0.091796875
0 0.6947218259629101 0.09423828125 0.0884450784593438 0.0986328125
0 0.7524964336661912 0.09521484375 0.029957203994293868 0.0986328125
0 0.8523537803138374 0.90625 0.16119828815977175 0.109375
0 0.8901569186875892 0.09716796875 0.06276747503566334 0.0673828125
0 0.942938659058488 0.10498046875 0.039942938659058486 0.0986328125
