0 0.09343794579172611 0.93017578125 0.024251069900142655 0.0458984375
0 0.10984308131241084 0.73681640625 0.034236804564907276 0.0595703125
0 0.12054208273894437 0.9443359375 0.024251069900142655 0.072265625
0 0.12125534950071327 0.10205078125 0.011412268188302425 0.0380859375
0 0.11982881597717547 0.19140625 0.03138373751783167 0.07421875
0 0.19472182596291013 0.75244140625 0.1326676176890157 0.1103515625
0 0.15335235378031384 0.111328125 0.029957203994293868 0.0546875
0 0.15834522111269617 0.19140625 0.0456490727532097 0.07421875
0 0.15121255349500715 0.9365234375 0.034236804564907276 0.060546875
0 0.17261055634807418 0.2001953125 0.014265335235378032 0.01171875
0 0.1790299572039943 0.93017578125 0.024251069900142655 0.0458984375
0 0.1761768901569187 0.3466796875 0.11269614835948645 0.083984375
0 0.26462196861626247 0.06591796875 0.09843081312410842 0.0673828125
0 0.41298145506419404 0.04638671875 0.024251069900142655 0.0498046875
0 0.46576319543509276 0.05517578125 0.07560627674750357 0.0673828125
0 0.7225392296718973 0.05712890625 0.02710413694721826 0.0673828125
0 0.7532097004279601 0.05712890625 0.02567760342368046 0.0673828125
0 0.7831669044222539 0.0576171875 0.028530670470756064 0.06640625
0 0.7931526390870186 0.484375 0.028530670470756064 0.083984375
0 0.8637660485021398 0.47607421875 0.10984308131241084 0.0830078125
0 0.8473609129814551 0.892578125 0.10271041369472184 0.115234375
0 0.833808844507846 0.732421875 0.16119828815977175 0.12890625
0 0.8794579172610557 0.08056640625 0.05848787446504993 0.0634765625
0 0.8288159771754636 0.3369140625 0.1825962910128388 0.083984375
0 0.9215406562054208 0.06591796875 0.02567760342368046 0.0322265625
