0 0.06419400855920114 0.9072265625 0.028530670470756064 0.08203125
0 0.06348074179743224 0.08935546875 0.02710413694721826 0.0908203125
0 0.09486447931526391 0.08935546875 0.029957203994293868 0.0908203125
0 0.11055634807417974 0.8984375 0.06419400855920114 0.06640625
0 0.13623395149786022 0.07080078125 0.05563480741797432 0.0556640625
0 0.14621968616262482 0.875 0.01283880171184023 0.01171875
0 0.2232524964336662 0.90673828125 0.06419400855920114 0.0986328125
0 0.29386590584878747 0.89013671875 0.07703281027104138 0.0673828125
0 0.405848787446505 0.884765625 0.029957203994293868 0.091796875
0 0.5135520684736091 0.072265625 0.028530670470756064 0.056640625
0 0.4771754636233952 0.89306640625 0.10984308131241084 0.1103515625
0 0.5456490727532097 0.09033203125 0.029957203994293868 0.0908203125
0 0.5549215406562055 0.85986328125 0.0456490727532097 0.0380859375
0 0.6027104136947219 0.0869140625 0.08131241084165478 0.099609375
0 0.6718972895863053 0.85400390625 0.07417974322396577 0.1005859375
0 0.775320970042796 0.09130859375 0.029957203994293868 0.0791015625
0 0.7724679029957204 0.81298828125 0.02710413694721826 0.0537109375
0 0.8509272467902996 0.83544921875 0.1326676176890157 0.1162109375
0 0.8395149786019972 0.09619140625 0.0898716119828816 0.1044921875
