0 0.09629101283880172 0.8740234375 0.024251069900142655 0.048828125
0 0.10699001426533523 0.44091796875 0.028530670470756064 0.0556640625
0 0.10199714693295293 0.26513671875 0.029957203994293868 0.0908203125
0 0.16833095577746077 0.890625 0.11126961483594865 0.083984375
0 0.1262482168330956 0.7607421875 0.02710413694721826 0.052734375
0 0.1405135520684736 0.25439453125 0.0442225392296719 0.0751953125
0 0.15834522111269617 0.45849609375 0.06847360912981455 0.0908203125
0 0.12268188302425108 0.1103515625 0.06562054208273894 0.099609375
0 0.1783166904422254 0.76220703125 0.06847360912981455 0.0712890625
0 0.19329529243937232 0.0947265625 0.07560627674750357 0.068359375
0 0.17261055634807418 0.24609375 0.02567760342368046 0.0546875
0 0.2303851640513552 0.44970703125 0.06990014265335236 0.0888671875
0 0.21184022824536378 0.24609375 0.0442225392296719 0.056640625
0 0.2689015691868759 0.4677734375 0.01283880171184023 0.02734375
0 0.5385164051355207 0.4453125 0.029957203994293868 0.072265625
0 0.6098430813124108 0.94677734375 0.029957203994293868 0.0439453125
0 0.616262482168331 0.44384765625 0.12268188302425108 0.0732421875
0 0.6633380884450785 0.7607421875 0.02567760342368046 0.078125
0 0.7289586305278174 0.8935546875 0.0884450784593438 0.0625
0 0.7453637660485022 0.759765625 0.1355206847360913 0.083984375
0 0.7931526390870186 0.88671875 0.037089871611982884 0.046875
0 0.8716119828815977 0.18798828125 0.028530670470756064 0.0830078125
0 0.8801711840228246 0.0693359375 0.011412268188302425 0.017578125
0 0.8751783166904422 0.44970703125 0.14693295292439373 0.0849609375
0 0.9008559201141227 0.18896484375 0.029957203994293868 0.0810546875
0 0.9072753209700428 0.755859375 0.07988587731811697 0.052734375
