0 0.14832535885167464 0.39666666666666667 0.03349282296650718 0.08333333333333334
0 0.17464114832535885 0.7250000000000001 0.043062200956937795 0.2066666666666667
0 0.18421052631578946 0.405 0.03827751196172249 0.10333333333333335
0 0.21889952153110048 0.4058333333333334 0.03588516746411483 0.10166666666666667
0 0.21531100478468898 0.7300000000000001 0.043062200956937795 0.21666666666666667
0 0.27033492822966504 0.405 0.07177033492822966 0.10333333333333335
0 0.25598086124401914 0.7141666666666667 0.043062200956937795 0.18500000000000003
0 0.29545454545454547 0.7033333333333334 0.04066985645933014 0.16333333333333333
0 0.44138755980861244 0.6083333333333334 0.03110047846889952 0.07333333333333333
0 0.47248803827751196 0.61 0.03588516746411483 0.07666666666666667
0 0.7811004784688995 0.7133333333333334 0.04066985645933014 0.2066666666666667
0 0.7954545454545454 0.27166666666666667 0.03588516746411483 0.08
0 0.8205741626794258 0.7016666666666667 0.043062200956937795 0.18333333333333335
0 0.8289473684210525 0.31 0.03588516746411483 0.15333333333333335
0 0.8612440191387559 0.6808333333333334 0.043062200956937795 0.14166666666666666
0 0.8612440191387559 0.2725 0.03827751196172249 0.08166666666666667
0 0.9007177033492823 0.68 0.04066985645933014 0.14
