0 0.09210526315789473 0.9641666666666667 0.07416267942583732 0.03166666666666667
0 0.13277511961722488 0.21250000000000002 0.045454545454545456 0.16833333333333333
0 0.12799043062200957 0.8241666666666667 0.03588516746411483 0.10833333333333334
0 0.15071770334928228 0.9641666666666667 0.05263157894736842 0.03166666666666667
0 0.14952153110047847 0.6625000000000001 0.03110047846889952 0.035
0 0.16626794258373206 0.6408333333333334 0.011961722488038277 0.008333333333333333
0 0.1638755980861244 0.81 0.03588516746411483 0.08333333333333334
0 0.16985645933014354 0.39666666666666667 0.043062200956937795 0.10333333333333335
0 0.18421052631578946 0.9641666666666667 0.023923444976076555 0.028333333333333335
0 0.180622009569378 0.1975 0.050239234449760764 0.14166666666666666
0 0.20095693779904306 0.5800000000000001 0.043062200956937795 0.060000000000000005
0 0.2248803827751196 0.9641666666666667 0.057416267942583726 0.03166666666666667
0 0.45215311004784686 0.9641666666666667 0.4019138755980861 0.03166666666666667
0 0.6949760765550239 0.6133333333333334 0.03588516746411483 0.08333333333333334
0 0.8277511961722488 0.10916666666666668 0.04784688995215311 0.085
0 0.8744019138755981 0.10750000000000001 0.050239234449760764 0.08833333333333333
0 0.8839712918660286 0.8583333333333334 0.03588516746411483 0.043333333333333335
