0 0.08971291866028708 0.3666666666666667 0.03588516746411483 0.10333333333333335
0 0.11124401913875598 0.5900000000000001 0.07894736842105263 0.10333333333333335
0 0.1124401913875598 0.755 0.07655502392344497 0.12666666666666668
0 0.18301435406698563 0.7366666666666667 0.03588516746411483 0.043333333333333335
0 0.20454545454545453 0.7475 0.011961722488038277 0.008333333333333333
0 0.36602870813397126 0.3466666666666667 0.06698564593301436 0.11
0 0.38636363636363635 0.7608333333333334 0.04066985645933014 0.125
0 0.3684210526315789 0.5791666666666667 0.09090909090909091 0.08833333333333333
0 0.4677033492822966 0.7858333333333334 0.045454545454545456 0.055
0 0.5167464114832536 0.8516666666666667 0.04784688995215311 0.19
0 0.8409090909090908 0.1375 0.03588516746411483 0.10166666666666667
