0 0.06419400855920114 0.61767578125 0.02282453637660485 0.0185546875
0 0.09700427960057062 0.65283203125 0.03138373751783167 0.0927734375
0 0.13623395149786022 0.64453125 0.0442225392296719 0.07421875
0 0.1348074179743224 0.8271484375 0.047075606276747506 0.04296875
0 0.19044222539229672 0.63330078125 0.029957203994293868 0.0537109375
0 0.18045649072753212 0.82763671875 0.047075606276747506 0.0419921875
0 0.2253922967189729 0.8330078125 0.039942938659058486 0.02734375
0 0.19614835948644793 0.08837890625 0.16975748930099857 0.1005859375
0 0.24964336661911557 0.11376953125 0.011412268188302425 0.0126953125
0 0.24893009985734665 0.6318359375 0.08416547788873038 0.056640625
0 0.40798858773181174 0.42138671875 0.03138373751783167 0.0908203125
0 0.43937232524964337 0.08935546875 0.07132667617689016 0.1083984375
0 0.4793152639087019 0.421875 0.10841654778887304 0.09375
0 0.4914407988587732 0.05810546875 0.03281027104136947 0.0615234375
0 0.442225392296719 0.7734375 0.09985734664764623 0.08203125
0 0.5135520684736091 0.66455078125 0.07703281027104138 0.0595703125
0 0.6191155492154066 0.6611328125 0.034236804564907276 0.056640625
0 0.6547788873038517 0.65966796875 0.034236804564907276 0.0556640625
0 0.5891583452211128 0.0888671875 0.15977175463623394 0.109375
0 0.7368045649072753 0.060546875 0.021398002853067047 0.033203125
0 0.7360912981455064 0.6494140625 0.02567760342368046 0.05859375
0 0.7838801711840229 0.07666015625 0.06704707560627675 0.0673828125
0 0.7988587731811698 0.6484375 0.09985734664764623 0.060546875
0 0.8309557774607703 0.0849609375 0.024251069900142655 0.08203125
0 0.8437945791726106 0.39306640625 0.03281027104136947 0.0791015625
0 0.8616262482168331 0.6630859375 0.034236804564907276 0.08984375
0 0.8659058487874466 0.07666015625 0.039942938659058486 0.0654296875
0 0.8794579172610557 0.392578125 0.03281027104136947 0.078125
0 0.8894436519258203 0.6494140625 0.024251069900142655 0.060546875
