0 0.08131241084165478 0.9013671875 0.028530670470756064 0.06640625
0 0.08701854493580599 0.05224609375 0.019971469329529243 0.0146484375
0 0.10485021398002853 0.484375 0.03281027104136947 0.05859375
0 0.16690442225392296 0.087890625 0.1340941512125535 0.08984375
0 0.11126961483594865 0.7275390625 0.028530670470756064 0.017578125
0 0.16975748930099857 0.91796875 0.14835948644793154 0.099609375
0 0.16975748930099857 0.75390625 0.08273894436519258 0.07421875
0 0.2689015691868759 0.25732421875 0.0898716119828816 0.0888671875
0 0.28316690442225395 0.75390625 0.02710413694721826 0.078125
0 0.2867332382310984 0.41064453125 0.028530670470756064 0.0712890625
0 0.3573466476462197 0.41064453125 0.10699001426533523 0.0732421875
0 0.3202567760342368 0.0615234375 0.02710413694721826 0.06640625
0 0.3459343794579173 0.75341796875 0.0898716119828816 0.0791015625
0 0.33238231098430815 0.23583984375 0.037089871611982884 0.0458984375
0 0.3680456490727532 0.07666015625 0.06562054208273894 0.0986328125
0 0.47574893009985736 0.75244140625 0.10128388017118403 0.0693359375
0 0.500713266761769 0.408203125 0.09700427960057062 0.083984375
0 0.5413694721825963 0.74560546875 0.021398002853067047 0.0517578125
0 0.5720399429386591 0.392578125 0.039942938659058486 0.052734375
0 0.5813124108416547 0.80029296875 0.021398002853067047 0.0205078125
0 0.5948644793152639 0.74951171875 0.02567760342368046 0.0595703125
0 0.6897289586305279 0.76318359375 0.16405135520684735 0.0888671875
0 0.6369472182596291 0.38916015625 0.02710413694721826 0.0498046875
0 0.68830242510699 0.06689453125 0.04136947218259629 0.0732421875
0 0.68830242510699 0.396484375 0.07560627674750357 0.068359375
0 0.7225392296718973 0.06787109375 0.02710413694721826 0.0732421875
0 0.7375178316690443 0.396484375 0.028530670470756064 0.06640625
0 0.7161198288159772 0.634765625 0.06276747503566334 0.03515625
0 0.7667617689015692 0.40478515625 0.02710413694721826 0.0810546875
0 0.7696148359486448 0.63525390625 0.04136947218259629 0.0341796875
0 0.8266761768901569 0.07861328125 0.03281027104136947 0.0693359375
0 0.8466476462196861 0.39501953125 0.021398002853067047 0.0673828125
0 0.8623395149786021 0.06982421875 0.03281027104136947 0.0673828125
0 0.8823109843081313 0.39599609375 0.03851640513552069 0.0673828125
0 0.9051355206847361 0.064453125 0.047075606276747506 0.041015625
0 0.912981455064194 0.388671875 0.028530670470756064 0.048828125
0 0.8794579172610557 0.75439453125 0.1326676176890157 0.0615234375
0 0.9407988587731811 0.396484375 0.024251069900142655 0.064453125
