0 0.09449760765550239 0.8200000000000001 0.04066985645933014 0.07333333333333333
0 0.10167464114832535 0.12000000000000001 0.03588516746411483 0.07333333333333333
0 0.13157894736842105 0.6616666666666667 0.03349282296650718 0.06666666666666667
0 0.22248803827751196 0.12000000000000001 0.03827751196172249 0.10666666666666667
0 0.2583732057416268 0.1 0.03827751196172249 0.06666666666666667
0 0.27870813397129185 0.47750000000000004 0.03588516746411483 0.058333333333333334
0 0.29545454545454547 0.12083333333333333 0.04066985645933014 0.10833333333333334
0 0.31339712918660284 0.46416666666666667 0.03349282296650718 0.04166666666666667
0 0.4282296650717703 0.26166666666666666 0.03827751196172249 0.11
0 0.43899521531100477 0.47750000000000004 0.0645933014354067 0.021666666666666667
0 0.46411483253588515 0.2516666666666667 0.03827751196172249 0.08666666666666667
0 0.4748803827751196 0.09583333333333334 0.04066985645933014 0.08833333333333333
0 0.5023923444976076 0.8450000000000001 0.03349282296650718 0.08333333333333334
0 0.5119617224880383 0.07500000000000001 0.03349282296650718 0.04666666666666667
0 0.5287081339712918 0.6875 0.03827751196172249 0.10500000000000001
0 0.5394736842105263 0.8441666666666667 0.03588516746411483 0.085
0 0.5633971291866029 0.6683333333333333 0.04066985645933014 0.06666666666666667
0 0.5765550239234449 0.8550000000000001 0.03827751196172249 0.11
0 0.8181818181818181 0.8358333333333334 0.07177033492822966 0.09166666666666667
0 0.8325358851674641 0.09083333333333334 0.043062200956937795 0.16166666666666668
0 0.8552631578947368 0.7975000000000001 0.011961722488038277 0.008333333333333333
0 0.8732057416267942 0.06916666666666667 0.043062200956937795 0.11833333333333335
