0 0.08612440191387559 0.4941666666666667 0.06698564593301436 0.085
0 0.08732057416267942 0.12083333333333333 0.050239234449760764 0.165
0 0.13636363636363635 0.12416666666666668 0.043062200956937795 0.16166666666666668
0 0.22727272727272727 0.5283333333333333 0.057416267942583726 0.09000000000000001
0 0.3588516746411483 0.4733333333333334 0.057416267942583726 0.07333333333333333
0 0.4677033492822966 0.5133333333333334 0.050239234449760764 0.05333333333333334
0 0.5861244019138756 0.125 0.043062200956937795 0.14
0 0.6351674641148325 0.11083333333333334 0.045454545454545456 0.11166666666666668
0 0.6782296650717703 0.48250000000000004 0.05502392344497607 0.058333333333333334
0 0.7332535885167464 0.3408333333333334 0.03588516746411483 0.12166666666666667
0 0.7679425837320574 0.33166666666666667 0.03349282296650718 0.10333333333333335
0 0.8301435406698564 0.8058333333333334 0.057416267942583726 0.16833333333333333
0 0.9043062200956937 0.4675 0.05263157894736842 0.085
0 0.9031100478468899 0.09666666666666668 0.03588516746411483 0.05
