0 0.07061340941512126 0.09765625 0.009985734664764621 0.0625
0 0.09415121255349501 0.73486328125 0.028530670470756064 0.0673828125
0 0.12410841654778888 0.7353515625 0.02567760342368046 0.068359375
0 0.1348074179743224 0.09814453125 0.0898716119828816 0.0615234375
0 0.1348074179743224 0.3095703125 0.12125534950071327 0.072265625
0 0.1875891583452211 0.67041015625 0.024251069900142655 0.0556640625
0 0.2796005706134094 0.67919921875 0.14835948644793154 0.0751953125
0 0.5263908701854494 0.67138671875 0.02567760342368046 0.0673828125
0 0.5620542082738944 0.3076171875 0.1369472182596291 0.08984375
0 0.6512125534950072 0.30224609375 0.04136947218259629 0.0673828125
0 0.6975748930099858 0.1162109375 0.028530670470756064 0.068359375
0 0.6326676176890157 0.67919921875 0.1840228245363766 0.0849609375
0 0.7503566333808844 0.12353515625 0.07703281027104138 0.0966796875
0 0.7817403708987162 0.65673828125 0.011412268188302425 0.0341796875
0 0.7995720399429387 0.52099609375 0.029957203994293868 0.1005859375
0 0.804564907275321 0.30224609375 0.05420827389443652 0.0966796875
0 0.8174037089871612 0.6640625 0.039942938659058486 0.05078125
0 0.8288159771754636 0.5205078125 0.028530670470756064 0.099609375
0 0.8666191155492154 0.28173828125 0.06990014265335236 0.0673828125
0 0.8473609129814551 0.68017578125 0.028530670470756064 0.0849609375
0 0.8366619115549215 0.064453125 0.08416547788873038 0.056640625
0 0.8651925820256776 0.51318359375 0.04136947218259629 0.0986328125
