0 0.09343794579172611 0.93115234375 0.03281027104136947 0.0791015625
0 0.16761768901569188 0.46044921875 0.15549215406562056 0.0908203125
0 0.11269614835948645 0.83154296875 0.011412268188302425 0.0380859375
0 0.14907275320970043 0.93212890625 0.07560627674750357 0.0810546875
0 0.12838801711840228 0.7265625 0.028530670470756064 0.06640625
0 0.13623395149786022 0.5439453125 0.009985734664764621 0.029296875
0 0.14407988587731813 0.83203125 0.028530670470756064 0.037109375
0 0.15977175463623394 0.54443359375 0.019971469329529243 0.0283203125
0 0.15834522111269617 0.72705078125 0.028530670470756064 0.0673828125
0 0.16333808844507847 0.62451171875 0.1326676176890157 0.0908203125
0 0.31169757489301 0.42919921875 0.021398002853067047 0.0673828125
0 0.33523537803138376 0.42919921875 0.02282453637660485 0.0673828125
0 0.3594864479315264 0.427734375 0.02282453637660485 0.068359375
0 0.37731811697574896 0.0556640625 0.05563480741797432 0.037109375
0 0.42867332382310985 0.05908203125 0.047075606276747506 0.0283203125
0 0.4144079885877318 0.9091796875 0.06990014265335236 0.107421875
0 0.48074179743223966 0.0595703125 0.0456490727532097 0.02734375
0 0.5492154065620543 0.87646484375 0.12268188302425108 0.1103515625
0 0.587018544935806 0.05517578125 0.15834522111269617 0.0361328125
0 0.5064194008559201 0.099609375 0.31669044222539233 0.033203125
0 0.8181169757489302 0.5615234375 0.029957203994293868 0.072265625
0 0.8559201141226819 0.697265625 0.07132667617689016 0.091796875
0 0.8466476462196861 0.43603515625 0.029957203994293868 0.0908203125
0 0.8559201141226819 0.56103515625 0.042796005706134094 0.0732421875
0 0.8623395149786021 0.89111328125 0.10128388017118403 0.1005859375
0 0.8801711840228246 0.44677734375 0.03138373751783167 0.1083984375
0 0.8901569186875892 0.56201171875 0.03138373751783167 0.0732421875
0 0.912981455064194 0.42822265625 0.03138373751783167 0.0732421875
0 0.9136947218259629 0.6796875 0.0442225392296719 0.056640625
0 0.927960057061341 0.875 0.02710413694721826 0.068359375
0 0.9286733238231099 0.5537109375 0.0456490727532097 0.056640625
