0 0.08559201141226819 0.05908203125 0.011412268188302425 0.0400390625
0 0.11840228245363767 0.55712890625 0.0456490727532097 0.0986328125
0 0.12125534950071327 0.08837890625 0.028530670470756064 0.0966796875
0 0.10984308131241084 0.20556640625 0.059914407988587735 0.0361328125
0 0.15620542082738945 0.08935546875 0.029957203994293868 0.0986328125
0 0.15477888730385164 0.55810546875 0.03281027104136947 0.0810546875
0 0.19400855920114124 0.08740234375 0.03138373751783167 0.0986328125
0 0.2282453637660485 0.09912109375 0.03138373751783167 0.1142578125
0 0.28815977175463625 0.0830078125 0.03138373751783167 0.09765625
0 0.34308131241084167 0.0732421875 0.07275320970042796 0.080078125
0 0.42867332382310985 0.53955078125 0.03281027104136947 0.0595703125
0 0.47075606276747506 0.53955078125 0.04850213980028531 0.0615234375
0 0.5984308131241084 0.5537109375 0.06419400855920114 0.068359375
0 0.6911554921540657 0.494140625 0.021398002853067047 0.015625
0 0.7203994293865906 0.51806640625 0.02567760342368046 0.0673828125
0 0.7496433666191156 0.51806640625 0.02710413694721826 0.0673828125
0 0.8174037089871612 0.55517578125 0.028530670470756064 0.0908203125
0 0.8537803138373752 0.09130859375 0.1326676176890157 0.1181640625
0 0.8758915834522112 0.5546875 0.08273894436519258 0.091796875
0 0.9293865905848788 0.5458984375 0.02710413694721826 0.072265625
