0 0.11198288159771755 0.2470703125 0.024251069900142655 0.06640625
0 0.1262482168330956 0.140625 0.07560627674750357 0.05078125
0 0.14265335235378032 0.2392578125 0.02567760342368046 0.05078125
0 0.17261055634807418 0.23095703125 0.028530670470756064 0.0341796875
0 0.1747503566333809 0.13330078125 0.021398002853067047 0.0341796875
0 0.19757489300998574 0.69287109375 0.007132667617689016 0.0048828125
0 0.19472182596291013 0.43310546875 0.21825962910128388 0.1298828125
0 0.27746077032810273 0.076171875 0.05848787446504993 0.103515625
0 0.4543509272467903 0.42724609375 0.14693295292439373 0.1552734375
0 0.4500713266761769 0.86669921875 0.02710413694721826 0.0185546875
0 0.4821683309557775 0.912109375 0.03138373751783167 0.109375
0 0.521398002853067 0.8935546875 0.0442225392296719 0.07421875
0 0.6440798858773181 0.4248046875 0.14693295292439373 0.11328125
0 0.7574893009985735 0.4462890625 0.028530670470756064 0.03515625
0 0.7560627674750356 0.056640625 0.02567760342368046 0.017578125
0 0.7945791726105563 0.08251953125 0.042796005706134094 0.0712890625
0 0.7917261055634808 0.4462890625 0.039942938659058486 0.03515625
0 0.833808844507846 0.08251953125 0.0442225392296719 0.0732421875
0 0.8980028530670471 0.39013671875 0.07560627674750357 0.0673828125
