0 0.0905848787446505 0.68994140625 0.021398002853067047 0.0517578125
0 0.11055634807417974 0.04638671875 0.02710413694721826 0.0341796875
0 0.14835948644793154 0.83154296875 0.02282453637660485 0.0498046875
0 0.14407988587731813 0.69873046875 0.07703281027104138 0.0673828125
0 0.20898716119828817 0.6015625 0.06419400855920114 0.05078125
0 0.1797432239657632 0.0615234375 0.11126961483594865 0.06640625
0 0.23751783166904422 0.83935546875 0.14693295292439373 0.0673828125
0 0.25106990014265335 0.04541015625 0.039942938659058486 0.0341796875
0 0.27246790299572043 0.67236328125 0.02282453637660485 0.0556640625
0 0.3102710413694722 0.67333984375 0.04136947218259629 0.0556640625
0 0.34522111269614836 0.1484375 0.037089871611982884 0.0703125
0 0.38730385164051356 0.15087890625 0.03566333808844508 0.0712890625
0 0.41797432239657634 0.8408203125 0.03138373751783167 0.044921875
0 0.8423680456490727 0.87109375 0.10984308131241084 0.099609375
0 0.8352353780313838 0.62890625 0.021398002853067047 0.03515625
0 0.8316690442225393 0.533203125 0.02282453637660485 0.068359375
0 0.8395149786019972 0.10205078125 0.04136947218259629 0.0498046875
0 0.8651925820256776 0.5419921875 0.03851640513552069 0.083984375
0 0.8659058487874466 0.62939453125 0.028530670470756064 0.0341796875
0 0.8972895863052782 0.54150390625 0.02567760342368046 0.0849609375
0 0.9087018544935807 0.85498046875 0.02567760342368046 0.0673828125
