0 0.07631954350927247 0.72216796875 0.024251069900142655 0.0283203125
0 0.0905848787446505 0.2265625 0.024251069900142655 0.060546875
0 0.08701854493580599 0.474609375 0.028530670470756064 0.03515625
0 0.0920114122681883 0.3583984375 0.029957203994293868 0.08203125
0 0.09914407988587733 0.873046875 0.04136947218259629 0.103515625
0 0.1262482168330956 0.83544921875 0.018544935805991442 0.0126953125
0 0.12125534950071327 0.3505859375 0.028530670470756064 0.068359375
0 0.12553495007132667 0.228515625 0.03138373751783167 0.056640625
0 0.1326676176890157 0.73583984375 0.0912981455064194 0.0556640625
0 0.16191155492154066 0.87353515625 0.05563480741797432 0.1025390625
0 0.14265335235378032 0.62939453125 0.06562054208273894 0.1005859375
0 0.19044222539229672 0.6142578125 0.02710413694721826 0.06640625
0 0.15263908701854495 0.4990234375 0.09985734664764623 0.083984375
0 0.16904422253922968 0.3583984375 0.06419400855920114 0.083984375
0 0.21184022824536378 0.87353515625 0.03566333808844508 0.1025390625
0 0.2211126961483595 0.36669921875 0.039942938659058486 0.1005859375
0 0.2225392296718973 0.728515625 0.02567760342368046 0.060546875
0 0.26176890156918686 0.06689453125 0.07560627674750357 0.0810546875
0 0.24893009985734665 0.72900390625 0.02710413694721826 0.0615234375
0 0.2967189728958631 0.728515625 0.06847360912981455 0.0625
0 0.3195435092724679 0.05908203125 0.03138373751783167 0.0615234375
0 0.4029957203994294 0.349609375 0.06419400855920114 0.068359375
0 0.43651925820256776 0.09912109375 0.03138373751783167 0.0224609375
0 0.4500713266761769 0.34228515625 0.029957203994293868 0.0517578125
0 0.5256776034236804 0.06005859375 0.047075606276747506 0.0595703125
0 0.5156918687589158 0.3408203125 0.029957203994293868 0.068359375
0 0.5456490727532097 0.34130859375 0.029957203994293868 0.0693359375
0 0.5991440798858774 0.349609375 0.07703281027104138 0.083984375
0 0.6604850213980029 0.0693359375 0.09985734664764623 0.08984375
0 0.7196861626248217 0.041015625 0.024251069900142655 0.03125
0 0.7674750356633381 0.86572265625 0.03138373751783167 0.1083984375
0 0.7432239657631955 0.34619140625 0.09985734664764623 0.0927734375
0 0.8359486447931527 0.0751953125 0.10841654778887304 0.076171875
0 0.8067047075606277 0.87548828125 0.0442225392296719 0.1259765625
0 0.8452211126961484 0.84814453125 0.0442225392296719 0.0732421875
0 0.8815977175463624 0.84716796875 0.037089871611982884 0.0732421875
0 0.8851640513552069 0.34912109375 0.029957203994293868 0.0732421875
0 0.9079885877318117 0.06689453125 0.029957203994293868 0.0576171875
0 0.9151212553495007 0.84765625 0.03566333808844508 0.07421875
0 0.9243937232524965 0.3583984375 0.0456490727532097 0.091796875
0 0.9236804564907276 0.52392578125 0.02710413694721826 0.0341796875
