0 0.11554921540656206 0.884765625 0.05706134094151213 0.078125
0 0.1704707560627675 0.88427734375 0.05563480741797432 0.0791015625
0 0.18188302425106992 0.96875 0.03851640513552069 0.025390625
0 0.41084165477888734 0.189453125 0.07132667617689016 0.041015625
0 0.5492154065620543 0.84619140625 0.0456490727532097 0.0595703125
0 0.5863052781740371 0.85595703125 0.028530670470756064 0.0791015625
0 0.6219686162624822 0.84765625 0.034236804564907276 0.05859375
0 0.7860199714693296 0.2060546875 0.0884450784593438 0.033203125
0 0.7653352353780314 0.8134765625 0.03281027104136947 0.037109375
0 0.818830242510699 0.32568359375 0.0456490727532097 0.0927734375
0 0.8074179743223966 0.82470703125 0.0456490727532097 0.0576171875
0 0.8437945791726106 0.8212890625 0.024251069900142655 0.060546875
0 0.8758915834522112 0.32763671875 0.042796005706134094 0.0888671875
0 0.8801711840228246 0.8232421875 0.03138373751783167 0.0625
