0 0.1276747503566334 0.22607421875 0.11269614835948645 0.0830078125
0 0.0898716119828816 0.40771484375 0.02567760342368046 0.0615234375
0 0.09985734664764623 0.7626953125 0.028530670470756064 0.072265625
0 0.11340941512125535 0.9189453125 0.024251069900142655 0.072265625
0 0.11626248216833096 0.400390625 0.02710413694721826 0.046875
0 0.11269614835948645 0.08447265625 0.028530670470756064 0.1005859375
0 0.15691868758915836 0.76220703125 0.08273894436519258 0.0732421875
0 0.16547788873038516 0.0859375 0.07417974322396577 0.115234375
0 0.15121255349500715 0.9013671875 0.0456490727532097 0.0390625
0 0.19329529243937232 0.3720703125 0.024251069900142655 0.044921875
0 0.28316690442225395 0.38623046875 0.15549215406562056 0.0751953125
0 0.3730385164051355 0.3642578125 0.024251069900142655 0.029296875
0 0.3994293865905849 0.068359375 0.17118402282453637 0.083984375
0 0.4472182596291013 0.38134765625 0.03281027104136947 0.0732421875
0 0.47218259629101283 0.7548828125 0.028530670470756064 0.0703125
0 0.48573466476462196 0.37255859375 0.0442225392296719 0.0556640625
0 0.5035663338088445 0.75341796875 0.028530670470756064 0.0712890625
0 0.5235378031383737 0.72802734375 0.014265335235378032 0.0126953125
0 0.5649072753209701 0.1533203125 0.02567760342368046 0.05078125
0 0.594151212553495 0.15380859375 0.029957203994293868 0.0517578125
0 0.62339514978602 0.1455078125 0.028530670470756064 0.03515625
0 0.6412268188302426 0.74462890625 0.029957203994293868 0.0537109375
0 0.637660485021398 0.40234375 0.034236804564907276 0.083984375
0 0.6661911554921541 0.7509765625 0.02567760342368046 0.046875
0 0.6797432239657633 0.392578125 0.047075606276747506 0.087890625
0 0.6533523537803139 0.0693359375 0.09985734664764623 0.076171875
0 0.6932952924393724 0.75146484375 0.02282453637660485 0.0439453125
0 0.7489300998573467 0.068359375 0.059914407988587735 0.076171875
0 0.7446504992867332 0.7509765625 0.08273894436519258 0.046875
0 0.7917261055634808 0.04638671875 0.02567760342368046 0.0322265625
0 0.7988587731811698 0.75048828125 0.028530670470756064 0.0458984375
0 0.8223965763195435 0.7529296875 0.024251069900142655 0.0390625
0 0.8780313837375179 0.07080078125 0.0898716119828816 0.0830078125
0 0.8637660485021398 0.392578125 0.06134094151212554 0.068359375
0 0.9001426533523538 0.4013671875 0.014265335235378032 0.01171875
