0 0.11055634807417974 0.755859375 0.03281027104136947 0.021484375
0 0.11198288159771755 0.44287109375 0.029957203994293868 0.0556640625
0 0.144793152639087 0.4521484375 0.029957203994293868 0.072265625
0 0.16119828815977175 0.767578125 0.05420827389443652 0.06640625
0 0.1833095577746077 0.4423828125 0.0442225392296719 0.0546875
0 0.14122681883024252 0.28662109375 0.14835948644793154 0.1005859375
0 0.24037089871611983 0.29052734375 0.0442225392296719 0.0908203125
0 0.3195435092724679 0.7666015625 0.05135520684736092 0.06640625
0 0.3751783166904422 0.42919921875 0.02567760342368046 0.0166015625
0 0.4136947218259629 0.46435546875 0.042796005706134094 0.0908203125
0 0.4479315263908702 0.45654296875 0.028530670470756064 0.0712890625
0 0.442225392296719 0.90673828125 0.03138373751783167 0.0908203125
0 0.4664764621968616 0.74853515625 0.02282453637660485 0.0166015625
0 0.5014265335235378 0.90673828125 0.08416547788873038 0.0908203125
0 0.5142653352353781 0.7724609375 0.06419400855920114 0.068359375
0 0.5278174037089872 0.44384765625 0.028530670470756064 0.0361328125
0 0.5613409415121255 0.765625 0.029957203994293868 0.048828125
0 0.5855920114122682 0.46240234375 0.08416547788873038 0.0732421875
0 0.6797432239657633 0.45361328125 0.02710413694721826 0.0517578125
0 0.739657631954351 0.46142578125 0.08131241084165478 0.0732421875
0 0.8081312410841655 0.0791015625 0.03851640513552069 0.068359375
0 0.8423680456490727 0.77294921875 0.024251069900142655 0.0498046875
0 0.8815977175463624 0.0908203125 0.10271041369472184 0.09375
0 0.8530670470756063 0.45556640625 0.028530670470756064 0.0810546875
0 0.906562054208274 0.7734375 0.09843081312410842 0.052734375
0 0.8994293865905849 0.46337890625 0.06419400855920114 0.0986328125
