0 0.10699001426533523 0.8935546875 0.07132667617689016 0.07421875
0 0.10413694721825963 0.74560546875 0.037089871611982884 0.0673828125
0 0.10199714693295293 0.30322265625 0.029957203994293868 0.0908203125
0 0.1340941512125535 0.30322265625 0.03138373751783167 0.0908203125
0 0.13623395149786022 0.0849609375 0.1355206847360913 0.08203125
0 0.1776034236804565 0.89306640625 0.06704707560627675 0.0732421875
0 0.1704707560627675 0.76171875 0.09843081312410842 0.099609375
0 0.22610556348074182 0.0849609375 0.04136947218259629 0.08203125
0 0.3131241084165478 0.07275390625 0.06419400855920114 0.0830078125
0 0.38516405135520687 0.0888671875 0.07703281027104138 0.115234375
0 0.41797432239657634 0.5673828125 0.02567760342368046 0.03125
0 0.442225392296719 0.568359375 0.017118402282453638 0.033203125
0 0.4543509272467903 0.4443359375 0.029957203994293868 0.01953125
0 0.500713266761769 0.078125 0.0884450784593438 0.08984375
0 0.4821683309557775 0.4482421875 0.02567760342368046 0.013671875
0 0.5106990014265336 0.44384765625 0.019971469329529243 0.0205078125
0 0.5684736091298146 0.09326171875 0.0442225392296719 0.1181640625
0 0.5592011412268189 0.744140625 0.03138373751783167 0.056640625
0 0.5777460770328103 0.861328125 0.09700427960057062 0.09765625
0 0.5962910128388017 0.74365234375 0.03138373751783167 0.0595703125
0 0.6098430813124108 0.4541015625 0.029957203994293868 0.068359375
0 0.6169757489300999 0.33984375 0.02710413694721826 0.037109375
0 0.6169757489300999 0.08544921875 0.05848787446504993 0.1044921875
0 0.6398002853067047 0.453125 0.029957203994293868 0.06640625
0 0.6861626248216833 0.4541015625 0.06562054208273894 0.068359375
0 0.68188302425107 0.32763671875 0.019971469329529243 0.0126953125
0 0.6754636233951498 0.0703125 0.05848787446504993 0.076171875
0 0.703281027104137 0.33935546875 0.019971469329529243 0.0361328125
0 0.7275320970042797 0.33935546875 0.028530670470756064 0.0380859375
0 0.7332382310984308 0.75634765625 0.02567760342368046 0.0732421875
0 0.7346647646219686 0.45458984375 0.028530670470756064 0.0673828125
0 0.7803138373751783 0.7490234375 0.06847360912981455 0.060546875
0 0.7631954350927247 0.4375 0.011412268188302425 0.03515625
0 0.7960057061340942 0.06689453125 0.028530670470756064 0.0830078125
0 0.8430813124108417 0.07470703125 0.06276747503566334 0.1005859375
0 0.8880171184022825 0.45556640625 0.1326676176890157 0.0615234375
0 0.8901569186875892 0.03466796875 0.02282453637660485 0.0166015625
0 0.9201141226818831 0.07470703125 0.028530670470756064 0.1005859375
0 0.8958630527817404 0.75537109375 0.09985734664764623 0.0615234375
0 0.8637660485021398 0.3125 0.1355206847360913 0.115234375
