0 0.07917261055634808 0.37109375 0.04136947218259629 0.02734375
0 0.07061340941512126 0.08837890625 0.024251069900142655 0.0537109375
0 0.07631954350927247 0.2265625 0.052781740370898715 0.068359375
0 0.09415121255349501 0.0888671875 0.02282453637660485 0.0546875
0 0.10984308131241084 0.73046875 0.028530670470756064 0.064453125
0 0.10556348074179743 0.8359375 0.09985734664764623 0.06640625
0 0.09985734664764623 0.94384765625 0.037089871611982884 0.0478515625
0 0.11840228245363767 0.2138671875 0.034236804564907276 0.04296875
0 0.11840228245363767 0.09375 0.02282453637660485 0.064453125
0 0.1419400855920114 0.0888671875 0.021398002853067047 0.0546875
0 0.1383737517831669 0.5849609375 0.02282453637660485 0.015625
0 0.1797432239657632 0.73779296875 0.11126961483594865 0.0830078125
0 0.16975748930099857 0.6005859375 0.02567760342368046 0.05078125
0 0.20399429386590587 0.60009765625 0.039942938659058486 0.0498046875
0 0.20470756062767476 0.05419921875 0.02710413694721826 0.0341796875
0 0.25178316690442226 0.05908203125 0.06419400855920114 0.0595703125
0 0.28316690442225395 0.49658203125 0.02710413694721826 0.0400390625
0 0.30385164051355207 0.73779296875 0.06276747503566334 0.0830078125
0 0.3516405135520685 0.73974609375 0.02710413694721826 0.0810546875
0 0.3466476462196862 0.49560546875 0.0884450784593438 0.0419921875
0 0.3701854493580599 0.73876953125 0.015691868758915834 0.0205078125
0 0.4044222539229672 0.49560546875 0.029957203994293868 0.0400390625
0 0.48288159771754635 0.734375 0.14693295292439373 0.07421875
0 0.47788873038516405 0.7451171875 0.014265335235378032 0.01171875
0 0.500713266761769 0.0751953125 0.03138373751783167 0.060546875
0 0.5392296718972897 0.07568359375 0.039942938659058486 0.0615234375
0 0.5827389443651926 0.07568359375 0.052781740370898715 0.0615234375
0 0.7089871611982882 0.080078125 0.11126961483594865 0.091796875
0 0.6847360912981455 0.7275390625 0.14550641940085593 0.056640625
0 0.8416547788873039 0.08154296875 0.09985734664764623 0.1162109375
0 0.8152639087018545 0.53173828125 0.029957203994293868 0.0849609375
0 0.8452211126961484 0.73291015625 0.06419400855920114 0.0830078125
0 0.8687589158345221 0.51513671875 0.07703281027104138 0.0654296875
0 0.8922967189728959 0.7431640625 0.029957203994293868 0.09765625
0 0.9158345221112696 0.86962890625 0.034236804564907276 0.0908203125
0 0.9115549215406562 0.0654296875 0.039942938659058486 0.068359375
