0 0.20827389443651925 0.2001953125 0.09985734664764623 0.15625
0 0.25106990014265335 0.86181640625 0.04850213980028531 0.1240234375
0 0.2696148359486448 0.17138671875 0.02282453637660485 0.0166015625
0 0.30884450784593437 0.86376953125 0.0442225392296719 0.1220703125
0 0.31669044222539233 0.17041015625 0.11982881597717547 0.1611328125
0 0.3880171184022825 0.23095703125 0.02567760342368046 0.0185546875
0 0.38730385164051356 0.1875 0.021398002853067047 0.015625
0 0.38659058487874465 0.14453125 0.02282453637660485 0.013671875
0 0.456490727532097 0.86181640625 0.037089871611982884 0.0576171875
0 0.49928673323823114 0.85595703125 0.042796005706134094 0.0537109375
0 0.5128388017118403 0.68115234375 0.02710413694721826 0.0654296875
0 0.5192582025677603 0.0751953125 0.04850213980028531 0.068359375
0 0.5413694721825963 0.6826171875 0.029957203994293868 0.064453125
0 0.5449358059914409 0.3837890625 0.02282453637660485 0.015625
0 0.5556348074179743 0.076171875 0.03281027104136947 0.08984375
0 0.5770328102710414 0.66455078125 0.04136947218259629 0.0341796875
0 0.5927246790299572 0.39013671875 0.07560627674750357 0.0283203125
0 0.6940085592011412 0.67626953125 0.02710413694721826 0.0400390625
0 0.717546362339515 0.67578125 0.02282453637660485 0.041015625
0 0.768188302425107 0.81494140625 0.10128388017118403 0.0400390625
0 0.6975748930099858 0.390625 0.1340941512125535 0.029296875
0 0.7574893009985735 0.677734375 0.05706134094151213 0.04296875
0 0.7803138373751783 0.39306640625 0.034236804564907276 0.0244140625
0 0.81169757489301 0.06201171875 0.06847360912981455 0.0732421875
0 0.7931526390870186 0.689453125 0.017118402282453638 0.0078125
0 0.8373751783166905 0.390625 0.08273894436519258 0.025390625
0 0.8980028530670471 0.7021484375 0.07560627674750357 0.060546875
0 0.8894436519258203 0.0537109375 0.08416547788873038 0.056640625
