0 0.11733333333333333 0.5364963503649635 0.021333333333333333 0.04744525547445255
0 0.15333333333333332 0.4406934306569343 0.013333333333333332 0.009124087591240875
0 0.16133333333333333 0.4406934306569343 0.013333333333333332 0.009124087591240875
0 0.172 0.885948905109489 0.018666666666666665 0.041970802919708027
0 0.17733333333333332 0.6651459854014599 0.013333333333333332 0.009124087591240875
0 0.18 0.6651459854014599 0.013333333333333332 0.009124087591240875
0 0.19066666666666665 0.6651459854014599 0.013333333333333332 0.009124087591240875
0 0.268 0.9552919708029197 0.013333333333333332 0.009124087591240875
0 0.2813333333333333 0.5793795620437956 0.013333333333333332 0.009124087591240875
0 0.3133333333333333 0.6468978102189781 0.013333333333333332 0.009124087591240875
0 0.324 0.6797445255474452 0.013333333333333332 0.009124087591240875
0 0.32666666666666666 0.6177007299270073 0.013333333333333332 0.009124087591240875
0 0.33199999999999996 0.6797445255474452 0.013333333333333332 0.009124087591240875
0 0.3426666666666667 0.6322992700729927 0.013333333333333332 0.009124087591240875
0 0.388 0.1377737226277372 0.013333333333333332 0.009124087591240875
0 0.42 0.2947080291970803 0.013333333333333332 0.009124087591240875
0 0.4333333333333333 0.739963503649635 0.013333333333333332 0.009124087591240875
0 0.4413333333333333 0.7326642335766423 0.013333333333333332 0.009124087591240875
0 0.4493333333333333 0.8421532846715328 0.013333333333333332 0.009124087591240875
0 0.4573333333333333 0.09215328467153285 0.013333333333333332 0.009124087591240875
0 0.46266666666666667 0.22262773722627738 0.013333333333333332 0.010948905109489052
0 0.46799999999999997 0.30200729927007297 0.013333333333333332 0.009124087591240875
0 0.4746666666666666 0.08759124087591241 0.021333333333333333 0.010948905109489052
0 0.5453333333333333 0.6760948905109488 0.013333333333333332 0.016423357664233577
0 0.5479999999999999 0.4954379562043795 0.013333333333333332 0.009124087591240875
0 0.564 0.6961678832116788 0.013333333333333332 0.009124087591240875
0 0.6146666666666667 0.5173357664233577 0.013333333333333332 0.009124087591240875
0 0.6413333333333333 0.5647810218978102 0.013333333333333332 0.009124087591240875
0 0.644 0.7682481751824817 0.013333333333333332 0.010948905109489052
0 0.6493333333333333 0.2545620437956204 0.013333333333333332 0.009124087591240875
0 0.6493333333333333 0.5173357664233577 0.013333333333333332 0.009124087591240875
0 0.652 0.7618613138686131 0.013333333333333332 0.009124087591240875
0 0.652 0.9279197080291971 0.013333333333333332 0.009124087591240875
0 0.6693333333333333 0.12226277372262773 0.026666666666666665 0.01824817518248175
0 0.6759999999999999 0.9571167883211679 0.013333333333333332 0.009124087591240875
0 0.6813333333333333 0.22445255474452555 0.013333333333333332 0.010948905109489052
0 0.7053333333333333 0.9571167883211679 0.013333333333333332 0.009124087591240875
0 0.7293333333333333 0.09762773722627736 0.013333333333333332 0.009124087591240875
0 0.8253333333333333 0.2363138686131387 0.013333333333333332 0.009124087591240875
0 0.8413333333333333 0.9260948905109488 0.013333333333333332 0.009124087591240875
0 0.8546666666666667 0.7773722627737226 0.07733333333333334 0.22627737226277372
0 0.8866666666666666 0.17974452554744524 0.013333333333333332 0.009124087591240875
0 0.9106666666666666 0.4187956204379562 0.013333333333333332 0.009124087591240875
0 0.9199999999999999 0.5282846715328468 0.058666666666666666 0.08211678832116788
0 0.9306666666666666 0.3302919708029197 0.016 0.010948905109489052
