0 0.07061340941512126 0.48388671875 0.029957203994293868 0.0185546875
0 0.12339514978601998 0.509765625 0.06990014265335236 0.07421875
0 0.15691868758915836 0.0966796875 0.10841654778887304 0.091796875
0 0.2303851640513552 0.09716796875 0.03281027104136947 0.0888671875
0 0.2631954350927247 0.0791015625 0.02710413694721826 0.0546875
0 0.5092724679029957 0.90966796875 0.028530670470756064 0.0830078125
0 0.5292439372325249 0.70263671875 0.03138373751783167 0.0986328125
0 0.5649072753209701 0.69384765625 0.034236804564907276 0.0810546875
0 0.5748930099857347 0.91796875 0.09985734664764623 0.099609375
0 0.6005706134094151 0.69384765625 0.034236804564907276 0.0810546875
0 0.5998573466476462 0.41650390625 0.03566333808844508 0.0927734375
0 0.6426533523537803 0.41796875 0.03566333808844508 0.095703125
0 0.7867332382310984 0.69091796875 0.19258202567760344 0.0751953125
0 0.7489300998573467 0.677734375 0.034236804564907276 0.0234375
0 0.7860199714693296 0.67724609375 0.039942938659058486 0.0244140625
0 0.7988587731811698 0.087890625 0.0456490727532097 0.072265625
0 0.7967189728958631 0.37890625 0.009985734664764621 0.041015625
0 0.8067047075606277 0.21484375 0.029957203994293868 0.078125
0 0.8238231098430814 0.677734375 0.03851640513552069 0.025390625
0 0.8316690442225393 0.087890625 0.028530670470756064 0.072265625
0 0.8359486447931527 0.40625 0.042796005706134094 0.091796875
0 0.87018544935806 0.3876953125 0.03138373751783167 0.056640625
0 0.869472182596291 0.21484375 0.0898716119828816 0.095703125
0 0.890870185449358 0.677734375 0.021398002853067047 0.0234375
0 0.8901569186875892 0.08740234375 0.08273894436519258 0.0732421875
0 0.9108416547788873 0.6767578125 0.018544935805991442 0.015625
