0 0.0026666666666666666 0.9260948905109488 0.005333333333333333 0.009124087591240875
0 0.025333333333333333 0.9498175182481752 0.013333333333333332 0.009124087591240875
0 0.03333333333333333 0.25821167883211676 0.013333333333333332 0.009124087591240875
0 0.03333333333333333 0.9498175182481752 0.013333333333333332 0.009124087591240875
0 0.036 0.9498175182481752 0.013333333333333332 0.009124087591240875
0 0.07333333333333333 0.4753649635036496 0.013333333333333332 0.009124087591240875
0 0.07333333333333333 0.573905109489051 0.029333333333333333 0.023722627737226276
0 0.092 0.40419708029197077 0.034666666666666665 0.06021897810218978
0 0.11466666666666667 0.583941605839416 0.05333333333333333 0.043795620437956206
0 0.172 0.07572992700729926 0.14133333333333334 0.08576642335766423
0 0.11466666666666667 0.6779197080291971 0.032 0.020072992700729927
0 0.12533333333333332 0.40419708029197077 0.03733333333333333 0.06021897810218978
0 0.148 0.8202554744525548 0.013333333333333332 0.009124087591240875
0 0.17733333333333332 0.7098540145985401 0.09866666666666667 0.08759124087591241
0 0.15866666666666665 0.8476277372262774 0.013333333333333332 0.009124087591240875
0 0.16533333333333333 0.9224452554744526 0.10666666666666666 0.07481751824817517
0 0.17733333333333332 0.41514598540145986 0.013333333333333332 0.009124087591240875
0 0.188 0.4096715328467153 0.013333333333333332 0.009124087591240875
0 0.14666666666666667 0.2417883211678832 0.13866666666666666 0.13686131386861314
0 0.244 0.5556569343065694 0.013333333333333332 0.009124087591240875
0 0.24933333333333332 0.6624087591240876 0.013333333333333332 0.010948905109489052
0 0.268 0.5428832116788321 0.013333333333333332 0.009124087591240875
0 0.2786666666666667 0.14142335766423358 0.013333333333333332 0.009124087591240875
0 0.2786666666666667 0.4333941605839416 0.013333333333333332 0.009124087591240875
0 0.2813333333333333 0.4333941605839416 0.013333333333333332 0.009124087591240875
0 0.30266666666666664 0.03010948905109489 0.013333333333333332 0.009124087591240875
0 0.30266666666666664 0.4096715328467153 0.013333333333333332 0.009124087591240875
0 0.31066666666666665 0.5620437956204379 0.04 0.043795620437956206
0 0.308 0.4096715328467153 0.013333333333333332 0.009124087591240875
0 0.304 0.45802919708029194 0.021333333333333333 0.014598540145985401
0 0.31866666666666665 0.2554744525547445 0.018666666666666665 0.032846715328467155
0 0.3213333333333333 0.06934306569343066 0.04 0.08759124087591241
0 0.3453333333333333 0.2554744525547445 0.018666666666666665 0.032846715328467155
0 0.36666666666666664 0.9023722627737226 0.152 0.11861313868613138
0 0.39466666666666667 0.07755474452554745 0.11733333333333333 0.10401459854014598
0 0.36933333333333335 0.7299270072992701 0.16799999999999998 0.0948905109489051
0 0.3933333333333333 0.4096715328467153 0.029333333333333333 0.03832116788321168
0 0.4066666666666667 0.19981751824817517 0.013333333333333332 0.009124087591240875
0 0.42 0.1970802919708029 0.013333333333333332 0.010948905109489052
0 0.45999999999999996 0.4251824817518248 0.104 0.06934306569343066
0 0.42133333333333334 0.5556569343065694 0.03733333333333333 0.041970802919708027
0 0.4573333333333333 0.5355839416058394 0.013333333333333332 0.009124087591240875
0 0.47866666666666663 0.23448905109489052 0.013333333333333332 0.009124087591240875
0 0.484 0.8968978102189781 0.013333333333333332 0.009124087591240875
0 0.524 0.07572992700729926 0.11466666666666667 0.08576642335766423
0 0.5 0.5310218978102189 0.013333333333333332 0.010948905109489052
0 0.516 0.17791970802919707 0.013333333333333332 0.009124087591240875
0 0.5666666666666667 0.7016423357664233 0.013333333333333332 0.009124087591240875
0 0.5866666666666667 0.11131386861313869 0.016 0.010948905109489052
0 0.5853333333333333 0.8093065693430657 0.013333333333333332 0.009124087591240875
0 0.6333333333333333 0.3987226277372263 0.013333333333333332 0.009124087591240875
0 0.652 0.7910583941605839 0.013333333333333332 0.009124087591240875
0 0.6653333333333333 0.5182481751824818 0.013333333333333332 0.010948905109489052
0 0.6639999999999999 0.07025547445255474 0.06933333333333333 0.07116788321167883
0 0.708 0.7253649635036497 0.013333333333333332 0.009124087591240875
0 0.716 0.25364963503649635 0.013333333333333332 0.010948905109489052
0 0.712 0.06204379562043796 0.032 0.05474452554744525
0 0.7266666666666667 0.6578467153284672 0.013333333333333332 0.009124087591240875
0 0.732 0.5611313868613138 0.013333333333333332 0.009124087591240875
0 0.74 0.18156934306569342 0.013333333333333332 0.009124087591240875
0 0.74 0.3147810218978102 0.013333333333333332 0.009124087591240875
0 0.752 0.5164233576642335 0.021333333333333333 0.021897810218978103
0 0.7853333333333333 0.4096715328467153 0.04 0.08941605839416059
0 0.7946666666666666 0.05656934306569343 0.032 0.05474452554744525
0 0.7933333333333333 0.8786496350364963 0.034666666666666665 0.12956204379562045
0 0.856 0.5483576642335766 0.13333333333333333 0.10401459854014598
0 0.8666666666666666 0.06478102189781022 0.11733333333333333 0.08576642335766423
0 0.8706666666666666 0.8704379562043796 0.12533333333333332 0.11313868613138686
0 0.848 0.718978102189781 0.11733333333333333 0.0948905109489051
0 0.86 0.41605839416058393 0.11466666666666667 0.07664233576642336
0 0.9239999999999999 0.002737226277372263 0.013333333333333332 0.005474452554744526
