0 0.056 0.7855839416058394 0.016 0.020072992700729927
0 0.08933333333333333 0.17883211678832117 0.029333333333333333 0.05474452554744525
0 0.08266666666666667 0.3521897810218978 0.03733333333333333 0.025547445255474453
0 0.09733333333333333 0.45985401459854014 0.034666666666666665 0.07664233576642336
0 0.09999999999999999 0.8622262773722628 0.013333333333333332 0.009124087591240875
0 0.104 0.049270072992700725 0.032 0.058394160583941604
0 0.12133333333333333 0.9060218978102189 0.029333333333333333 0.041970802919708027
0 0.16 0.7071167883211679 0.09066666666666666 0.20255474452554745
0 0.13733333333333334 0.4607664233576642 0.050666666666666665 0.07846715328467153
0 0.13466666666666666 0.17062043795620438 0.06666666666666667 0.03832116788321168
0 0.156 0.9142335766423357 0.034666666666666665 0.058394160583941604
0 0.15733333333333333 0.06751824817518248 0.07466666666666666 0.0948905109489051
0 0.20933333333333332 0.06478102189781022 0.034666666666666665 0.09306569343065693
0 0.20666666666666667 0.4753649635036496 0.013333333333333332 0.009124087591240875
0 0.24133333333333332 0.058394160583941604 0.034666666666666665 0.07664233576642336
0 0.26 0.48813868613138683 0.013333333333333332 0.009124087591240875
0 0.24666666666666665 0.6487226277372262 0.10933333333333332 0.08941605839416059
0 0.27466666666666667 0.06751824817518248 0.03733333333333333 0.09124087591240876
0 0.28933333333333333 0.25821167883211676 0.013333333333333332 0.009124087591240875
0 0.292 0.3220802919708029 0.013333333333333332 0.009124087591240875
0 0.30533333333333335 0.040145985401459854 0.013333333333333332 0.043795620437956206
0 0.312 0.822992700729927 0.016 0.010948905109489052
0 0.3133333333333333 0.17791970802919707 0.013333333333333332 0.009124087591240875
0 0.3213333333333333 0.520985401459854 0.013333333333333332 0.009124087591240875
0 0.33466666666666667 0.2271897810218978 0.013333333333333332 0.009124087591240875
0 0.33466666666666667 0.7618613138686131 0.013333333333333332 0.009124087591240875
0 0.3426666666666667 0.9224452554744526 0.013333333333333332 0.009124087591240875
0 0.41733333333333333 0.05656934306569343 0.104 0.11313868613138686
0 0.39066666666666666 0.40419708029197077 0.013333333333333332 0.009124087591240875
0 0.39066666666666666 0.7326642335766423 0.013333333333333332 0.009124087591240875
0 0.39066666666666666 0.9060218978102189 0.013333333333333332 0.009124087591240875
0 0.4066666666666667 0.8056569343065693 0.013333333333333332 0.009124087591240875
0 0.42933333333333334 0.38412408759124084 0.016 0.03467153284671533
0 0.4493333333333333 0.49908759124087587 0.013333333333333332 0.009124087591240875
0 0.4573333333333333 0.7162408759124087 0.013333333333333332 0.009124087591240875
0 0.45999999999999996 0.4972627737226277 0.013333333333333332 0.009124087591240875
0 0.46266666666666667 0.4972627737226277 0.013333333333333332 0.009124087591240875
0 0.476 0.2490875912408759 0.013333333333333332 0.009124087591240875
0 0.4493333333333333 0.6313868613138686 0.13066666666666665 0.13138686131386862
0 0.572 0.9178832116788321 0.10933333333333332 0.072992700729927
0 0.5946666666666667 0.125 0.021333333333333333 0.041970802919708027
0 0.62 0.3147810218978102 0.013333333333333332 0.009124087591240875
0 0.6226666666666666 0.02281021897810219 0.013333333333333332 0.009124087591240875
0 0.6226666666666666 0.11952554744525547 0.013333333333333332 0.009124087591240875
0 0.6306666666666666 0.5720802919708029 0.013333333333333332 0.009124087591240875
0 0.636 0.125 0.013333333333333332 0.009124087591240875
0 0.6386666666666666 0.6532846715328466 0.04 0.08394160583941605
0 0.6759999999999999 0.4936131386861314 0.013333333333333332 0.009124087591240875
0 0.6773333333333333 0.6441605839416058 0.03733333333333333 0.058394160583941604
0 0.6853333333333333 0.021897810218978103 0.016 0.010948905109489052
0 0.7826666666666666 0.5328467153284672 0.16799999999999998 0.08394160583941605
0 0.716 0.32572992700729925 0.013333333333333332 0.009124087591240875
0 0.7266666666666667 0.2125912408759124 0.013333333333333332 0.009124087591240875
0 0.7346666666666667 0.20711678832116787 0.013333333333333332 0.009124087591240875
0 0.74 0.34124087591240876 0.013333333333333332 0.01824817518248175
0 0.74 0.7308394160583941 0.013333333333333332 0.009124087591240875
0 0.8013333333333333 0.823905109489051 0.013333333333333332 0.009124087591240875
0 0.7999999999999999 0.9078467153284672 0.032 0.08941605839416059
0 0.8026666666666666 0.0666058394160584 0.03733333333333333 0.07481751824817517
0 0.8333333333333333 0.7454379562043796 0.013333333333333332 0.009124087591240875
0 0.8626666666666667 0.9005474452554745 0.09866666666666667 0.07846715328467153
0 0.8706666666666666 0.22171532846715328 0.013333333333333332 0.009124087591240875
0 0.872 0.5510948905109488 0.016 0.04744525547445255
0 0.8533333333333333 0.6523722627737226 0.11733333333333333 0.08576642335766423
0 0.8706666666666666 0.07664233576642336 0.104 0.08394160583941605
0 0.9319999999999999 0.7253649635036497 0.013333333333333332 0.009124087591240875
0 0.9373333333333334 0.06934306569343066 0.034666666666666665 0.06934306569343066
0 0.94 0.9370437956204379 0.013333333333333332 0.009124087591240875
0 0.9933333333333333 0.13412408759124086 0.008 0.009124087591240875
