0 0.09557774607703282 0.189453125 0.02567760342368046 0.044921875
0 0.09557774607703282 0.37744140625 0.02567760342368046 0.0751953125
0 0.10199714693295293 0.90380859375 0.03281027104136947 0.0771484375
0 0.12196861626248218 0.2109375 0.02710413694721826 0.087890625
0 0.12268188302425108 0.3701171875 0.02567760342368046 0.060546875
0 0.14835948644793154 0.36328125 0.02567760342368046 0.044921875
0 0.137660485021398 0.9033203125 0.03281027104136947 0.080078125
0 0.15905848787446505 0.87451171875 0.015691868758915834 0.0126953125
0 0.18972895863052783 0.3779296875 0.05706134094151213 0.076171875
0 0.1797432239657632 0.89501953125 0.03138373751783167 0.0595703125
0 0.16333808844507847 0.21044921875 0.05848787446504993 0.0908203125
0 0.18544935805991442 0.54052734375 0.008559201141226819 0.0302734375
0 0.19757489300998574 0.69775390625 0.0442225392296719 0.1318359375
0 0.21184022824536378 0.54052734375 0.009985734664764621 0.0302734375
0 0.19186875891583452 0.0732421875 0.06419400855920114 0.068359375
0 0.23894436519258203 0.08154296875 0.02710413694721826 0.0849609375
0 0.24536376604850216 0.69775390625 0.042796005706134094 0.1318359375
0 0.2838801711840228 0.37646484375 0.02567760342368046 0.0673828125
0 0.355206847360913 0.0712890625 0.11126961483594865 0.099609375
0 0.33666191155492153 0.37451171875 0.07703281027104138 0.0673828125
0 0.4329529243937233 0.37939453125 0.02710413694721826 0.0751953125
0 0.4593437945791726 0.3564453125 0.02567760342368046 0.03125
0 0.48573466476462196 0.37158203125 0.02710413694721826 0.0615234375
0 0.5656205420827389 0.37548828125 0.052781740370898715 0.0537109375
0 0.6176890156918687 0.3818359375 0.05420827389443652 0.068359375
0 0.6975748930099858 0.0712890625 0.028530670470756064 0.09765625
0 0.7275320970042797 0.0712890625 0.028530670470756064 0.099609375
0 0.7574893009985735 0.046875 0.02567760342368046 0.05078125
0 0.8145506419400856 0.662109375 0.039942938659058486 0.052734375
0 0.8459343794579173 0.3779296875 0.037089871611982884 0.021484375
0 0.8616262482168331 0.68798828125 0.042796005706134094 0.1064453125
0 0.8937232524964337 0.107421875 0.07560627674750357 0.08203125
0 0.8880171184022825 0.41357421875 0.03851640513552069 0.0927734375
0 0.9293865905848788 0.40185546875 0.03851640513552069 0.0673828125
