0 0.10199714693295293 0.8759765625 0.03851640513552069 0.068359375
0 0.144793152639087 0.8876953125 0.03566333808844508 0.09375
0 0.1797432239657632 0.68359375 0.028530670470756064 0.080078125
0 0.16975748930099857 0.1416015625 0.02567760342368046 0.046875
0 0.21540656205420827 0.68505859375 0.03138373751783167 0.0810546875
0 0.23680456490727533 0.1611328125 0.10841654778887304 0.095703125
0 0.2796005706134094 0.68408203125 0.0884450784593438 0.0810546875
0 0.4029957203994294 0.05712890625 0.01283880171184023 0.0341796875
0 0.4115549215406562 0.59912109375 0.1326676176890157 0.0478515625
0 0.43509272467903 0.05615234375 0.037089871611982884 0.0302734375
0 0.48074179743223966 0.2744140625 0.08273894436519258 0.03125
0 0.5135520684736091 0.0625 0.05135520684736092 0.041015625
0 0.4985734664764622 0.85546875 0.03281027104136947 0.060546875
0 0.5549215406562055 0.2705078125 0.06276747503566334 0.025390625
0 0.5406562054208274 0.85595703125 0.04850213980028531 0.0615234375
0 0.6041369472182596 0.2705078125 0.03566333808844508 0.021484375
0 0.6390870185449358 0.26708984375 0.039942938659058486 0.0224609375
0 0.7845934379457917 0.08349609375 0.008559201141226819 0.0400390625
0 0.8174037089871612 0.0830078125 0.028530670470756064 0.037109375
0 0.8273894436519258 0.48876953125 0.02567760342368046 0.0673828125
0 0.8680456490727533 0.62255859375 0.08131241084165478 0.0810546875
0 0.8730385164051355 0.85107421875 0.028530670470756064 0.0673828125
0 0.8801711840228246 0.72314453125 0.05135520684736092 0.0673828125
0 0.9037089871611983 0.85107421875 0.02710413694721826 0.0673828125
0 0.898716119828816 0.498046875 0.11126961483594865 0.083984375
0 0.9243937232524965 0.6103515625 0.034236804564907276 0.0546875
