0 0.022666666666666665 0.28102189781021897 0.013333333333333332 0.010948905109489052
0 0.09733333333333333 0.6432481751824818 0.10933333333333332 0.07846715328467153
0 0.064 0.1551094890510949 0.042666666666666665 0.051094890510948905
0 0.108 0.322992700729927 0.09866666666666667 0.10218978102189781
0 0.09333333333333332 0.5255474452554745 0.016 0.021897810218978103
0 0.10666666666666666 0.15693430656934307 0.016 0.05474452554744525
0 0.12533333333333332 0.5410583941605839 0.03733333333333333 0.05656934306569343
0 0.148 0.15784671532846714 0.034666666666666665 0.05291970802919708
0 0.18533333333333332 0.04744525547445255 0.029333333333333333 0.021897810218978103
0 0.18933333333333333 0.3056569343065693 0.06933333333333333 0.07116788321167883
0 0.248 0.07390510948905109 0.096 0.08211678832116788
0 0.24266666666666667 0.15054744525547445 0.016 0.016423357664233577
0 0.24933333333333332 0.9352189781021898 0.013333333333333332 0.009124087591240875
0 0.27066666666666667 0.3895985401459854 0.013333333333333332 0.009124087591240875
0 0.29466666666666663 0.19981751824817517 0.013333333333333332 0.009124087591240875
0 0.2906666666666667 0.30656934306569344 0.032 0.06934306569343066
0 0.3 0.3822992700729927 0.013333333333333332 0.009124087591240875
0 0.30133333333333334 0.5364963503649635 0.032 0.051094890510948905
0 0.3133333333333333 0.0036496350364963502 0.013333333333333332 0.0072992700729927005
0 0.356 0.3147810218978102 0.104 0.08576642335766423
0 0.328 0.5301094890510949 0.016 0.03467153284671533
0 0.36933333333333335 0.9005474452554745 0.013333333333333332 0.009124087591240875
0 0.372 0.573905109489051 0.013333333333333332 0.009124087591240875
0 0.3373333333333333 0.8029197080291971 0.09866666666666667 0.072992700729927
0 0.3773333333333333 0.4625912408759124 0.013333333333333332 0.009124087591240875
0 0.3893333333333333 0.6040145985401459 0.016 0.01824817518248175
0 0.39066666666666666 0.750912408759124 0.013333333333333332 0.009124087591240875
0 0.3933333333333333 0.14872262773722628 0.013333333333333332 0.009124087591240875
0 0.39866666666666667 0.14872262773722628 0.013333333333333332 0.009124087591240875
0 0.428 0.5228102189781022 0.013333333333333332 0.009124087591240875
0 0.4493333333333333 0.28923357664233573 0.013333333333333332 0.009124087591240875
0 0.45599999999999996 0.7801094890510949 0.032 0.06751824817518248
0 0.4706666666666667 0.45529197080291967 0.013333333333333332 0.009124087591240875
0 0.484 0.37135036496350365 0.013333333333333332 0.009124087591240875
0 0.5186666666666666 0.5574817518248175 0.050666666666666665 0.08211678832116788
0 0.536 0.7682481751824817 0.032 0.05474452554744525
0 0.5559999999999999 0.8713503649635036 0.013333333333333332 0.009124087591240875
0 0.5826666666666667 0.7755474452554745 0.06133333333333333 0.06934306569343066
0 0.6066666666666667 0.06295620437956204 0.029333333333333333 0.06386861313868612
0 0.6213333333333333 0.17244525547445255 0.08 0.08211678832116788
0 0.6306666666666666 0.2728102189781022 0.013333333333333332 0.009124087591240875
0 0.6506666666666666 0.06295620437956204 0.05333333333333333 0.06386861313868612
0 0.6546666666666666 0.5994525547445255 0.013333333333333332 0.009124087591240875
0 0.6826666666666666 0.7682481751824817 0.03733333333333333 0.043795620437956206
0 0.7266666666666667 0.6377737226277372 0.013333333333333332 0.009124087591240875
0 0.732 0.049270072992700725 0.029333333333333333 0.0364963503649635
0 0.7346666666666667 0.7344890510948905 0.013333333333333332 0.009124087591240875
0 0.74 0.7344890510948905 0.013333333333333332 0.009124087591240875
0 0.6973333333333334 0.4124087591240876 0.16799999999999998 0.0948905109489051
0 0.7613333333333333 0.049270072992700725 0.029333333333333333 0.0364963503649635
0 0.8013333333333333 0.6304744525547445 0.013333333333333332 0.009124087591240875
0 0.8013333333333333 0.697992700729927 0.013333333333333332 0.009124087591240875
0 0.8013333333333333 0.3056569343065693 0.034666666666666665 0.06021897810218978
0 0.8733333333333333 0.33302919708029194 0.11466666666666667 0.11496350364963503
0 0.8453333333333333 0.6487226277372262 0.026666666666666665 0.05291970802919708
0 0.8706666666666666 0.5547445255474452 0.034666666666666665 0.058394160583941604
0 0.8973333333333333 0.6478102189781022 0.08266666666666667 0.05474452554744525
0 0.8506666666666667 0.9114963503649635 0.07466666666666666 0.06021897810218978
0 0.8866666666666666 0.18886861313868614 0.034666666666666665 0.03467153284671533
0 0.9026666666666666 0.5547445255474452 0.034666666666666665 0.058394160583941604
0 0.8693333333333333 0.7992700729927007 0.11733333333333333 0.072992700729927
0 0.9026666666666666 0.9206204379562043 0.034666666666666665 0.07846715328467153
0 0.9173333333333333 0.18886861313868614 0.032 0.03467153284671533
0 0.9213333333333333 0.006386861313868613 0.013333333333333332 0.009124087591240875
0 0.9319999999999999 0.6815693430656934 0.013333333333333332 0.009124087591240875
