0 0.0920114122681883 0.294921875 0.03281027104136947 0.0703125
0 0.08701854493580599 0.521484375 0.03138373751783167 0.03515625
0 0.1340941512125535 0.6494140625 0.08273894436519258 0.08984375
0 0.11982881597717547 0.521484375 0.014265335235378032 0.03515625
0 0.1326676176890157 0.2958984375 0.034236804564907276 0.072265625
0 0.29386590584878747 0.6396484375 0.0912981455064194 0.060546875
0 0.3573466476462197 0.6328125 0.03566333808844508 0.046875
0 0.42796005706134094 0.505859375 0.028530670470756064 0.06640625
0 0.456490727532097 0.5068359375 0.028530670470756064 0.068359375
0 0.4579172610556348 0.9189453125 0.06847360912981455 0.091796875
0 0.5099857346647646 0.49853515625 0.07560627674750357 0.0654296875
0 0.521398002853067 0.9189453125 0.052781740370898715 0.091796875
0 0.5677603423680456 0.9189453125 0.042796005706134094 0.091796875
0 0.6298145506419401 0.1435546875 0.029957203994293868 0.08984375
0 0.6868758915834522 0.1513671875 0.08131241084165478 0.109375
0 0.7353780313837376 0.8876953125 0.03281027104136947 0.078125
0 0.7489300998573467 0.42529296875 0.0456490727532097 0.0595703125
0 0.7410841654778888 0.1435546875 0.029957203994293868 0.08984375
0 0.7703281027104137 0.8984375 0.034236804564907276 0.099609375
0 0.7924393723252496 0.42626953125 0.047075606276747506 0.0615234375
0 0.7917261055634808 0.91748046875 0.014265335235378032 0.0126953125
0 0.8352353780313838 0.89697265625 0.10128388017118403 0.0986328125
0 0.8259629101283881 0.07080078125 0.02567760342368046 0.0732421875
0 0.8587731811697575 0.07177734375 0.028530670470756064 0.0712890625
0 0.8972895863052782 0.05322265625 0.0456490727532097 0.0400390625
0 0.9300998573466477 0.0615234375 0.02567760342368046 0.0546875
