0 0.09343794579172611 0.9453125 0.029957203994293868 0.07421875
0 0.10128388017118403 0.751953125 0.028530670470756064 0.099609375
0 0.11126961483594865 0.583984375 0.028530670470756064 0.06640625
0 0.12696148359486448 0.935546875 0.03138373751783167 0.0546875
0 0.14693295292439373 0.36572265625 0.02567760342368046 0.0751953125
0 0.19472182596291013 0.373046875 0.06990014265335236 0.091796875
0 0.14907275320970043 0.744140625 0.06419400855920114 0.083984375
0 0.16405135520684735 0.6005859375 0.07703281027104138 0.099609375
0 0.20470756062767476 0.89453125 0.02710413694721826 0.05078125
0 0.275320970042796 0.91015625 0.10841654778887304 0.083984375
0 0.4115549215406562 0.8857421875 0.04136947218259629 0.05078125
0 0.7888730385164051 0.095703125 0.04850213980028531 0.0625
0 0.8195435092724679 0.919921875 0.10984308131241084 0.091796875
0 0.87660485021398 0.615234375 0.12125534950071327 0.08984375
0 0.8395149786019972 0.185546875 0.021398002853067047 0.015625
0 0.8530670470756063 0.0986328125 0.06276747503566334 0.064453125
0 0.8651925820256776 0.75341796875 0.0442225392296719 0.0732421875
0 0.9108416547788873 0.927734375 0.06990014265335236 0.091796875
0 0.898716119828816 0.75390625 0.028530670470756064 0.07421875
0 0.8865905848787446 0.20849609375 0.06419400855920114 0.0673828125
0 0.93509272467903 0.2099609375 0.02710413694721826 0.068359375
