0 0.08273894436519258 0.1669921875 0.028530670470756064 0.0546875
0 0.0905848787446505 0.7685546875 0.021398002853067047 0.015625
0 0.12054208273894437 0.8017578125 0.029957203994293868 0.078125
0 0.1733238231098431 0.80029296875 0.07560627674750357 0.0830078125
0 0.14122681883024252 0.158203125 0.08273894436519258 0.037109375
0 0.20970042796005706 0.5673828125 0.11126961483594865 0.08984375
0 0.16690442225392296 0.81640625 0.011412268188302425 0.01171875
0 0.21540656205420827 0.06396484375 0.02282453637660485 0.0166015625
0 0.2746077032810271 0.08984375 0.08416547788873038 0.07421875
0 0.4037089871611983 0.48193359375 0.15977175463623394 0.1162109375
0 0.5249643366619116 0.78564453125 0.08273894436519258 0.0712890625
0 0.5777460770328103 0.79443359375 0.028530670470756064 0.0712890625
0 0.7938659058487875 0.0830078125 0.024251069900142655 0.017578125
0 0.8366619115549215 0.10107421875 0.047075606276747506 0.0595703125
0 0.9022824536376605 0.8193359375 0.11269614835948645 0.08203125
0 0.8794579172610557 0.46875 0.029957203994293868 0.0390625
0 0.93509272467903 0.4580078125 0.015691868758915834 0.0234375
0 0.920827389443652 0.47802734375 0.047075606276747506 0.0615234375
