0 0.06847360912981455 0.8740234375 0.039942938659058486 0.029296875
0 0.06419400855920114 0.07080078125 0.028530670470756064 0.0732421875
0 0.07417974322396577 0.81591796875 0.042796005706134094 0.0244140625
0 0.1333808844507846 0.38427734375 0.049928673323823114 0.0966796875
0 0.12196861626248218 0.84228515625 0.04136947218259629 0.0791015625
0 0.11554921540656206 0.08056640625 0.07132667617689016 0.0927734375
0 0.16904422253922968 0.82861328125 0.04136947218259629 0.0537109375
0 0.17403708987161198 0.07275390625 0.0456490727532097 0.0732421875
0 0.181169757489301 0.38134765625 0.05420827389443652 0.0888671875
0 0.20042796005706134 0.52490234375 0.03851640513552069 0.0498046875
0 0.23109843081312412 0.54150390625 0.02567760342368046 0.0830078125
0 0.261055634807418 0.52490234375 0.02567760342368046 0.0498046875
0 0.3616262482168331 0.61474609375 0.007132667617689016 0.0048828125
0 0.47004279600570614 0.04443359375 0.024251069900142655 0.0166015625
0 0.5228245363766049 0.068359375 0.07560627674750357 0.068359375
0 0.5748930099857347 0.05908203125 0.039942938659058486 0.0498046875
0 0.5848787446504993 0.84228515625 0.042796005706134094 0.0869140625
0 0.6326676176890157 0.8349609375 0.052781740370898715 0.078125
0 0.666904422253923 0.0615234375 0.02710413694721826 0.06640625
0 0.7189728958630528 0.06103515625 0.07703281027104138 0.0673828125
0 0.7146932952924394 0.8134765625 0.028530670470756064 0.0546875
0 0.8138373751783167 0.369140625 0.03851640513552069 0.0703125
0 0.8281027104136948 0.07666015625 0.02710413694721826 0.0712890625
0 0.8052781740370899 0.83203125 0.14978601997146934 0.091796875
0 0.855206847360913 0.3701171875 0.03851640513552069 0.068359375
0 0.8623395149786021 0.07666015625 0.029957203994293868 0.0732421875
0 0.9001426533523538 0.076171875 0.042796005706134094 0.072265625
0 0.9022824536376605 0.380859375 0.049928673323823114 0.091796875
0 0.8965763195435092 0.8232421875 0.029957203994293868 0.07421875
