0 0.0898716119828816 0.34619140625 0.02567760342368046 0.0498046875
0 0.09629101283880172 0.0791015625 0.02710413694721826 0.083984375
0 0.1340941512125535 0.71826171875 0.0912981455064194 0.1064453125
0 0.11126961483594865 0.21728515625 0.028530670470756064 0.0673828125
0 0.10556348074179743 0.8427734375 0.02567760342368046 0.08984375
0 0.12696148359486448 0.94580078125 0.028530670470756064 0.0498046875
0 0.14693295292439373 0.20947265625 0.039942938659058486 0.0517578125
0 0.1319543509272468 0.83544921875 0.02710413694721826 0.0751953125
0 0.15549215406562056 0.93798828125 0.02282453637660485 0.0341796875
0 0.15977175463623394 0.08642578125 0.09700427960057062 0.1005859375
0 0.15834522111269617 0.82861328125 0.02567760342368046 0.0615234375
0 0.1754636233951498 0.201171875 0.011412268188302425 0.03515625
0 0.1718972895863053 0.37744140625 0.1355206847360913 0.1162109375
0 0.18544935805991442 0.8359375 0.02567760342368046 0.07421875
0 0.22610556348074182 0.07861328125 0.02710413694721826 0.0830078125
0 0.224679029957204 0.7041015625 0.0898716119828816 0.076171875
0 0.3601997146932953 0.7099609375 0.021398002853067047 0.015625
0 0.39015691868758917 0.72509765625 0.02710413694721826 0.0498046875
0 0.4194008559201141 0.7177734375 0.02282453637660485 0.03515625
0 0.4329529243937233 0.34228515625 0.02710413694721826 0.0498046875
0 0.46718972895863053 0.35009765625 0.03851640513552069 0.0673828125
0 0.5042796005706134 0.3505859375 0.04136947218259629 0.06640625
0 0.5049928673323824 0.7080078125 0.02567760342368046 0.076171875
0 0.5313837375178316 0.701171875 0.024251069900142655 0.060546875
0 0.5335235378031384 0.333984375 0.011412268188302425 0.03515625
0 0.5934379457917262 0.337890625 0.028530670470756064 0.033203125
0 0.6219686162624822 0.35302734375 0.028530670470756064 0.0673828125
0 0.5991440798858774 0.70458984375 0.10841654778887304 0.0830078125
0 0.6583452211126962 0.3525390625 0.049928673323823114 0.06640625
0 0.6554921540656206 0.07568359375 0.06419400855920114 0.0673828125
0 0.7089871611982882 0.08349609375 0.039942938659058486 0.0849609375
0 0.7132667617689016 0.70361328125 0.02567760342368046 0.0751953125
0 0.7553495007132668 0.7109375 0.05848787446504993 0.10546875
0 0.7532097004279601 0.556640625 0.011412268188302425 0.03125
0 0.7810271041369472 0.5712890625 0.024251069900142655 0.0625
0 0.8052781740370899 0.05126953125 0.009985734664764621 0.0458984375
0 0.8059914407988588 0.57177734375 0.02567760342368046 0.0595703125
0 0.840941512125535 0.330078125 0.02710413694721826 0.033203125
0 0.8316690442225393 0.06640625 0.02567760342368046 0.07421875
0 0.8716119828815977 0.3447265625 0.028530670470756064 0.068359375
0 0.8687589158345221 0.705078125 0.059914407988587735 0.08984375
0 0.8751783166904422 0.0625 0.05848787446504993 0.08203125
0 0.905848787446505 0.3291015625 0.039942938659058486 0.03515625
0 0.9122681883024252 0.68994140625 0.02710413694721826 0.0595703125
0 0.9172610556348074 0.0439453125 0.02567760342368046 0.03125
