0 0.06205420827389444 0.900390625 0.024251069900142655 0.05859375
0 0.10271041369472184 0.9130859375 0.05706134094151213 0.08984375
0 0.11412268188302425 0.41552734375 0.028530670470756064 0.0830078125
0 0.1398002853067047 0.19580078125 0.019971469329529243 0.0595703125
0 0.14693295292439373 0.8984375 0.02567760342368046 0.0625
0 0.16761768901569188 0.20458984375 0.024251069900142655 0.0712890625
0 0.1861626248216833 0.12890625 0.03281027104136947 0.0234375
0 0.16191155492154066 0.423828125 0.06419400855920114 0.11328125
0 0.19329529243937232 0.197265625 0.024251069900142655 0.05859375
0 0.18972895863052783 0.0703125 0.034236804564907276 0.05859375
0 0.20898716119828817 0.40771484375 0.02710413694721826 0.0673828125
0 0.20827389443651925 0.89697265625 0.07988587731811697 0.0908203125
0 0.24679029957203996 0.07958984375 0.07703281027104138 0.0791015625
0 0.24393723252496435 0.423828125 0.039942938659058486 0.099609375
0 0.29529243937232524 0.89208984375 0.028530670470756064 0.0966796875
0 0.3252496433666191 0.4033203125 0.028530670470756064 0.08203125
0 0.33166904422253923 0.88330078125 0.029957203994293868 0.0771484375
0 0.3673323823109843 0.8828125 0.029957203994293868 0.076171875
0 0.4136947218259629 0.427734375 0.14835948644793154 0.1328125
0 0.5763195435092725 0.41796875 0.12268188302425108 0.109375
0 0.6854493580599145 0.40869140625 0.029957203994293868 0.0888671875
0 0.6932952924393724 0.06787109375 0.03138373751783167 0.0732421875
0 0.7253922967189729 0.07763671875 0.029957203994293868 0.0908203125
0 0.7589158345221113 0.0517578125 0.02567760342368046 0.0390625
0 0.7624821683309558 0.41845703125 0.12125534950071327 0.1259765625
0 0.8730385164051355 0.0693359375 0.028530670470756064 0.08203125
0 0.905848787446505 0.41748046875 0.11982881597717547 0.1279296875
0 0.9094151212553495 0.06103515625 0.04136947218259629 0.0517578125
