0 0.11483594864479316 0.189453125 0.052781740370898715 0.056640625
0 0.10199714693295293 0.40869140625 0.024251069900142655 0.0380859375
0 0.12482168330955778 0.6435546875 0.06419400855920114 0.10546875
0 0.11198288159771755 0.8916015625 0.021398002853067047 0.015625
0 0.11269614835948645 0.7939453125 0.02567760342368046 0.060546875
0 0.12054208273894437 0.0732421875 0.029957203994293868 0.083984375
0 0.130527817403709 0.30224609375 0.02710413694721826 0.0654296875
0 0.1419400855920114 0.923828125 0.024251069900142655 0.083984375
0 0.14265335235378032 0.787109375 0.034236804564907276 0.044921875
0 0.16761768901569188 0.08056640625 0.06419400855920114 0.1005859375
0 0.1405135520684736 0.41015625 0.0442225392296719 0.0390625
0 0.15263908701854495 0.18896484375 0.02282453637660485 0.0556640625
0 0.1761768901569187 0.80908203125 0.03851640513552069 0.1044921875
0 0.17118402282453637 0.9228515625 0.028530670470756064 0.08203125
0 0.1783166904422254 0.64697265625 0.039942938659058486 0.0986328125
0 0.1776034236804565 0.31689453125 0.06419400855920114 0.0986328125
0 0.2239657631954351 0.2939453125 0.02567760342368046 0.048828125
0 0.25606276747503565 0.77783203125 0.024251069900142655 0.0458984375
0 0.3017118402282454 0.306640625 0.024251069900142655 0.072265625
0 0.29814550641940085 0.79931640625 0.05706134094151213 0.0888671875
0 0.3288159771754636 0.314453125 0.02710413694721826 0.0859375
0 0.340941512125535 0.78466796875 0.02567760342368046 0.0595703125
0 0.37660485021398005 0.3056640625 0.06847360912981455 0.076171875
0 0.4693295292439372 0.31689453125 0.02567760342368046 0.0732421875
0 0.521398002853067 0.8173828125 0.09843081312410842 0.099609375
0 0.5164051355206848 0.076171875 0.028530670470756064 0.083984375
0 0.551355206847361 0.64501953125 0.0898716119828816 0.1103515625
0 0.5342368045649073 0.1787109375 0.024251069900142655 0.0546875
0 0.5271041369472182 0.31201171875 0.0898716119828816 0.0830078125
0 0.5634807417974322 0.068359375 0.06562054208273894 0.068359375
0 0.5855920114122682 0.30078125 0.024251069900142655 0.044921875
0 0.5713266761768901 0.1787109375 0.052781740370898715 0.0546875
0 0.5863052781740371 0.80908203125 0.02567760342368046 0.0810546875
0 0.7289586305278174 0.8642578125 0.03138373751783167 0.080078125
0 0.7646219686162625 0.8662109375 0.028530670470756064 0.080078125
0 0.8009985734664765 0.86572265625 0.029957203994293868 0.0771484375
0 0.8138373751783167 0.11474609375 0.1840228245363766 0.1162109375
0 0.8152639087018545 0.7568359375 0.029957203994293868 0.072265625
0 0.8487874465049929 0.75634765625 0.03138373751783167 0.0712890625
0 0.9072753209700428 0.75634765625 0.08273894436519258 0.0751953125
