0 0.059914407988587735 0.49658203125 0.014265335235378032 0.0478515625
0 0.06633380884450785 0.24658203125 0.015691868758915834 0.0166015625
0 0.07203994293865906 0.05908203125 0.029957203994293868 0.0205078125
0 0.07631954350927247 0.7724609375 0.024251069900142655 0.087890625
0 0.10128388017118403 0.2705078125 0.039942938659058486 0.064453125
0 0.10128388017118403 0.498046875 0.037089871611982884 0.048828125
0 0.10271041369472184 0.7646484375 0.02282453637660485 0.072265625
0 0.10485021398002853 0.9052734375 0.024251069900142655 0.07421875
0 0.10699001426533523 0.0888671875 0.034236804564907276 0.080078125
0 0.14978601997146934 0.771484375 0.06847360912981455 0.08984375
0 0.14265335235378032 0.0888671875 0.034236804564907276 0.080078125
0 0.1312410841654779 0.25341796875 0.02567760342368046 0.0341796875
0 0.1326676176890157 0.89794921875 0.02567760342368046 0.0595703125
0 0.16405135520684735 0.89013671875 0.037089871611982884 0.0458984375
0 0.19258202567760344 0.74365234375 0.02567760342368046 0.0302734375
0 0.26176890156918686 0.68505859375 0.02710413694721826 0.0458984375
0 0.28887303851640517 0.685546875 0.009985734664764621 0.046875
0 0.3159771754636234 0.685546875 0.02710413694721826 0.046875
0 0.37446504992867335 0.6787109375 0.009985734664764621 0.03125
0 0.30884450784593437 0.0830078125 0.1840228245363766 0.091796875
0 0.3666191155492154 0.4658203125 0.039942938659058486 0.02734375
0 0.4008559201141227 0.685546875 0.02567760342368046 0.046875
0 0.42796005706134094 0.685546875 0.02567760342368046 0.046875
0 0.47360912981455067 0.4912109375 0.02567760342368046 0.08203125
0 0.5078459343794579 0.50634765625 0.039942938659058486 0.1162109375
0 0.6355206847360914 0.6943359375 0.029957203994293868 0.080078125
0 0.6654778887303852 0.693359375 0.029957203994293868 0.08203125
0 0.7004279600570613 0.68603515625 0.039942938659058486 0.0673828125
0 0.7517831669044223 0.07666015625 0.03138373751783167 0.0732421875
0 0.7960057061340942 0.4970703125 0.02567760342368046 0.08203125
0 0.8273894436519258 0.69140625 0.09985734664764623 0.08984375
0 0.8238231098430814 0.10302734375 0.10984308131241084 0.1279296875
0 0.8659058487874466 0.4931640625 0.11126961483594865 0.08984375
0 0.9008559201141227 0.09423828125 0.0442225392296719 0.1103515625
