0 0.0884450784593438 0.3486328125 0.02567760342368046 0.017578125
0 0.11269614835948645 0.68896484375 0.028530670470756064 0.0517578125
0 0.130527817403709 0.68115234375 0.009985734664764621 0.0068359375
0 0.14835948644793154 0.6767578125 0.028530670470756064 0.02734375
0 0.1348074179743224 0.3720703125 0.06419400855920114 0.068359375
0 0.15121255349500715 0.078125 0.12553495007132667 0.109375
0 0.14621968616262482 0.8779296875 0.12125534950071327 0.091796875
0 0.1825962910128388 0.36474609375 0.028530670470756064 0.0517578125
0 0.28744650499286734 0.09716796875 0.02710413694721826 0.0498046875
0 0.2810271041369472 0.35986328125 0.09985734664764623 0.0849609375
0 0.35306704707560627 0.06591796875 0.02710413694721826 0.0498046875
0 0.3994293865905849 0.0654296875 0.06562054208273894 0.05078125
0 0.4536376604850214 0.06005859375 0.02282453637660485 0.0595703125
0 0.5164051355206848 0.06005859375 0.09985734664764623 0.0615234375
0 0.5420827389443652 0.62646484375 0.042796005706134094 0.0380859375
0 0.5442225392296719 0.53955078125 0.06134094151212554 0.0322265625
0 0.6547788873038517 0.17041015625 0.03138373751783167 0.0380859375
0 0.7068473609129815 0.18896484375 0.06990014265335236 0.0751953125
0 0.7025677603423681 0.61767578125 0.02710413694721826 0.0185546875
0 0.7353780313837376 0.64453125 0.029957203994293868 0.07421875
0 0.7368045649072753 0.76708984375 0.14693295292439373 0.0849609375
0 0.7589158345221113 0.1708984375 0.028530670470756064 0.037109375
0 0.7667617689015692 0.6259765625 0.029957203994293868 0.037109375
0 0.8630527817403709 0.0791015625 0.12268188302425108 0.109375
