0 0.09415121255349501 0.6875 0.028530670470756064 0.048828125
0 0.10912981455064194 0.38330078125 0.02710413694721826 0.0771484375
0 0.12339514978601998 0.68798828125 0.02710413694721826 0.0498046875
0 0.1355206847360913 0.369140625 0.02567760342368046 0.046875
0 0.16690442225392296 0.3701171875 0.037089871611982884 0.046875
0 0.15763195435092725 0.68798828125 0.04136947218259629 0.0517578125
0 0.23109843081312412 0.68994140625 0.019971469329529243 0.0615234375
0 0.2574893009985735 0.6923828125 0.024251069900142655 0.060546875
0 0.2631954350927247 0.365234375 0.029957203994293868 0.0703125
0 0.289586305278174 0.68994140625 0.037089871611982884 0.0595703125
0 0.3017118402282454 0.34619140625 0.0442225392296719 0.0380859375
0 0.3174037089871612 0.67529296875 0.021398002853067047 0.0302734375
0 0.42796005706134094 0.154296875 0.02567760342368046 0.046875
0 0.43865905848787445 0.39013671875 0.02710413694721826 0.0400390625
0 0.47574893009985736 0.388671875 0.02710413694721826 0.03515625
0 0.47574893009985736 0.16162109375 0.06990014265335236 0.0615234375
0 0.456490727532097 0.0615234375 0.0912981455064194 0.076171875
0 0.5756062767475035 0.0458984375 0.021398002853067047 0.015625
0 0.6098430813124108 0.1982421875 0.10984308131241084 0.083984375
0 0.6212553495007133 0.076171875 0.06134094151212554 0.080078125
0 0.717546362339515 0.06005859375 0.011412268188302425 0.0322265625
0 0.7453637660485022 0.0673828125 0.024251069900142655 0.046875
0 0.8202567760342369 0.3564453125 0.028530670470756064 0.05078125
0 0.8359486447931527 0.05322265625 0.02567760342368046 0.0341796875
0 0.8730385164051355 0.373046875 0.07703281027104138 0.083984375
0 0.8823109843081313 0.06689453125 0.06419400855920114 0.0634765625
