0 0.09985734664764623 0.5302734375 0.02567760342368046 0.060546875
0 0.11483594864479316 0.40771484375 0.009985734664764621 0.0439453125
0 0.1262482168330956 0.5322265625 0.024251069900142655 0.0625
0 0.12838801711840228 0.21923828125 0.02567760342368046 0.0908203125
0 0.1419400855920114 0.06689453125 0.029957203994293868 0.0693359375
0 0.15834522111269617 0.53173828125 0.037089871611982884 0.0615234375
0 0.15977175463623394 0.6708984375 0.028530670470756064 0.087890625
0 0.16048502139800286 0.23046875 0.03851640513552069 0.111328125
0 0.15049928673323823 0.4169921875 0.03281027104136947 0.060546875
0 0.1704707560627675 0.18212890625 0.007132667617689016 0.0048828125
0 0.19472182596291013 0.06640625 0.07560627674750357 0.068359375
0 0.1875891583452211 0.20458984375 0.02710413694721826 0.0732421875
0 0.19186875891583452 0.4169921875 0.047075606276747506 0.060546875
0 0.19400855920114124 0.662109375 0.028530670470756064 0.07421875
0 0.21825962910128388 0.21826171875 0.037089871611982884 0.0908203125
0 0.23109843081312412 0.6591796875 0.042796005706134094 0.0703125
0 0.25392296718972895 0.5263671875 0.028530670470756064 0.06640625
0 0.30099857346647646 0.3984375 0.02567760342368046 0.06640625
0 0.289586305278174 0.52734375 0.039942938659058486 0.068359375
0 0.34807417974322397 0.39892578125 0.06276747503566334 0.0673828125
0 0.3680456490727532 0.67138671875 0.028530670470756064 0.0888671875
0 0.40014265335235377 0.390625 0.03851640513552069 0.05078125
0 0.40014265335235377 0.66259765625 0.03281027104136947 0.0732421875
0 0.4536376604850214 0.67138671875 0.07132667617689016 0.0908203125
0 0.5114122681883024 0.6728515625 0.0442225392296719 0.08984375
0 0.5855920114122682 0.662109375 0.029957203994293868 0.07421875
0 0.6176890156918687 0.6708984375 0.03138373751783167 0.091796875
0 0.6761768901569187 0.67138671875 0.08559201141226819 0.0927734375
0 0.6554921540656206 0.39794921875 0.02710413694721826 0.0537109375
0 0.6875891583452212 0.3994140625 0.028530670470756064 0.0546875
0 0.7268188302425107 0.38916015625 0.0442225392296719 0.0380859375
0 0.8245363766048502 0.421875 0.028530670470756064 0.099609375
0 0.8002853067047075 0.66943359375 0.07132667617689016 0.0888671875
0 0.8530670470756063 0.66259765625 0.03138373751783167 0.0712890625
0 0.8566333808844508 0.07421875 0.05848787446504993 0.083984375
0 0.8994293865905849 0.05322265625 0.02710413694721826 0.0537109375
0 0.8723252496433667 0.4140625 0.06419400855920114 0.09765625
0 0.9258202567760343 0.3896484375 0.039942938659058486 0.03515625
0 0.9108416547788873 0.6708984375 0.08416547788873038 0.091796875
