0 0.0898716119828816 0.61376953125 0.03138373751783167 0.0595703125
0 0.10271041369472184 0.20947265625 0.02567760342368046 0.0263671875
0 0.12268188302425108 0.60009765625 0.039942938659058486 0.0322265625
0 0.12838801711840228 0.22314453125 0.02567760342368046 0.0576171875
0 0.15263908701854495 0.62109375 0.02567760342368046 0.07421875
0 0.1790299572039943 0.60009765625 0.021398002853067047 0.0302734375
0 0.20114122681883026 0.17138671875 0.05706134094151213 0.0595703125
0 0.2574893009985735 0.55322265625 0.10128388017118403 0.0595703125
0 0.24536376604850216 0.17919921875 0.02567760342368046 0.0732421875
0 0.2710413694721826 0.171875 0.02567760342368046 0.05859375
0 0.4072753209700428 0.87646484375 0.03281027104136947 0.0986328125
0 0.5128388017118403 0.2080078125 0.02710413694721826 0.03515625
0 0.5427960057061341 0.208984375 0.009985734664764621 0.037109375
0 0.572753209700428 0.21728515625 0.02710413694721826 0.0517578125
0 0.5135520684736091 0.87548828125 0.1768901569186876 0.1005859375
