0 0.06847360912981455 0.544921875 0.05706134094151213 0.111328125
0 0.10912981455064194 0.53369140625 0.06419400855920114 0.0888671875
0 0.1312410841654779 0.0986328125 0.037089871611982884 0.0703125
0 0.1797432239657632 0.08984375 0.05135520684736092 0.048828125
0 0.1761768901569187 0.69970703125 0.03851640513552069 0.0927734375
0 0.21825962910128388 0.701171875 0.017118402282453638 0.095703125
0 0.25962910128388017 0.70166015625 0.037089871611982884 0.0927734375
0 0.2639087018544936 0.06103515625 0.028530670470756064 0.0400390625
0 0.29885877318116977 0.0615234375 0.03281027104136947 0.041015625
0 0.3067047075606277 0.45458984375 0.07132667617689016 0.0283203125
0 0.3544935805991441 0.458984375 0.02710413694721826 0.015625
0 0.37731811697574896 0.45849609375 0.018544935805991442 0.0185546875
0 0.4008559201141227 0.45849609375 0.02282453637660485 0.0185546875
0 0.42439372325249647 0.45849609375 0.02710413694721826 0.0068359375
0 0.5057061340941512 0.576171875 0.015691868758915834 0.037109375
0 0.5378031383737518 0.576171875 0.02282453637660485 0.037109375
0 0.7524964336661912 0.919921875 0.047075606276747506 0.041015625
0 0.7924393723252496 0.935546875 0.05848787446504993 0.064453125
0 0.8152639087018545 0.40966796875 0.024251069900142655 0.0458984375
0 0.8323823109843081 0.53857421875 0.07560627674750357 0.0751953125
0 0.8794579172610557 0.4208984375 0.10128388017118403 0.08203125
0 0.8487874465049929 0.072265625 0.03138373751783167 0.044921875
0 0.8972895863052782 0.09521484375 0.05135520684736092 0.0927734375
0 0.8965763195435092 0.5390625 0.05848787446504993 0.076171875
0 0.9144079885877319 0.10595703125 0.017118402282453638 0.0126953125
