0 0.09700427960057062 0.619140625 0.02567760342368046 0.08203125
0 0.137660485021398 0.7744140625 0.11269614835948645 0.08984375
0 0.10413694721825963 0.083984375 0.02567760342368046 0.09765625
0 0.1312410841654779 0.62841796875 0.039942938659058486 0.0966796875
0 0.1847360912981455 0.619140625 0.07560627674750357 0.083984375
0 0.15691868758915836 0.0830078125 0.07703281027104138 0.099609375
0 0.20399429386590587 0.0595703125 0.02282453637660485 0.05078125
0 0.20399429386590587 0.77099609375 0.02567760342368046 0.0634765625
0 0.275320970042796 0.77734375 0.02567760342368046 0.09765625
0 0.28815977175463625 0.63232421875 0.028530670470756064 0.0830078125
0 0.3174037089871612 0.63232421875 0.02710413694721826 0.0810546875
0 0.3288159771754636 0.76171875 0.07560627674750357 0.08203125
0 0.4072753209700428 0.56103515625 0.02710413694721826 0.0751953125
0 0.43366619115549215 0.5615234375 0.02567760342368046 0.076171875
0 0.4507845934379458 0.75537109375 0.034236804564907276 0.0595703125
0 0.46504992867332384 0.56884765625 0.037089871611982884 0.1044921875
0 0.4921540656205421 0.5537109375 0.02567760342368046 0.060546875
0 0.4950071326676177 0.748046875 0.042796005706134094 0.056640625
0 0.5235378031383737 0.5537109375 0.037089871611982884 0.060546875
0 0.5991440798858774 0.77001953125 0.028530670470756064 0.0673828125
0 0.652639087018545 0.76953125 0.07560627674750357 0.068359375
0 0.7432239657631955 0.078125 0.028530670470756064 0.06640625
0 0.7510699001426534 0.76025390625 0.029957203994293868 0.0673828125
0 0.7796005706134095 0.06982421875 0.04136947218259629 0.0517578125
0 0.7803138373751783 0.76025390625 0.028530670470756064 0.0673828125
0 0.8095577746077033 0.76025390625 0.02710413694721826 0.0673828125
0 0.8573466476462197 0.76025390625 0.06562054208273894 0.0693359375
0 0.8708987161198288 0.056640625 0.03851640513552069 0.076171875
0 0.8901569186875892 0.16748046875 0.014265335235378032 0.0400390625
0 0.8980028530670471 0.03466796875 0.02710413694721826 0.0322265625
0 0.9044222539229673 0.74365234375 0.028530670470756064 0.0341796875
0 0.9236804564907276 0.1640625 0.04136947218259629 0.044921875
0 0.9236804564907276 0.0712890625 0.02710413694721826 0.10546875
