0 0.10199714693295293 0.05859375 0.02710413694721826 0.0546875
0 0.10271041369472184 0.19970703125 0.02567760342368046 0.0537109375
0 0.12054208273894437 0.9072265625 0.029957203994293868 0.0546875
0 0.18045649072753212 0.208984375 0.12125534950071327 0.07421875
0 0.1398002853067047 0.6142578125 0.12268188302425108 0.109375
0 0.16048502139800286 0.08544921875 0.08131241084165478 0.1103515625
0 0.19044222539229672 0.92431640625 0.10699001426533523 0.0908203125
0 0.21326676176890158 0.05908203125 0.029957203994293868 0.0556640625
0 0.3223965763195435 0.60888671875 0.16262482168330955 0.1103515625
0 0.5142653352353781 0.58447265625 0.02710413694721826 0.0458984375
0 0.6184022824536377 0.6953125 0.047075606276747506 0.029296875
0 0.6512125534950072 0.6044921875 0.06419400855920114 0.115234375
0 0.7232524964336662 0.5927734375 0.07703281027104138 0.107421875
0 0.8459343794579173 0.587890625 0.02567760342368046 0.0546875
0 0.8637660485021398 0.08251953125 0.03851640513552069 0.0908203125
0 0.8980028530670471 0.591796875 0.06990014265335236 0.08203125
0 0.927960057061341 0.04931640625 0.015691868758915834 0.0244140625
0 0.9115549215406562 0.072265625 0.05135520684736092 0.0703125
