0 0.072 0.8950729927007299 0.016 0.012773722627737226
0 0.08933333333333333 0.23905109489051093 0.034666666666666665 0.07664233576642336
0 0.08933333333333333 0.9242700729927007 0.013333333333333332 0.009124087591240875
0 0.09733333333333333 0.9215328467153284 0.013333333333333332 0.010948905109489052
0 0.164 0.7025547445255474 0.12533333333333332 0.0948905109489051
0 0.16799999999999998 0.23083941605839414 0.128 0.06021897810218978
0 0.14533333333333334 0.0885036496350365 0.152 0.10766423357664233
0 0.15866666666666665 0.5018248175182481 0.018666666666666665 0.014598540145985401
0 0.172 0.03193430656934306 0.013333333333333332 0.009124087591240875
0 0.164 0.4005474452554744 0.17866666666666667 0.10401459854014598
0 0.18533333333333332 0.03193430656934306 0.013333333333333332 0.009124087591240875
0 0.19599999999999998 0.7892335766423357 0.013333333333333332 0.009124087591240875
0 0.19599999999999998 0.9297445255474452 0.013333333333333332 0.009124087591240875
0 0.204 0.8713503649635036 0.013333333333333332 0.009124087591240875
0 0.24666666666666665 0.2563868613138686 0.018666666666666665 0.012773722627737226
0 0.2786666666666667 0.19981751824817517 0.013333333333333332 0.009124087591240875
0 0.2786666666666667 0.9571167883211679 0.013333333333333332 0.009124087591240875
0 0.28933333333333333 0.19525547445255473 0.018666666666666665 0.01824817518248175
0 0.2866666666666667 0.42791970802919704 0.013333333333333332 0.009124087591240875
0 0.324 0.5282846715328468 0.034666666666666665 0.07116788321167883
0 0.3506666666666667 0.3667883211678832 0.029333333333333333 0.05474452554744525
0 0.364 0.1377737226277372 0.013333333333333332 0.009124087591240875
0 0.372 0.8567518248175182 0.013333333333333332 0.009124087591240875
0 0.38 0.38777372262773724 0.034666666666666665 0.08941605839416059
0 0.3933333333333333 0.5355839416058394 0.10933333333333332 0.08576642335766423
0 0.4093333333333333 0.38321167883211676 0.034666666666666665 0.08759124087591241
0 0.41733333333333333 0.16697080291970803 0.018666666666666665 0.016423357664233577
0 0.41466666666666663 0.8512773722627737 0.013333333333333332 0.009124087591240875
0 0.38666666666666666 0.9370437956204379 0.144 0.06021897810218978
0 0.39199999999999996 0.6952554744525548 0.128 0.0948905109489051
0 0.44 0.3667883211678832 0.032 0.05474452554744525
0 0.4493333333333333 0.2855839416058394 0.013333333333333332 0.012773722627737226
0 0.47333333333333333 0.8056569343065693 0.013333333333333332 0.009124087591240875
0 0.476 0.06386861313868612 0.018666666666666665 0.0364963503649635
0 0.48 0.48813868613138683 0.021333333333333333 0.016423357664233577
0 0.492 0.15145985401459852 0.013333333333333332 0.014598540145985401
0 0.49466666666666664 0.8512773722627737 0.013333333333333332 0.009124087591240875
0 0.5186666666666666 0.5036496350364963 0.013333333333333332 0.010948905109489052
0 0.5293333333333333 0.20894160583941604 0.013333333333333332 0.009124087591240875
0 0.5466666666666666 0.8531021897810219 0.016 0.016423357664233577
0 0.564 0.9790145985401459 0.013333333333333332 0.009124087591240875
0 0.5693333333333334 0.6916058394160584 0.04 0.09124087591240876
0 0.6026666666666667 0.7107664233576642 0.032 0.08576642335766423
0 0.6013333333333333 0.5720802919708029 0.013333333333333332 0.009124087591240875
0 0.604 0.4680656934306569 0.013333333333333332 0.009124087591240875
0 0.6306666666666666 0.5127737226277372 0.018666666666666665 0.010948905109489052
0 0.644 0.5629562043795621 0.013333333333333332 0.009124087591240875
0 0.652 0.04835766423357664 0.013333333333333332 0.009124087591240875
0 0.6639999999999999 0.15054744525547445 0.016 0.012773722627737226
0 0.6626666666666666 0.8275547445255474 0.013333333333333332 0.009124087591240875
0 0.6759999999999999 0.8275547445255474 0.013333333333333332 0.009124087591240875
0 0.6813333333333333 0.3822992700729927 0.013333333333333332 0.009124087591240875
0 0.6839999999999999 0.947992700729927 0.013333333333333332 0.009124087591240875
0 0.6719999999999999 0.7098540145985401 0.11733333333333333 0.08759124087591241
0 0.7266666666666667 0.3731751824817518 0.013333333333333332 0.009124087591240875
0 0.7333333333333333 0.15784671532846714 0.11733333333333333 0.1989051094890511
0 0.7826666666666666 0.28193430656934304 0.013333333333333332 0.009124087591240875
0 0.7906666666666666 0.4844890510948905 0.013333333333333332 0.009124087591240875
0 0.8373333333333333 0.7025547445255474 0.128 0.0948905109489051
0 0.86 0.40145985401459855 0.152 0.072992700729927
0 0.7999999999999999 0.8193430656934306 0.016 0.010948905109489052
0 0.8586666666666667 0.06751824817518248 0.016 0.04744525547445255
0 0.8866666666666666 0.9151459854014599 0.013333333333333332 0.009124087591240875
0 0.8973333333333333 0.8640510948905109 0.013333333333333332 0.009124087591240875
0 0.9013333333333333 0.07846715328467153 0.05333333333333333 0.06569343065693431
0 0.9186666666666666 0.22354014598540145 0.013333333333333332 0.016423357664233577
0 0.9293333333333333 0.9498175182481752 0.013333333333333332 0.009124087591240875
0 0.8693333333333333 0.5200729927007299 0.144 0.072992700729927
0 0.964 0.21441605839416059 0.013333333333333332 0.009124087591240875
