0 0.07132667617689016 0.50927734375 0.028530670470756064 0.0185546875
0 0.1319543509272468 0.78173828125 0.047075606276747506 0.0771484375
0 0.12410841654778888 0.52734375 0.07132667617689016 0.056640625
0 0.11697574893009986 0.31689453125 0.06562054208273894 0.0712890625
0 0.15192582025677603 0.30859375 0.047075606276747506 0.05859375
0 0.16761768901569188 0.28662109375 0.007132667617689016 0.0048828125
0 0.1761768901569187 0.52685546875 0.029957203994293868 0.0556640625
0 0.16833095577746077 0.77197265625 0.028530670470756064 0.0400390625
0 0.23109843081312412 0.78125 0.0912981455064194 0.060546875
0 0.25320970042796004 0.52783203125 0.02710413694721826 0.0498046875
0 0.304564907275321 0.52783203125 0.07560627674750357 0.0517578125
0 0.3673323823109843 0.78564453125 0.06704707560627675 0.0712890625
0 0.4465049928673324 0.78564453125 0.08273894436519258 0.0556640625
0 0.4764621968616263 0.244140625 0.08559201141226819 0.05078125
0 0.7646219686162625 0.08837890625 0.04850213980028531 0.0263671875
0 0.7888730385164051 0.7861328125 0.02567760342368046 0.0703125
0 0.8295292439372326 0.12548828125 0.06704707560627675 0.1064453125
0 0.8202567760342369 0.77587890625 0.028530670470756064 0.0556640625
0 0.8502139800285307 0.919921875 0.14835948644793154 0.099609375
0 0.8266761768901569 0.28466796875 0.024251069900142655 0.0595703125
0 0.8352353780313838 0.63232421875 0.021398002853067047 0.0498046875
0 0.8388017118402282 0.7587890625 0.014265335235378032 0.01171875
0 0.8523537803138374 0.52734375 0.024251069900142655 0.05859375
0 0.8587731811697575 0.77587890625 0.028530670470756064 0.0556640625
0 0.8894436519258203 0.6396484375 0.07560627674750357 0.06640625
0 0.8616262482168331 0.2861328125 0.028530670470756064 0.05859375
0 0.8837375178316691 0.11181640625 0.047075606276747506 0.1044921875
0 0.8780313837375179 0.7587890625 0.015691868758915834 0.01171875
0 0.8901569186875892 0.52783203125 0.03138373751783167 0.0595703125
0 0.8994293865905849 0.7939453125 0.029957203994293868 0.08984375
