0 0.11340941512125535 0.3037109375 0.04136947218259629 0.080078125
0 0.12268188302425108 0.90478515625 0.014265335235378032 0.0498046875
0 0.15691868758915836 0.90576171875 0.037089871611982884 0.0576171875
0 0.16191155492154066 0.3056640625 0.03851640513552069 0.08203125
0 0.18544935805991442 0.822265625 0.034236804564907276 0.033203125
0 0.20898716119828817 0.30517578125 0.03851640513552069 0.0810546875
0 0.217546362339515 0.8193359375 0.024251069900142655 0.0234375
0 0.29315263908701855 0.80078125 0.1326676176890157 0.048828125
0 0.41084165477888734 0.11962890625 0.05706134094151213 0.0302734375
0 0.47503566333808844 0.1904296875 0.05706134094151213 0.21484375
0 0.5477888730385164 0.2265625 0.07132667617689016 0.07421875
0 0.5406562054208274 0.1376953125 0.05420827389443652 0.1015625
0 0.5734664764621968 0.119140625 0.014265335235378032 0.013671875
