0 0.07275320970042796 0.4462890625 0.02567760342368046 0.05859375
0 0.0898716119828816 0.08349609375 0.028530670470756064 0.0673828125
0 0.12339514978601998 0.79931640625 0.02710413694721826 0.0498046875
0 0.13623395149786022 0.3330078125 0.03281027104136947 0.0390625
0 0.16119828815977175 0.09228515625 0.11126961483594865 0.0849609375
0 0.15335235378031384 0.806640625 0.02710413694721826 0.06640625
0 0.13623395149786022 0.44580078125 0.10128388017118403 0.0615234375
0 0.1790299572039943 0.33056640625 0.03566333808844508 0.0458984375
0 0.24821683309557777 0.37158203125 0.03138373751783167 0.0224609375
0 0.29386590584878747 0.328125 0.02567760342368046 0.05078125
0 0.34807417974322397 0.83154296875 0.03138373751783167 0.0615234375
0 0.3416547788873039 0.3359375 0.06419400855920114 0.06640625
0 0.38159771754636235 0.8193359375 0.02710413694721826 0.0546875
0 0.4593437945791726 0.92529296875 0.02567760342368046 0.0185546875
0 0.471469329529244 0.33447265625 0.02710413694721826 0.0693359375
0 0.47503566333808844 0.59228515625 0.034236804564907276 0.0458984375
0 0.48573466476462196 0.22607421875 0.024251069900142655 0.0498046875
0 0.4878744650499287 0.94140625 0.02567760342368046 0.048828125
0 0.5192582025677603 0.33447265625 0.06276747503566334 0.0654296875
0 0.514978601997147 0.21826171875 0.02567760342368046 0.0341796875
0 0.572753209700428 0.33447265625 0.04136947218259629 0.0673828125
0 0.6019971469329529 0.22119140625 0.028530670470756064 0.0517578125
0 0.6369472182596291 0.22216796875 0.04136947218259629 0.0517578125
0 0.8259629101283881 0.384765625 0.028530670470756064 0.140625
0 0.8395149786019972 0.06103515625 0.02710413694721826 0.0634765625
0 0.8865905848787446 0.05224609375 0.06134094151212554 0.0517578125
0 0.884450784593438 0.392578125 0.08273894436519258 0.162109375
0 0.8680456490727533 0.939453125 0.029957203994293868 0.0546875
0 0.906562054208274 0.93017578125 0.04136947218259629 0.0380859375
