0 0.07203994293865906 0.17333984375 0.03566333808844508 0.0888671875
0 0.0877318116975749 0.87060546875 0.03851640513552069 0.0224609375
0 0.11483594864479316 0.71630859375 0.04136947218259629 0.0751953125
0 0.13623395149786022 0.904296875 0.052781740370898715 0.09375
0 0.16191155492154066 0.71630859375 0.04136947218259629 0.0791015625
0 0.18544935805991442 0.89306640625 0.05135520684736092 0.0712890625
0 0.24607703281027105 0.07568359375 0.02710413694721826 0.0634765625
0 0.2760342368045649 0.07470703125 0.02710413694721826 0.0654296875
0 0.34522111269614836 0.07470703125 0.11126961483594865 0.0673828125
0 0.42938659058487877 0.9658203125 0.05420827389443652 0.015625
0 0.47289586305278175 0.89013671875 0.07560627674750357 0.0791015625
0 0.5057061340941512 0.078125 0.024251069900142655 0.083984375
0 0.492867332382311 0.9658203125 0.07275320970042796 0.015625
0 0.5527817403708988 0.07080078125 0.06419400855920114 0.0673828125
0 0.5848787446504993 0.86669921875 0.028530670470756064 0.0380859375
0 0.6012838801711841 0.07861328125 0.029957203994293868 0.0849609375
0 0.6176890156918687 0.876953125 0.014265335235378032 0.05859375
0 0.6562054208273894 0.8759765625 0.0456490727532097 0.056640625
0 0.6704707560627675 0.06787109375 0.02567760342368046 0.0673828125
0 0.7054208273894437 0.06787109375 0.04136947218259629 0.0673828125
0 0.7360912981455064 0.05908203125 0.02567760342368046 0.0498046875
0 0.739657631954351 0.87451171875 0.02710413694721826 0.0439453125
0 0.7503566333808844 0.4521484375 0.014265335235378032 0.037109375
0 0.7667617689015692 0.87451171875 0.02710413694721826 0.0439453125
0 0.7696148359486448 0.693359375 0.029957203994293868 0.0546875
0 0.7781740370898717 0.568359375 0.021398002853067047 0.015625
0 0.8380884450784594 0.46875 0.14407988587731813 0.068359375
0 0.8352353780313838 0.076171875 0.07560627674750357 0.08203125
0 0.8145506419400856 0.591796875 0.039942938659058486 0.068359375
0 0.8437945791726106 0.58251953125 0.021398002853067047 0.0517578125
0 0.8473609129814551 0.7021484375 0.12268188302425108 0.07421875
0 0.8495007132667618 0.8837890625 0.009985734664764621 0.037109375
0 0.8751783166904422 0.5849609375 0.029957203994293868 0.05078125
0 0.8780313837375179 0.90087890625 0.029957203994293868 0.0654296875
0 0.8830242510699001 0.06884765625 0.02567760342368046 0.0654296875
0 0.9136947218259629 0.068359375 0.02710413694721826 0.06640625
