0 0.08131241084165478 0.09716796875 0.02567760342368046 0.0751953125
0 0.10770328102710414 0.09765625 0.02710413694721826 0.076171875
0 0.11840228245363767 0.18408203125 0.02282453637660485 0.0146484375
0 0.1348074179743224 0.0869140625 0.02710413694721826 0.0546875
0 0.1433666191155492 0.19677734375 0.021398002853067047 0.0419921875
0 0.1768901569186876 0.08642578125 0.059914407988587735 0.0693359375
0 0.2738944365192582 0.6552734375 0.11126961483594865 0.068359375
0 0.5028530670470757 0.09423828125 0.029957203994293868 0.0732421875
0 0.5356633380884451 0.0947265625 0.029957203994293868 0.072265625
0 0.6362339514978602 0.10205078125 0.028530670470756064 0.0732421875
0 0.68188302425107 0.87353515625 0.02567760342368046 0.0166015625
0 0.6932952924393724 0.09228515625 0.08273894436519258 0.0556640625
0 0.7524964336661912 0.90576171875 0.10984308131241084 0.0849609375
0 0.818830242510699 0.65869140625 0.028530670470756064 0.0654296875
0 0.8487874465049929 0.6591796875 0.028530670470756064 0.06640625
0 0.8837375178316691 0.6669921875 0.04136947218259629 0.083984375
