0 0.06847360912981455 0.75146484375 0.028530670470756064 0.0673828125
0 0.07275320970042796 0.939453125 0.03138373751783167 0.056640625
0 0.09771754636233952 0.75244140625 0.029957203994293868 0.0673828125
0 0.10627674750356633 0.9296875 0.029957203994293868 0.037109375
0 0.11055634807417974 0.6455078125 0.05848787446504993 0.076171875
0 0.11982881597717547 0.3662109375 0.07132667617689016 0.091796875
0 0.15905848787446505 0.62353515625 0.03851640513552069 0.0458984375
0 0.16262482168330955 0.876953125 0.02282453637660485 0.07421875
0 0.144793152639087 0.76025390625 0.06419400855920114 0.0830078125
0 0.17261055634807418 0.357421875 0.03138373751783167 0.07421875
0 0.19400855920114124 0.8916015625 0.037089871611982884 0.103515625
0 0.2503566333808845 0.3701171875 0.12125534950071327 0.1171875
0 0.23680456490727533 0.86962890625 0.059914407988587735 0.0615234375
0 0.2161198288159772 0.751953125 0.07560627674750357 0.068359375
0 0.2781740370898716 0.19970703125 0.02282453637660485 0.0341796875
0 0.3281027104136947 0.099609375 0.02567760342368046 0.046875
0 0.3537803138373752 0.09375 0.02567760342368046 0.033203125
0 0.4115549215406562 0.353515625 0.02710413694721826 0.068359375
0 0.44151212553495006 0.35400390625 0.024251069900142655 0.0673828125
0 0.5420827389443652 0.34130859375 0.034236804564907276 0.0400390625
0 0.5841654778887304 0.36181640625 0.047075606276747506 0.0810546875
0 0.7410841654778888 0.37890625 0.10984308131241084 0.07421875
0 0.7817403708987162 0.18994140625 0.03138373751783167 0.0517578125
0 0.81169757489301 0.1884765625 0.039942938659058486 0.044921875
0 0.8395149786019972 0.0703125 0.06419400855920114 0.05078125
0 0.9108416547788873 0.0703125 0.07560627674750357 0.06640625
0 0.9101283880171185 0.8427734375 0.039942938659058486 0.052734375
0 0.8994293865905849 0.3740234375 0.07560627674750357 0.060546875
0 0.9243937232524965 0.6640625 0.034236804564907276 0.02734375
