0 0.08559201141226819 0.19970703125 0.042796005706134094 0.0556640625
0 0.07774607703281028 0.42333984375 0.02710413694721826 0.0205078125
0 0.12125534950071327 0.080078125 0.042796005706134094 0.091796875
0 0.14407988587731813 0.2080078125 0.08273894436519258 0.07421875
0 0.12696148359486448 0.43310546875 0.05135520684736092 0.0458984375
0 0.137660485021398 0.58740234375 0.05848787446504993 0.1064453125
0 0.15477888730385164 0.08056640625 0.02710413694721826 0.0908203125
0 0.20684736091298145 0.5771484375 0.08559201141226819 0.1015625
0 0.8195435092724679 0.08203125 0.03281027104136947 0.080078125
0 0.8373751783166905 0.21044921875 0.034236804564907276 0.0712890625
0 0.8601997146932954 0.08251953125 0.0456490727532097 0.0810546875
0 0.8944365192582026 0.2041015625 0.059914407988587735 0.07421875
0 0.8930099857346648 0.408203125 0.02567760342368046 0.072265625
0 0.8980028530670471 0.09130859375 0.03281027104136947 0.0986328125
