0 0.0877318116975749 0.08544921875 0.03851640513552069 0.0810546875
0 0.1433666191155492 0.0791015625 0.052781740370898715 0.076171875
0 0.17261055634807418 0.046875 0.014265335235378032 0.015625
0 0.26462196861626247 0.08349609375 0.06990014265335236 0.1083984375
0 0.31669044222539233 0.07470703125 0.028530670470756064 0.0888671875
0 0.3587731811697575 0.64306640625 0.09843081312410842 0.0830078125
0 0.42368045649072755 0.63525390625 0.028530670470756064 0.0673828125
0 0.4593437945791726 0.64306640625 0.039942938659058486 0.0830078125
0 0.5406562054208274 0.61572265625 0.028530670470756064 0.0185546875
0 0.5627674750356634 0.9287109375 0.02710413694721826 0.03515625
0 0.5977175463623395 0.92626953125 0.028530670470756064 0.0400390625
0 0.5991440798858774 0.6328125 0.08273894436519258 0.056640625
0 0.7125534950071327 0.67431640625 0.03566333808844508 0.0517578125
0 0.8345221112696148 0.63916015625 0.07703281027104138 0.0830078125
0 0.8295292439372326 0.11767578125 0.021398002853067047 0.0166015625
0 0.8587731811697575 0.14990234375 0.02567760342368046 0.0830078125
0 0.8823109843081313 0.6396484375 0.02710413694721826 0.064453125
0 0.8937232524964337 0.12451171875 0.03851640513552069 0.0341796875
0 0.9122681883024252 0.630859375 0.02710413694721826 0.05078125
