0 0.07346647646219687 0.8994140625 0.03281027104136947 0.060546875
0 0.07346647646219687 0.619140625 0.047075606276747506 0.125
0 0.10984308131241084 0.90185546875 0.03138373751783167 0.0615234375
0 0.130527817403709 0.6220703125 0.0442225392296719 0.125
0 0.15049928673323823 0.90087890625 0.047075606276747506 0.0615234375
0 0.18830242510699002 0.62109375 0.04850213980028531 0.123046875
0 0.2189728958630528 0.18896484375 0.024251069900142655 0.0166015625
0 0.25463623395149787 0.205078125 0.04136947218259629 0.05078125
0 0.28530670470756064 0.197265625 0.02567760342368046 0.033203125
0 0.3209700427960057 0.05517578125 0.02567760342368046 0.0458984375
0 0.3459343794579173 0.16748046875 0.009985734664764621 0.0283203125
0 0.34807417974322397 0.04833984375 0.02567760342368046 0.0322265625
0 0.3751783166904422 0.06298828125 0.02567760342368046 0.0615234375
0 0.3880171184022825 0.173828125 0.06276747503566334 0.041015625
0 0.4072753209700428 0.048828125 0.03851640513552069 0.033203125
0 0.5948644793152639 0.0380859375 0.03138373751783167 0.03515625
0 0.6569186875891584 0.162109375 0.024251069900142655 0.015625
0 0.6676176890156919 0.0625 0.028530670470756064 0.06640625
0 0.6890156918687589 0.1689453125 0.037089871611982884 0.03125
0 0.6968616262482169 0.0556640625 0.02710413694721826 0.048828125
0 0.7325249643366619 0.05517578125 0.04136947218259629 0.0517578125
0 0.7767475035663338 0.369140625 0.06134094151212554 0.12109375
0 0.8302425106990015 0.88720703125 0.037089871611982884 0.0712890625
0 0.8502139800285307 0.35205078125 0.059914407988587735 0.1142578125
0 0.8587731811697575 0.041015625 0.028530670470756064 0.0390625
0 0.8708987161198288 0.888671875 0.015691868758915834 0.072265625
0 0.8880171184022825 0.3515625 0.018544935805991442 0.07421875
0 0.9122681883024252 0.88818359375 0.02710413694721826 0.0673828125
