0 0.12339514978601998 0.9326171875 0.0442225392296719 0.029296875
0 0.19472182596291013 0.4501953125 0.047075606276747506 0.09765625
0 0.2810271041369472 0.4599609375 0.1312410841654779 0.119140625
0 0.23537803138373753 0.775390625 0.06562054208273894 0.0859375
0 0.2738944365192582 0.806640625 0.011412268188302425 0.0078125
0 0.3288159771754636 0.806640625 0.01283880171184023 0.0078125
0 0.3252496433666191 0.77001953125 0.11697574893009986 0.0966796875
0 0.42154065620542086 0.76318359375 0.08701854493580599 0.0576171875
0 0.5763195435092725 0.58935546875 0.03138373751783167 0.0380859375
0 0.5884450784593438 0.9208984375 0.015691868758915834 0.0546875
0 0.6084165477888731 0.61669921875 0.029957203994293868 0.0908203125
0 0.6469329529243938 0.9287109375 0.08416547788873038 0.072265625
0 0.666904422253923 0.61669921875 0.08416547788873038 0.0927734375
0 0.7810271041369472 0.6015625 0.024251069900142655 0.0546875
0 0.8095577746077033 0.16943359375 0.029957203994293868 0.0380859375
0 0.8316690442225393 0.61865234375 0.07132667617689016 0.0908203125
0 0.8609129814550642 0.19677734375 0.06990014265335236 0.1103515625
0 0.8901569186875892 0.6279296875 0.042796005706134094 0.107421875
0 0.9236804564907276 0.60986328125 0.02710413694721826 0.0732421875
