0 0.05466666666666666 0.4324817518248175 0.013333333333333332 0.010948905109489052
0 0.06533333333333333 0.6049270072992701 0.013333333333333332 0.009124087591240875
0 0.06799999999999999 0.6049270072992701 0.013333333333333332 0.009124087591240875
0 0.124 0.9060218978102189 0.013333333333333332 0.009124087591240875
0 0.12933333333333333 0.09580291970802919 0.013333333333333332 0.009124087591240875
0 0.172 0.5465328467153284 0.013333333333333332 0.012773722627737226
0 0.18266666666666667 0.3293795620437956 0.013333333333333332 0.009124087591240875
0 0.19599999999999998 0.2545620437956204 0.013333333333333332 0.009124087591240875
0 0.21466666666666667 0.375 0.013333333333333332 0.009124087591240875
0 0.24133333333333332 0.35492700729927007 0.013333333333333332 0.009124087591240875
0 0.31066666666666665 0.42791970802919704 0.013333333333333332 0.009124087591240875
0 0.3213333333333333 0.45894160583941607 0.013333333333333332 0.009124087591240875
0 0.364 0.45894160583941607 0.013333333333333332 0.009124087591240875
0 0.37466666666666665 0.45711678832116787 0.013333333333333332 0.009124087591240875
0 0.3853333333333333 0.42062043795620435 0.013333333333333332 0.009124087591240875
0 0.39466666666666667 0.7244525547445255 0.016 0.010948905109489052
0 0.4093333333333333 0.5337591240875912 0.013333333333333332 0.009124087591240875
0 0.42533333333333334 0.3585766423357664 0.013333333333333332 0.009124087591240875
0 0.436 0.36040145985401456 0.013333333333333332 0.009124087591240875
0 0.4573333333333333 0.7071167883211679 0.013333333333333332 0.009124087591240875
0 0.46266666666666667 0.666970802919708 0.013333333333333332 0.009124087591240875
0 0.46399999999999997 0.8932481751824817 0.026666666666666665 0.03832116788321168
0 0.47333333333333333 0.8567518248175182 0.013333333333333332 0.009124087591240875
0 0.48266666666666663 0.8540145985401459 0.016 0.010948905109489052
0 0.48266666666666663 0.5428832116788321 0.016 0.012773722627737226
0 0.49466666666666664 0.45894160583941607 0.013333333333333332 0.009124087591240875
0 0.4973333333333333 0.5903284671532847 0.013333333333333332 0.009124087591240875
0 0.496 0.5045620437956204 0.021333333333333333 0.012773722627737226
0 0.5 0.6815693430656934 0.013333333333333332 0.009124087591240875
0 0.5133333333333333 0.45894160583941607 0.013333333333333332 0.009124087591240875
0 0.5186666666666666 0.035583941605839414 0.013333333333333332 0.009124087591240875
0 0.5426666666666666 0.6633211678832116 0.013333333333333332 0.009124087591240875
0 0.5586666666666666 0.7691605839416058 0.013333333333333332 0.009124087591240875
0 0.5613333333333334 0.3987226277372263 0.013333333333333332 0.009124087591240875
0 0.5773333333333334 0.5483576642335766 0.013333333333333332 0.009124087591240875
0 0.604 0.593978102189781 0.013333333333333332 0.009124087591240875
0 0.6413333333333333 0.9060218978102189 0.013333333333333332 0.009124087591240875
0 0.6653333333333333 0.6231751824817519 0.013333333333333332 0.009124087591240875
0 0.6906666666666667 0.5310218978102189 0.016 0.014598540145985401
0 0.7053333333333333 0.8102189781021898 0.013333333333333332 0.010948905109489052
0 0.7266666666666667 0.38777372262773724 0.013333333333333332 0.009124087591240875
0 0.756 0.8695255474452555 0.013333333333333332 0.009124087591240875
0 0.7933333333333333 0.8093065693430657 0.013333333333333332 0.009124087591240875
0 0.8093333333333333 0.32572992700729925 0.013333333333333332 0.009124087591240875
0 0.8226666666666667 0.3512773722627737 0.013333333333333332 0.009124087591240875
0 0.8466666666666667 0.2782846715328467 0.013333333333333332 0.009124087591240875
0 0.8546666666666667 0.4260948905109489 0.013333333333333332 0.009124087591240875
0 0.868 0.8184306569343065 0.013333333333333332 0.009124087591240875
0 0.8786666666666666 0.31386861313868614 0.013333333333333332 0.01824817518248175
0 0.9013333333333333 0.5383211678832117 0.016 0.021897810218978103
0 0.9026666666666666 0.447992700729927 0.013333333333333332 0.009124087591240875
