0 0.1340941512125535 0.591796875 0.03138373751783167 0.072265625
0 0.1847360912981455 0.09912109375 0.024251069900142655 0.0517578125
0 0.18972895863052783 0.46240234375 0.10841654778887304 0.0888671875
0 0.21540656205420827 0.1005859375 0.028530670470756064 0.052734375
0 0.47289586305278175 0.06884765625 0.05848787446504993 0.0595703125
0 0.4793152639087019 0.45263671875 0.09985734664764623 0.0830078125
0 0.5199714693295293 0.0615234375 0.03566333808844508 0.046875
0 0.5499286733238231 0.44580078125 0.04136947218259629 0.0673828125
0 0.5485021398002853 0.0693359375 0.024251069900142655 0.060546875
0 0.6533523537803139 0.56689453125 0.02567760342368046 0.0283203125
0 0.6754636233951498 0.93115234375 0.06990014265335236 0.0712890625
0 0.7154065620542083 0.90576171875 0.015691868758915834 0.0126953125
0 0.7952924393723253 0.18359375 0.009985734664764621 0.048828125
0 0.8231098430813124 0.18408203125 0.02567760342368046 0.0478515625
0 0.8780313837375179 0.65625 0.021398002853067047 0.015625
0 0.8851640513552069 0.8115234375 0.029957203994293868 0.0546875
0 0.891583452211127 0.42822265625 0.02282453637660485 0.0166015625
0 0.9051355206847361 0.79443359375 0.01283880171184023 0.0126953125
0 0.9079885877318117 0.68798828125 0.02710413694721826 0.0830078125
0 0.9258202567760343 0.44482421875 0.028530670470756064 0.0556640625
0 0.9236804564907276 0.56494140625 0.02710413694721826 0.0283203125
0 0.9322396576319544 0.802734375 0.0442225392296719 0.0390625
0 0.9372325249643367 0.6640625 0.02282453637660485 0.033203125
