0 0.1369472182596291 0.55712890625 0.10271041369472184 0.0361328125
0 0.09486447931526391 0.77001953125 0.024251069900142655 0.0458984375
0 0.11982881597717547 0.26904296875 0.05706134094151213 0.0771484375
0 0.12196861626248218 0.77099609375 0.01283880171184023 0.0478515625
0 0.14835948644793154 0.77099609375 0.02567760342368046 0.0478515625
0 0.16547788873038516 0.12548828125 0.042796005706134094 0.1025390625
0 0.1747503566333809 0.27001953125 0.05563480741797432 0.0791015625
0 0.20399429386590587 0.56103515625 0.034236804564907276 0.0224609375
0 0.21326676176890158 0.12646484375 0.04136947218259629 0.1044921875
0 0.39015691868758917 0.94287109375 0.029957203994293868 0.0556640625
0 0.42867332382310985 0.943359375 0.0442225392296719 0.056640625
0 0.4821683309557775 0.60107421875 0.039942938659058486 0.0927734375
0 0.5078459343794579 0.74658203125 0.042796005706134094 0.0283203125
0 0.5299572039942939 0.59130859375 0.052781740370898715 0.0712890625
0 0.8202567760342369 0.67626953125 0.028530670470756064 0.0517578125
0 0.8223965763195435 0.1123046875 0.0442225392296719 0.103515625
0 0.8509272467902996 0.56298828125 0.03281027104136947 0.0380859375
0 0.87018544935806 0.84716796875 0.06562054208273894 0.1162109375
0 0.8673323823109843 0.685546875 0.06562054208273894 0.068359375
0 0.87660485021398 0.1005859375 0.05563480741797432 0.078125
0 0.8837375178316691 0.58203125 0.029957203994293868 0.07421875
0 0.9151212553495007 0.68408203125 0.029957203994293868 0.0673828125
0 0.9165477888730386 0.5810546875 0.03281027104136947 0.07421875
0 0.9300998573466477 0.83349609375 0.06847360912981455 0.1083984375
