0 0.09486447931526391 0.4765625 0.029957203994293868 0.033203125
0 0.10057061340941513 0.8212890625 0.047075606276747506 0.1171875
0 0.09700427960057062 0.07470703125 0.042796005706134094 0.0517578125
0 0.09985734664764623 0.61474609375 0.03138373751783167 0.0908203125
0 0.13623395149786022 0.79248046875 0.03281027104136947 0.0595703125
0 0.144793152639087 0.07421875 0.04136947218259629 0.0546875
0 0.19115549215406563 0.0751953125 0.039942938659058486 0.052734375
0 0.23751783166904422 0.33251953125 0.029957203994293868 0.0341796875
0 0.21041369472182597 0.6328125 0.18687589158345222 0.126953125
0 0.21469329529243938 0.8408203125 0.11840228245363767 0.158203125
0 0.30028530670470754 0.8232421875 0.047075606276747506 0.1171875
0 0.3102710413694722 0.35009765625 0.029957203994293868 0.0576171875
0 0.3459343794579173 0.35009765625 0.03281027104136947 0.0595703125
0 0.42154065620542086 0.35595703125 0.02710413694721826 0.0830078125
0 0.4921540656205421 0.3564453125 0.11126961483594865 0.083984375
0 0.6840228245363766 0.23583984375 0.04136947218259629 0.0302734375
0 0.6776034236804566 0.3525390625 0.03138373751783167 0.052734375
0 0.717546362339515 0.349609375 0.037089871611982884 0.048828125
0 0.7646219686162625 0.62646484375 0.03138373751783167 0.1376953125
0 0.8138373751783167 0.83447265625 0.1326676176890157 0.1572265625
0 0.8516405135520685 0.62353515625 0.14550641940085593 0.1455078125
0 0.8174037089871612 0.3818359375 0.02567760342368046 0.05078125
0 0.8473609129814551 0.3994140625 0.028530670470756064 0.083984375
0 0.8937232524964337 0.39892578125 0.06419400855920114 0.0849609375
0 0.8922967189728959 0.787109375 0.03281027104136947 0.060546875
