0 0.14265335235378032 0.513671875 0.14550641940085593 0.099609375
0 0.08487874465049929 0.3330078125 0.029957203994293868 0.0546875
0 0.12268188302425108 0.35205078125 0.042796005706134094 0.0908203125
0 0.15549215406562056 0.33349609375 0.02567760342368046 0.0517578125
0 0.1875891583452211 0.3505859375 0.02710413694721826 0.08984375
0 0.2218259629101284 0.8212890625 0.047075606276747506 0.033203125
0 0.2268188302425107 0.34130859375 0.042796005706134094 0.0712890625
0 0.2731811697574893 0.82275390625 0.052781740370898715 0.0283203125
0 0.32168330955777463 0.20703125 0.049928673323823114 0.033203125
0 0.6069900142653353 0.17431640625 0.021398002853067047 0.0166015625
0 0.637660485021398 0.1904296875 0.02567760342368046 0.05078125
0 0.7161198288159772 0.79541015625 0.12268188302425108 0.0810546875
0 0.7068473609129815 0.31689453125 0.05848787446504993 0.0751953125
0 0.7517831669044223 0.3095703125 0.02567760342368046 0.060546875
0 0.7767475035663338 0.29345703125 0.024251069900142655 0.0283203125
0 0.8231098430813124 0.90869140625 0.02567760342368046 0.0654296875
0 0.855206847360913 0.17724609375 0.024251069900142655 0.0458984375
0 0.8751783166904422 0.7861328125 0.06990014265335236 0.0546875
0 0.8544935805991442 0.90771484375 0.034236804564907276 0.0673828125
0 0.8865905848787446 0.169921875 0.03566333808844508 0.03125
0 0.9087018544935807 0.904296875 0.07988587731811697 0.07421875
0 0.9151212553495007 0.17919921875 0.02710413694721826 0.0439453125
0 0.9293865905848788 0.7861328125 0.029957203994293868 0.0546875
