0 0.07988587731811697 0.62109375 0.028530670470756064 0.091796875
0 0.15691868758915836 0.63037109375 0.12268188302425108 0.1083984375
0 0.33951497860199714 0.3291015625 0.042796005706134094 0.109375
0 0.34236804564907275 0.541015625 0.03138373751783167 0.091796875
0 0.35021398002853066 0.69873046875 0.03281027104136947 0.1064453125
0 0.34022824536376606 0.9296875 0.029957203994293868 0.01953125
0 0.37660485021398005 0.93798828125 0.03138373751783167 0.0380859375
0 0.41298145506419404 0.66943359375 0.0898716119828816 0.0673828125
0 0.37660485021398005 0.138671875 0.08273894436519258 0.126953125
0 0.40014265335235377 0.541015625 0.08131241084165478 0.08984375
0 0.4529243937232525 0.52294921875 0.029957203994293868 0.0556640625
0 0.41868758915834525 0.337890625 0.12125534950071327 0.126953125
0 0.47503566333808844 0.11328125 0.042796005706134094 0.126953125
0 0.4586305278174037 0.875 0.10128388017118403 0.0703125
0 0.5292439372325249 0.09521484375 0.09415121255349501 0.0908203125
0 0.768188302425107 0.5263671875 0.03281027104136947 0.109375
0 0.8017118402282454 0.53564453125 0.03138373751783167 0.1259765625
0 0.8352353780313838 0.31787109375 0.10984308131241084 0.0927734375
0 0.7952924393723253 0.10986328125 0.06704707560627675 0.1044921875
0 0.8388017118402282 0.0966796875 0.028530670470756064 0.072265625
0 0.840941512125535 0.52783203125 0.0442225392296719 0.1083984375
0 0.8744650499286734 0.09521484375 0.0456490727532097 0.0751953125
0 0.8794579172610557 0.87646484375 0.04136947218259629 0.0517578125
0 0.8837375178316691 0.501953125 0.052781740370898715 0.0546875
0 0.906562054208274 0.08056640625 0.024251069900142655 0.0458984375
0 0.9072753209700428 0.30908203125 0.028530670470756064 0.0732421875
