0 0.0898716119828816 0.9296875 0.03138373751783167 0.052734375
0 0.14835948644793154 0.9375 0.08273894436519258 0.07421875
0 0.144793152639087 0.67529296875 0.14693295292439373 0.1044921875
0 0.15406562054208275 0.056640625 0.034236804564907276 0.041015625
0 0.1890156918687589 0.05810546875 0.015691868758915834 0.0439453125
0 0.224679029957204 0.05712890625 0.03281027104136947 0.0419921875
0 0.2653352353780314 0.6708984375 0.02567760342368046 0.10546875
0 0.29885877318116977 0.06005859375 0.029957203994293868 0.0732421875
0 0.32667617689015693 0.6630859375 0.09985734664764623 0.08984375
0 0.3580599144079886 0.06884765625 0.08273894436519258 0.0888671875
0 0.38730385164051356 0.6630859375 0.024251069900142655 0.08984375
0 0.41797432239657634 0.66943359375 0.037089871611982884 0.1044921875
0 0.46718972895863053 0.060546875 0.02710413694721826 0.07421875
0 0.48573466476462196 0.66162109375 0.03281027104136947 0.0791015625
0 0.49928673323823114 0.06005859375 0.03138373751783167 0.0712890625
0 0.5320970042796006 0.06201171875 0.028530670470756064 0.0693359375
0 0.5499286733238231 0.66259765625 0.0898716119828816 0.0791015625
0 0.5649072753209701 0.07080078125 0.028530670470756064 0.0908203125
0 0.5962910128388017 0.07080078125 0.03138373751783167 0.0908203125
0 0.7724679029957204 0.66455078125 0.11840228245363767 0.0986328125
0 0.8380884450784594 0.0712890625 0.16975748930099857 0.10546875
0 0.8758915834522112 0.326171875 0.02282453637660485 0.01953125
0 0.9037089871611983 0.32568359375 0.021398002853067047 0.0205078125
0 0.9201141226818831 0.32666015625 0.008559201141226819 0.0185546875
0 0.9029957203994294 0.5361328125 0.0884450784593438 0.025390625
0 0.9336661911554922 0.3251953125 0.021398002853067047 0.01953125
