0 0.11911554921540657 0.77587890625 0.02710413694721826 0.0498046875
0 0.15406562054208275 0.7841796875 0.039942938659058486 0.068359375
0 0.15834522111269617 0.6240234375 0.06562054208273894 0.08203125
0 0.1847360912981455 0.78515625 0.024251069900142655 0.06640625
0 0.24607703281027105 0.62451171875 0.11269614835948645 0.0830078125
0 0.21326676176890158 0.0380859375 0.018544935805991442 0.017578125
0 0.24322396576319544 0.0712890625 0.02710413694721826 0.083984375
0 0.2781740370898716 0.0634765625 0.039942938659058486 0.08203125
0 0.20114122681883026 0.369140625 0.17118402282453637 0.08984375
0 0.32168330955777463 0.77978515625 0.08416547788873038 0.0791015625
0 0.28887303851640517 0.48876953125 0.08131241084165478 0.0224609375
0 0.29386590584878747 0.44970703125 0.08273894436519258 0.0126953125
0 0.4543509272467903 0.38818359375 0.10984308131241084 0.0986328125
0 0.40798858773181174 0.77685546875 0.028530670470756064 0.0673828125
0 0.4379457917261056 0.7685546875 0.03138373751783167 0.05078125
0 0.4843081312410842 0.78369140625 0.06419400855920114 0.0849609375
0 0.500713266761769 0.06103515625 0.05135520684736092 0.0478515625
0 0.5449358059914409 0.06005859375 0.03138373751783167 0.0439453125
0 0.6184022824536377 0.0458984375 0.0442225392296719 0.05078125
0 0.6512125534950072 0.37939453125 0.07560627674750357 0.0986328125
0 0.7089871611982882 0.37109375 0.039942938659058486 0.08203125
0 0.7375178316690443 0.74853515625 0.011412268188302425 0.0341796875
0 0.7724679029957204 0.77197265625 0.03851640513552069 0.0830078125
0 0.8088445078459344 0.36328125 0.02282453637660485 0.05078125
0 0.8288159771754636 0.92041015625 0.06276747503566334 0.0830078125
0 0.8373751783166905 0.0830078125 0.059914407988587735 0.08203125
0 0.8787446504992867 0.37939453125 0.11126961483594865 0.0986328125
0 0.8616262482168331 0.7724609375 0.14265335235378032 0.083984375
0 0.8823109843081313 0.9130859375 0.04136947218259629 0.068359375
0 0.9008559201141227 0.06982421875 0.06990014265335236 0.0673828125
