0 0.08131241084165478 0.58837890625 0.028530670470756064 0.0537109375
0 0.09843081312410842 0.78466796875 0.03138373751783167 0.0791015625
0 0.10485021398002853 0.197265625 0.029957203994293868 0.0546875
0 0.1783166904422254 0.607421875 0.15977175463623394 0.091796875
0 0.11269614835948645 0.41845703125 0.06276747503566334 0.1240234375
0 0.1340941512125535 0.79443359375 0.03138373751783167 0.0986328125
0 0.1369472182596291 0.224609375 0.028530670470756064 0.107421875
0 0.1754636233951498 0.1982421875 0.0456490727532097 0.0546875
0 0.1754636233951498 0.794921875 0.0456490727532097 0.099609375
0 0.13623395149786022 0.08251953125 0.10984308131241084 0.1103515625
0 0.19115549215406563 0.794921875 0.017118402282453638 0.01171875
0 0.1790299572039943 0.43017578125 0.07275320970042796 0.1318359375
0 0.20827389443651925 0.05615234375 0.03138373751783167 0.0556640625
0 0.23751783166904422 0.4140625 0.04136947218259629 0.099609375
0 0.24750356633380885 0.05517578125 0.05563480741797432 0.0556640625
0 0.42582025677603424 0.0810546875 0.16119828815977175 0.109375
0 0.5827389443651926 0.0703125 0.03281027104136947 0.060546875
0 0.6248216833095578 0.06884765625 0.04850213980028531 0.0595703125
0 0.7817403708987162 0.75732421875 0.03138373751783167 0.0712890625
0 0.7924393723252496 0.873046875 0.03281027104136947 0.021484375
0 0.8081312410841655 0.3828125 0.03281027104136947 0.041015625
0 0.8138373751783167 0.7568359375 0.029957203994293868 0.07421875
0 0.8281027104136948 0.89208984375 0.03281027104136947 0.0595703125
0 0.8502139800285307 0.3837890625 0.04850213980028531 0.041015625
0 0.8815977175463624 0.06494140625 0.03138373751783167 0.0595703125
0 0.8730385164051355 0.56396484375 0.08273894436519258 0.1083984375
0 0.8723252496433667 0.77392578125 0.08131241084165478 0.1083984375
0 0.9179743223965764 0.06396484375 0.03281027104136947 0.0595703125
0 0.9265335235378032 0.53759765625 0.029957203994293868 0.0537109375
0 0.9243937232524965 0.7470703125 0.028530670470756064 0.0546875
