0 0.06205420827389444 0.05419921875 0.015691868758915834 0.0380859375
0 0.1847360912981455 0.9140625 0.21825962910128388 0.12890625
0 0.09700427960057062 0.05419921875 0.014265335235378032 0.0380859375
0 0.11412268188302425 0.9287109375 0.014265335235378032 0.013671875
0 0.09557774607703282 0.2080078125 0.09985734664764623 0.060546875
0 0.14550641940085593 0.40185546875 0.1768901569186876 0.1376953125
0 0.3195435092724679 0.37451171875 0.07703281027104138 0.0791015625
0 0.3994293865905849 0.044921875 0.03138373751783167 0.037109375
0 0.43081312410841655 0.0537109375 0.03138373751783167 0.0546875
0 0.4643366619115549 0.05419921875 0.03281027104136947 0.0576171875
0 0.5570613409415122 0.05029296875 0.024251069900142655 0.0498046875
0 0.6219686162624822 0.06640625 0.09700427960057062 0.083984375
0 0.6897289586305279 0.0751953125 0.03281027104136947 0.099609375
0 0.7211126961483595 0.9052734375 0.03281027104136947 0.080078125
0 0.7560627674750356 0.9052734375 0.03138373751783167 0.080078125
0 0.761055634807418 0.05859375 0.024251069900142655 0.05859375
0 0.7910128388017119 0.89599609375 0.029957203994293868 0.0615234375
0 0.7981455064194009 0.05810546875 0.029957203994293868 0.0576171875
0 0.8266761768901569 0.90576171875 0.029957203994293868 0.0810546875
0 0.8316690442225393 0.3779296875 0.034236804564907276 0.080078125
0 0.8623395149786021 0.90576171875 0.029957203994293868 0.0810546875
0 0.8680456490727533 0.3779296875 0.03281027104136947 0.080078125
0 0.8509272467902996 0.4892578125 0.0898716119828816 0.080078125
0 0.8794579172610557 0.578125 0.052781740370898715 0.033203125
0 0.9044222539229673 0.9052734375 0.04850213980028531 0.080078125
0 0.9022824536376605 0.3681640625 0.03281027104136947 0.060546875
