0 0.1704707560627675 0.67626953125 0.1355206847360913 0.0908203125
0 0.32952924393723254 0.79052734375 0.028530670470756064 0.0830078125
0 0.3544935805991441 0.2841796875 0.06990014265335236 0.056640625
0 0.37089871611982883 0.88330078125 0.02567760342368046 0.0166015625
0 0.37660485021398005 0.7900390625 0.06562054208273894 0.083984375
0 0.3994293865905849 0.908203125 0.028530670470756064 0.068359375
0 0.4072753209700428 0.2802734375 0.029957203994293868 0.0625
0 0.43580599144079885 0.89208984375 0.04136947218259629 0.0361328125
0 0.46219686162624823 0.6376953125 0.028530670470756064 0.06640625
0 0.4472182596291013 0.79052734375 0.07560627674750357 0.0849609375
0 0.5335235378031384 0.64501953125 0.11126961483594865 0.0830078125
0 0.6390870185449358 0.634765625 0.02567760342368046 0.037109375
0 0.6733238231098431 0.2861328125 0.07132667617689016 0.07421875
0 0.7132667617689016 0.62451171875 0.019971469329529243 0.0263671875
0 0.7261055634807418 0.27783203125 0.028530670470756064 0.0556640625
0 0.7496433666191156 0.630859375 0.052781740370898715 0.052734375
0 0.87018544935806 0.669921875 0.06562054208273894 0.068359375
0 0.8944365192582026 0.7685546875 0.028530670470756064 0.0390625
0 0.927246790299572 0.76953125 0.03138373751783167 0.0390625
0 0.9236804564907276 0.662109375 0.04136947218259629 0.052734375
