0 0.5278174037089872 0.208984375 0.05706134094151213 0.08203125
0 0.5164051355206848 0.63330078125 0.05135520684736092 0.0810546875
0 0.536376604850214 0.4287109375 0.05706134094151213 0.0546875
0 0.5663338088445079 0.6162109375 0.05135520684736092 0.06640625
0 0.7738944365192583 0.1796875 0.03566333808844508 0.029296875
0 0.8473609129814551 0.19091796875 0.09985734664764623 0.0712890625
0 0.8316690442225393 0.8447265625 0.06847360912981455 0.142578125
0 0.8466476462196861 0.32958984375 0.03851640513552069 0.0556640625
0 0.8473609129814551 0.41748046875 0.03138373751783167 0.0634765625
0 0.884450784593438 0.55322265625 0.05135520684736092 0.0888671875
0 0.87018544935806 0.31298828125 0.017118402282453638 0.0263671875
0 0.9101283880171185 0.8359375 0.0884450784593438 0.138671875
0 0.8965763195435092 0.31884765625 0.03851640513552069 0.0576171875
0 0.8801711840228246 0.41748046875 0.03138373751783167 0.0830078125
0 0.8544935805991442 0.0869140625 0.11126961483594865 0.083984375
