0 0.0905848787446505 0.12744140625 0.0442225392296719 0.1025390625
0 0.15905848787446505 0.7197265625 0.09843081312410842 0.068359375
0 0.1369472182596291 0.1142578125 0.042796005706134094 0.078125
0 0.19186875891583452 0.623046875 0.01283880171184023 0.041015625
0 0.19115549215406563 0.12744140625 0.05420827389443652 0.1044921875
0 0.2346647646219686 0.6318359375 0.047075606276747506 0.060546875
0 0.7125534950071327 0.6484375 0.029957203994293868 0.08984375
0 0.7646219686162625 0.64501953125 0.07132667617689016 0.0986328125
0 0.8131241084165478 0.15478515625 0.042796005706134094 0.0302734375
0 0.8231098430813124 0.0966796875 0.05706134094151213 0.029296875
0 0.8559201141226819 0.64013671875 0.11126961483594865 0.0732421875
0 0.8601997146932954 0.40673828125 0.039942938659058486 0.0498046875
0 0.8223965763195435 0.7578125 0.14693295292439373 0.068359375
0 0.8873038516405136 0.1142578125 0.05135520684736092 0.072265625
0 0.9087018544935807 0.40283203125 0.05706134094151213 0.0673828125
