0 0.04850213980028531 0.927734375 0.07988587731811697 0.12890625
0 0.15049928673323823 0.236328125 0.14693295292439373 0.1171875
0 0.09985734664764623 0.56689453125 0.02567760342368046 0.0908203125
0 0.10841654778887304 0.1875 0.011412268188302425 0.01171875
0 0.1333808844507846 0.439453125 0.02710413694721826 0.076171875
0 0.15977175463623394 0.0859375 0.11126961483594865 0.083984375
0 0.19757489300998574 0.43896484375 0.10128388017118403 0.0771484375
0 0.16333808844507847 0.5595703125 0.10128388017118403 0.076171875
0 0.3231098430813124 0.86767578125 0.029957203994293868 0.0986328125
0 0.3566333808844508 0.8408203125 0.03138373751783167 0.044921875
0 0.3958630527817404 0.84228515625 0.0442225392296719 0.0634765625
0 0.398716119828816 0.05908203125 0.03281027104136947 0.0576171875
0 0.43437945791726107 0.05859375 0.03281027104136947 0.060546875
0 0.4607703281027104 0.9658203125 0.05420827389443652 0.015625
0 0.5021398002853067 0.8193359375 0.037089871611982884 0.1015625
0 0.5156918687589158 0.38427734375 0.02710413694721826 0.0458984375
0 0.5178316690442225 0.05859375 0.1312410841654779 0.0625
0 0.5763195435092725 0.8212890625 0.09985734664764623 0.125
0 0.5242510699001427 0.9658203125 0.07275320970042796 0.015625
0 0.55848787446505 0.384765625 0.05848787446504993 0.046875
0 0.5970042796005707 0.04833984375 0.03281027104136947 0.0400390625
0 0.7496433666191156 0.43212890625 0.02710413694721826 0.0615234375
0 0.776034236804565 0.4326171875 0.028530670470756064 0.07421875
0 0.8181169757489302 0.23046875 0.03281027104136947 0.056640625
0 0.8181169757489302 0.08740234375 0.181169757489301 0.0693359375
0 0.8509272467902996 0.2412109375 0.029957203994293868 0.072265625
0 0.8894436519258203 0.240234375 0.0442225392296719 0.07421875
0 0.8516405135520685 0.43994140625 0.12268188302425108 0.0771484375
