0 0.06419400855920114 0.13720703125 0.02567760342368046 0.0166015625
0 0.07275320970042796 0.2666015625 0.019971469329529243 0.0390625
0 0.1276747503566334 0.16650390625 0.10128388017118403 0.0908203125
0 0.1383737517831669 0.865234375 0.04850213980028531 0.119140625
0 0.12125534950071327 0.26708984375 0.07703281027104138 0.0400390625
0 0.19329529243937232 0.8359375 0.047075606276747506 0.05859375
0 0.19400855920114124 0.26904296875 0.02282453637660485 0.0517578125
0 0.21683309557774608 0.26220703125 0.02282453637660485 0.0400390625
0 0.24251069900142655 0.26318359375 0.03138373751783167 0.0400390625
0 0.2660485021398003 0.2568359375 0.018544935805991442 0.02734375
0 0.471469329529244 0.419921875 0.07560627674750357 0.078125
0 0.4900142653352354 0.04296875 0.029957203994293868 0.041015625
0 0.5285306704707561 0.4208984375 0.03281027104136947 0.076171875
0 0.5249643366619116 0.0439453125 0.034236804564907276 0.041015625
0 0.5634807417974322 0.41015625 0.03138373751783167 0.060546875
0 0.5991440798858774 0.41064453125 0.03138373751783167 0.0615234375
0 0.6205420827389444 0.39111328125 0.014265335235378032 0.0126953125
0 0.6661911554921541 0.0654296875 0.09985734664764623 0.068359375
0 0.7018544935805991 0.1435546875 0.02282453637660485 0.03125
0 0.833808844507846 0.07080078125 0.14122681883024252 0.0986328125
0 0.9172610556348074 0.0537109375 0.03138373751783167 0.048828125
