0 0.1398002853067047 0.74755859375 0.09985734664764623 0.0849609375
0 0.19329529243937232 0.0576171875 0.047075606276747506 0.029296875
0 0.1754636233951498 0.375 0.07703281027104138 0.068359375
0 0.20970042796005706 0.732421875 0.039942938659058486 0.05078125
0 0.2225392296718973 0.37451171875 0.028530670470756064 0.0673828125
0 0.23823109843081314 0.0576171875 0.0456490727532097 0.03125
0 0.2738944365192582 0.28857421875 0.028530670470756064 0.0673828125
0 0.28316690442225395 0.0576171875 0.047075606276747506 0.029296875
0 0.304564907275321 0.2880859375 0.029957203994293868 0.06640625
0 0.32952924393723254 0.05712890625 0.039942938659058486 0.0322265625
0 0.3723252496433666 0.06005859375 0.039942938659058486 0.0283203125
0 0.37589158345221113 0.28662109375 0.018544935805991442 0.0693359375
0 0.40513552068473613 0.2861328125 0.028530670470756064 0.06640625
0 0.43437945791726107 0.28662109375 0.029957203994293868 0.0673828125
0 0.4614835948644793 0.05712890625 0.14122681883024252 0.0283203125
0 0.5356633380884451 0.302734375 0.024251069900142655 0.05078125
0 0.5827389443651926 0.3115234375 0.06419400855920114 0.06640625
0 0.5313837375178316 0.74609375 0.10128388017118403 0.083984375
0 0.5970042796005707 0.72998046875 0.024251069900142655 0.0498046875
0 0.7624821683309558 0.09375 0.03281027104136947 0.09765625
0 0.8038516405135521 0.09423828125 0.047075606276747506 0.0986328125
0 0.8402282453637661 0.8701171875 0.23680456490727533 0.21484375
