0 0.0898716119828816 0.91162109375 0.028530670470756064 0.0654296875
0 0.09415121255349501 0.2958984375 0.02567760342368046 0.068359375
0 0.11269614835948645 0.40673828125 0.028530670470756064 0.0673828125
0 0.11911554921540657 0.9111328125 0.02710413694721826 0.068359375
0 0.12410841654778888 0.2958984375 0.028530670470756064 0.068359375
0 0.1433666191155492 0.40625 0.02710413694721826 0.068359375
0 0.15335235378031384 0.3046875 0.029957203994293868 0.083984375
0 0.17261055634807418 0.40625 0.028530670470756064 0.068359375
0 0.1890156918687589 0.29638671875 0.04136947218259629 0.0673828125
0 0.16619115549215407 0.91845703125 0.06419400855920114 0.0849609375
0 0.19115549215406563 0.13037109375 0.1340941512125535 0.0673828125
0 0.2203994293865906 0.0478515625 0.029957203994293868 0.037109375
0 0.2282453637660485 0.82080078125 0.028530670470756064 0.0654296875
0 0.25962910128388017 0.8125 0.02567760342368046 0.05078125
0 0.2631954350927247 0.0478515625 0.047075606276747506 0.04296875
0 0.28815977175463625 0.8291015625 0.028530670470756064 0.08203125
0 0.3174037089871612 0.8134765625 0.024251069900142655 0.05078125
0 0.55848787446505 0.298828125 0.02710413694721826 0.08203125
0 0.587018544935806 0.4033203125 0.1355206847360913 0.052734375
0 0.5934379457917262 0.291015625 0.039942938659058486 0.068359375
0 0.62339514978602 0.29150390625 0.028530670470756064 0.0673828125
0 0.6804564907275321 0.0771484375 0.019971469329529243 0.060546875
0 0.7082738944365192 0.07861328125 0.024251069900142655 0.0595703125
0 0.738944365192582 0.08544921875 0.037089871611982884 0.0751953125
0 0.761055634807418 0.53369140625 0.03851640513552069 0.0693359375
0 0.8024251069900142 0.53466796875 0.03851640513552069 0.0654296875
0 0.8295292439372326 0.89013671875 0.06419400855920114 0.1005859375
0 0.8502139800285307 0.2626953125 0.0456490727532097 0.01171875
0 0.8894436519258203 0.60986328125 0.0442225392296719 0.0302734375
0 0.8295292439372326 0.27783203125 0.15549215406562056 0.0576171875
0 0.8944365192582026 0.880859375 0.06276747503566334 0.083984375
0 0.8801711840228246 0.0751953125 0.09985734664764623 0.07421875
