0 0.0912981455064194 0.72802734375 0.039942938659058486 0.0478515625
0 0.12339514978601998 0.73583984375 0.02710413694721826 0.0654296875
0 0.11340941512125535 0.21826171875 0.05848787446504993 0.0595703125
0 0.14122681883024252 0.095703125 0.037089871611982884 0.0703125
0 0.15620542082738945 0.21826171875 0.02710413694721826 0.0615234375
0 0.15192582025677603 0.7197265625 0.021398002853067047 0.033203125
0 0.1348074179743224 0.3408203125 0.06419400855920114 0.06640625
0 0.16690442225392296 0.57666015625 0.028530670470756064 0.0419921875
0 0.1890156918687589 0.1083984375 0.052781740370898715 0.09375
0 0.20185449358059915 0.578125 0.03281027104136947 0.041015625
0 0.23751783166904422 0.58740234375 0.03281027104136947 0.0595703125
0 0.2332382310984308 0.11865234375 0.03281027104136947 0.1162109375
0 0.2731811697574893 0.1201171875 0.03851640513552069 0.11328125
0 0.325962910128388 0.8720703125 0.05848787446504993 0.0703125
0 0.3437945791726106 0.49609375 0.02282453637660485 0.017578125
0 0.3723252496433666 0.49560546875 0.039942938659058486 0.0205078125
0 0.4122681883024251 0.94287109375 0.02282453637660485 0.0458984375
0 0.43366619115549215 0.8583984375 0.06847360912981455 0.0625
0 0.43865905848787445 0.94921875 0.02710413694721826 0.05859375
0 0.48359486447931527 0.48046875 0.039942938659058486 0.03515625
0 0.5135520684736091 0.505859375 0.02282453637660485 0.08203125
0 0.7218259629101285 0.89990234375 0.02282453637660485 0.0556640625
0 0.761055634807418 0.90087890625 0.0442225392296719 0.0556640625
0 0.8159771754636235 0.09423828125 0.03138373751783167 0.0927734375
0 0.8637660485021398 0.10595703125 0.052781740370898715 0.1162109375
0 0.8666191155492154 0.3056640625 0.02710413694721826 0.03515625
0 0.87660485021398 0.4296875 0.024251069900142655 0.06640625
0 0.9001426533523538 0.322265625 0.028530670470756064 0.0703125
0 0.9072753209700428 0.09521484375 0.037089871611982884 0.0927734375
0 0.9379457917261056 0.3037109375 0.0442225392296719 0.037109375
0 0.9293865905848788 0.43017578125 0.07560627674750357 0.0673828125
