0 0.10770328102710414 0.33984375 0.029957203994293868 0.07421875
0 0.130527817403709 0.09375 0.02710413694721826 0.01953125
0 0.1783166904422254 0.11474609375 0.05135520684736092 0.0693359375
0 0.15905848787446505 0.33984375 0.06990014265335236 0.07421875
0 0.21184022824536378 0.34033203125 0.029957203994293868 0.0732421875
0 0.2225392296718973 0.11572265625 0.034236804564907276 0.0673828125
0 0.4222539229671897 0.9658203125 0.05420827389443652 0.015625
0 0.48573466476462196 0.9658203125 0.07275320970042796 0.015625
0 0.6248216833095578 0.42333984375 0.09415121255349501 0.0380859375
0 0.7232524964336662 0.06005859375 0.03138373751783167 0.0224609375
0 0.7475035663338089 0.61962890625 0.028530670470756064 0.0263671875
0 0.7703281027104137 0.072265625 0.037089871611982884 0.05078125
0 0.7945791726105563 0.63330078125 0.042796005706134094 0.0537109375
0 0.8088445078459344 0.4267578125 0.02567760342368046 0.0234375
0 0.8366619115549215 0.4267578125 0.024251069900142655 0.0234375
0 0.8651925820256776 0.4267578125 0.029957203994293868 0.0078125
