0 0.1768901569186876 0.2919921875 0.09985734664764623 0.06640625
0 0.21112696148359486 0.107421875 0.039942938659058486 0.109375
0 0.25320970042796004 0.10546875 0.03851640513552069 0.11328125
0 0.2760342368045649 0.060546875 0.015691868758915834 0.013671875
0 0.3024251069900143 0.09423828125 0.034236804564907276 0.0908203125
0 0.3024251069900143 0.8671875 0.1369472182596291 0.20703125
0 0.405848787446505 0.07568359375 0.03281027104136947 0.0791015625
0 0.44151212553495006 0.06689453125 0.03281027104136947 0.0615234375
0 0.4472182596291013 0.84228515625 0.06419400855920114 0.1005859375
0 0.5684736091298146 0.79345703125 0.029957203994293868 0.0498046875
0 0.6569186875891584 0.8095703125 0.14693295292439373 0.083984375
0 0.761055634807418 0.298828125 0.02710413694721826 0.017578125
0 0.7945791726105563 0.333984375 0.03138373751783167 0.09375
0 0.8295292439372326 0.8046875 0.14693295292439373 0.08203125
0 0.8459343794579173 0.3251953125 0.06847360912981455 0.07421875
0 0.8316690442225393 0.08349609375 0.06847360912981455 0.0634765625
0 0.8851640513552069 0.08642578125 0.029957203994293868 0.0556640625
0 0.8216833095577747 0.46533203125 0.19971469329529246 0.1162109375
0 0.9044222539229673 0.31640625 0.042796005706134094 0.056640625
