0 0.13623395149786022 0.123046875 0.1326676176890157 0.119140625
0 0.1847360912981455 0.865234375 0.03851640513552069 0.052734375
0 0.21540656205420827 0.09375 0.059914407988587735 0.078125
0 0.231811697574893 0.86669921875 0.04136947218259629 0.0537109375
0 0.3980028530670471 0.24951171875 0.06276747503566334 0.0830078125
0 0.47004279600570614 0.24951171875 0.07560627674750357 0.0830078125
0 0.5313837375178316 0.65185546875 0.02710413694721826 0.0185546875
0 0.587018544935806 0.68115234375 0.07560627674750357 0.0986328125
0 0.7146932952924394 0.6787109375 0.11126961483594865 0.068359375
0 0.8352353780313838 0.2255859375 0.09843081312410842 0.083984375
0 0.8430813124108417 0.6552734375 0.11126961483594865 0.068359375
