0 0.09771754636233952 0.4296875 0.05848787446504993 0.091796875
0 0.0898716119828816 0.08056640625 0.02567760342368046 0.0888671875
0 0.09415121255349501 0.26025390625 0.028530670470756064 0.0166015625
0 0.11697574893009986 0.80419921875 0.028530670470756064 0.0537109375
0 0.11055634807417974 0.912109375 0.029957203994293868 0.0625
0 0.1419400855920114 0.2841796875 0.06419400855920114 0.068359375
0 0.15691868758915836 0.4296875 0.059914407988587735 0.091796875
0 0.1398002853067047 0.9208984375 0.02567760342368046 0.08203125
0 0.16904422253922968 0.0654296875 0.1326676176890157 0.0625
0 0.14835948644793154 0.8134765625 0.03138373751783167 0.072265625
0 0.19329529243937232 0.9208984375 0.07560627674750357 0.083984375
0 0.1861626248216833 0.8037109375 0.0442225392296719 0.0546875
0 0.20399429386590587 0.42236328125 0.037089871611982884 0.0771484375
0 0.2639087018544936 0.7744140625 0.03138373751783167 0.080078125
0 0.2838801711840228 0.41552734375 0.05706134094151213 0.0751953125
0 0.2995720399429387 0.775390625 0.014265335235378032 0.08203125
0 0.33523537803138376 0.77490234375 0.028530670470756064 0.0771484375
0 0.34807417974322397 0.06396484375 0.03138373751783167 0.0732421875
0 0.39015691868758917 0.4306640625 0.15263908701854495 0.10546875
0 0.37945791726105566 0.064453125 0.014265335235378032 0.076171875
0 0.4122681883024251 0.06494140625 0.014265335235378032 0.0751953125
0 0.4457917261055635 0.06591796875 0.024251069900142655 0.0732421875
0 0.5178316690442225 0.40380859375 0.02567760342368046 0.0478515625
0 0.5927246790299572 0.43310546875 0.12410841654778888 0.1064453125
0 0.62339514978602 0.0654296875 0.03138373751783167 0.07421875
0 0.6569186875891584 0.77734375 0.021398002853067047 0.068359375
0 0.6569186875891584 0.06787109375 0.024251069900142655 0.0732421875
0 0.7139800285306704 0.06640625 0.08131241084165478 0.07421875
0 0.7047075606276748 0.7841796875 0.06562054208273894 0.080078125
0 0.7211126961483595 0.4267578125 0.06419400855920114 0.099609375
0 0.7746077032810271 0.78564453125 0.07417974322396577 0.0830078125
0 0.8216833095577747 0.42724609375 0.1340941512125535 0.1005859375
0 0.8231098430813124 0.77001953125 0.02282453637660485 0.0498046875
0 0.8758915834522112 0.07958984375 0.07132667617689016 0.0908203125
0 0.9101283880171185 0.427734375 0.039942938659058486 0.099609375
0 0.9101283880171185 0.75927734375 0.02567760342368046 0.0498046875
0 0.9179743223965764 0.9443359375 0.10413694721825963 0.06640625
0 0.927246790299572 0.0615234375 0.028530670470756064 0.0546875
0 0.9386590584878745 0.75146484375 0.011412268188302425 0.0341796875
