0 0.10841654778887304 0.05322265625 0.03138373751783167 0.0595703125
0 0.12981455064194009 0.9091796875 0.05135520684736092 0.0703125
0 0.14407988587731813 0.06298828125 0.03138373751783167 0.0791015625
0 0.1319543509272468 0.3984375 0.10984308131241084 0.1171875
0 0.1797432239657632 0.89697265625 0.05135520684736092 0.0478515625
0 0.2717546362339515 0.0302734375 0.021398002853067047 0.015625
0 0.2995720399429387 0.05908203125 0.02567760342368046 0.0751953125
0 0.340941512125535 0.05224609375 0.05706134094151213 0.0615234375
0 0.47004279600570614 0.06884765625 0.05848787446504993 0.0615234375
0 0.5128388017118403 0.0693359375 0.02710413694721826 0.0625
0 0.5613409415121255 0.056640625 0.02710413694721826 0.046875
0 0.6034236804564908 0.0703125 0.059914407988587735 0.076171875
0 0.7952924393723253 0.36767578125 0.009985734664764621 0.0634765625
0 0.8002853067047075 0.06103515625 0.06562054208273894 0.0654296875
0 0.8523537803138374 0.068359375 0.04136947218259629 0.083984375
0 0.8587731811697575 0.38720703125 0.0884450784593438 0.1005859375
