0 0.08559201141226819 0.93017578125 0.028530670470756064 0.0341796875
0 0.11840228245363767 0.50927734375 0.06276747503566334 0.1025390625
0 0.11626248216833096 0.7587890625 0.02710413694721826 0.04296875
0 0.11768901569186876 0.93896484375 0.02710413694721826 0.0537109375
0 0.14550641940085593 0.759765625 0.02567760342368046 0.04296875
0 0.1733238231098431 0.76123046875 0.029957203994293868 0.0400390625
0 0.17403708987161198 0.4931640625 0.059914407988587735 0.09765625
0 0.217546362339515 0.7587890625 0.05848787446504993 0.044921875
0 0.25891583452211125 0.748046875 0.024251069900142655 0.017578125
0 0.6426533523537803 0.77783203125 0.02710413694721826 0.0791015625
0 0.6783166904422254 0.779296875 0.029957203994293868 0.076171875
0 0.7211126961483595 0.7978515625 0.047075606276747506 0.119140625
0 0.7574893009985735 0.77783203125 0.028530670470756064 0.0791015625
0 0.7967189728958631 0.42724609375 0.04136947218259629 0.1064453125
0 0.8302425106990015 0.96044921875 0.03138373751783167 0.0595703125
0 0.8445078459343794 0.43017578125 0.042796005706134094 0.1064453125
0 0.8637660485021398 0.95654296875 0.024251069900142655 0.0537109375
0 0.8823109843081313 0.14208984375 0.049928673323823114 0.0341796875
0 0.8965763195435092 0.9560546875 0.047075606276747506 0.064453125
