0 0.07917261055634808 0.81103515625 0.03281027104136947 0.0615234375
0 0.08701854493580599 0.53173828125 0.06562054208273894 0.1103515625
0 0.11340941512125535 0.81201171875 0.015691868758915834 0.0634765625
0 0.14978601997146934 0.81298828125 0.02567760342368046 0.0615234375
0 0.15620542082738945 0.52001953125 0.06990014265335236 0.1005859375
0 0.23609129814550642 0.236328125 0.10699001426533523 0.09375
0 0.32952924393723254 0.2841796875 0.02567760342368046 0.056640625
0 0.362339514978602 0.28564453125 0.028530670470756064 0.0576171875
0 0.3880171184022825 0.71533203125 0.05420827389443652 0.1044921875
0 0.46291012838801715 0.71240234375 0.09843081312410842 0.1220703125
0 0.5748930099857347 0.51806640625 0.028530670470756064 0.0185546875
0 0.5784593437945792 0.9248046875 0.03281027104136947 0.044921875
0 0.6069900142653353 0.52734375 0.029957203994293868 0.0390625
0 0.7860199714693296 0.10791015625 0.042796005706134094 0.1044921875
0 0.840941512125535 0.10986328125 0.05563480741797432 0.1083984375
0 0.8651925820256776 0.744140625 0.047075606276747506 0.076171875
0 0.8887303851640513 0.12255859375 0.042796005706134094 0.1318359375
0 0.9122681883024252 0.736328125 0.06419400855920114 0.083984375
