0 0.005333333333333333 0.28193430656934304 0.010666666666666666 0.009124087591240875
0 0.022666666666666665 0.7655109489051095 0.013333333333333332 0.016423357664233577
0 0.030666666666666665 0.7308394160583941 0.013333333333333332 0.009124087591240875
0 0.11066666666666666 0.07025547445255474 0.034666666666666665 0.023722627737226276
0 0.124 0.7062043795620437 0.029333333333333333 0.040145985401459854
0 0.14533333333333334 0.09854014598540145 0.04 0.08394160583941605
0 0.12533333333333332 0.906934306569343 0.15466666666666667 0.09854014598540145
0 0.12933333333333333 0.29105839416058393 0.07733333333333334 0.08211678832116788
0 0.156 0.7244525547445255 0.034666666666666665 0.07664233576642336
0 0.18133333333333332 0.09854014598540145 0.03733333333333333 0.08394160583941605
0 0.20533333333333334 0.7244525547445255 0.06933333333333333 0.07664233576642336
0 0.19599999999999998 0.5702554744525548 0.013333333333333332 0.009124087591240875
0 0.204 0.8056569343065693 0.013333333333333332 0.009124087591240875
0 0.23866666666666667 0.270985401459854 0.013333333333333332 0.009124087591240875
0 0.26 0.9005474452554745 0.013333333333333332 0.009124087591240875
0 0.2653333333333333 0.09215328467153285 0.04 0.06021897810218978
0 0.292 0.2992700729927007 0.013333333333333332 0.01824817518248175
0 0.3213333333333333 0.2947080291970803 0.013333333333333332 0.009124087591240875
0 0.33466666666666667 0.2947080291970803 0.013333333333333332 0.009124087591240875
0 0.33466666666666667 0.7645985401459854 0.013333333333333332 0.010948905109489052
0 0.408 0.14963503649635035 0.021333333333333333 0.043795620437956206
0 0.42933333333333334 0.906934306569343 0.032 0.07664233576642336
0 0.4493333333333333 0.7354014598540146 0.013333333333333332 0.01824817518248175
0 0.46266666666666667 0.9142335766423357 0.034666666666666665 0.09124087591240876
0 0.4706666666666667 0.7691605839416058 0.013333333333333332 0.009124087591240875
0 0.476 0.2052919708029197 0.013333333333333332 0.009124087591240875
0 0.5373333333333333 0.750912408759124 0.013333333333333332 0.009124087591240875
0 0.5493333333333333 0.9233576642335766 0.144 0.11313868613138686
0 0.5813333333333334 0.7153284671532847 0.032 0.058394160583941604
0 0.6146666666666667 0.7144160583941606 0.034666666666666665 0.05656934306569343
0 0.6413333333333333 0.28923357664233573 0.013333333333333332 0.009124087591240875
0 0.644 0.28923357664233573 0.013333333333333332 0.009124087591240875
0 0.6733333333333333 0.8421532846715328 0.013333333333333332 0.009124087591240875
0 0.6826666666666666 0.4114963503649635 0.03733333333333333 0.04562043795620438
0 0.724 0.42062043795620435 0.050666666666666665 0.06386861313868612
0 0.7506666666666666 0.7928832116788321 0.013333333333333332 0.009124087591240875
0 0.7426666666666667 0.9434306569343065 0.034666666666666665 0.01824817518248175
0 0.7693333333333333 0.197992700729927 0.013333333333333332 0.009124087591240875
0 0.8039999999999999 0.270985401459854 0.013333333333333332 0.009124087591240875
0 0.8106666666666666 0.9416058394160584 0.10133333333333333 0.025547445255474453
0 0.8093333333333333 0.09124087591240876 0.04 0.043795620437956206
0 0.844 0.09124087591240876 0.018666666666666665 0.043795620437956206
