0 0.07489300998573467 0.580078125 0.03281027104136947 0.078125
0 0.09629101283880172 0.9501953125 0.047075606276747506 0.029296875
0 0.10413694721825963 0.83984375 0.042796005706134094 0.08203125
0 0.12838801711840228 0.53662109375 0.06847360912981455 0.1298828125
0 0.15049928673323823 0.8408203125 0.04136947218259629 0.080078125
0 0.18830242510699002 0.5107421875 0.0456490727532097 0.080078125
0 0.20328102710413695 0.48095703125 0.018544935805991442 0.0126953125
0 0.224679029957204 0.5205078125 0.03281027104136947 0.09765625
0 0.23609129814550642 0.03466796875 0.029957203994293868 0.0341796875
0 0.26176890156918686 0.5107421875 0.03281027104136947 0.080078125
0 0.37089871611982883 0.822265625 0.03138373751783167 0.056640625
0 0.37589158345221113 0.94140625 0.021398002853067047 0.029296875
0 0.4136947218259629 0.947265625 0.05135520684736092 0.041015625
0 0.4065620542082739 0.8251953125 0.02282453637660485 0.0546875
0 0.43651925820256776 0.8232421875 0.028530670470756064 0.056640625
0 0.449358059914408 0.09716796875 0.03138373751783167 0.0341796875
0 0.5877318116975749 0.03759765625 0.03138373751783167 0.0341796875
0 0.7125534950071327 0.23291015625 0.05563480741797432 0.1064453125
0 0.7689015691868759 0.59912109375 0.028530670470756064 0.0693359375
0 0.7910128388017119 0.2177734375 0.08701854493580599 0.09375
0 0.8031383737517832 0.48828125 0.037089871611982884 0.0703125
0 0.8209700427960057 0.8896484375 0.07275320970042796 0.154296875
0 0.8195435092724679 0.60693359375 0.06990014265335236 0.0908203125
0 0.8452211126961484 0.4892578125 0.015691868758915834 0.072265625
0 0.8780313837375179 0.580078125 0.0442225392296719 0.0390625
0 0.8944365192582026 0.87744140625 0.08559201141226819 0.1552734375
0 0.8880171184022825 0.4892578125 0.03566333808844508 0.072265625
