0 0.0920114122681883 0.212890625 0.024251069900142655 0.05859375
0 0.10556348074179743 0.66357421875 0.042796005706134094 0.0791015625
0 0.1718972895863053 0.3837890625 0.15263908701854495 0.11328125
0 0.15620542082738945 0.212890625 0.0898716119828816 0.060546875
0 0.16048502139800286 0.66357421875 0.05563480741797432 0.0791015625
0 0.16262482168330955 0.0771484375 0.03138373751783167 0.078125
0 0.20470756062767476 0.0859375 0.047075606276747506 0.099609375
0 0.21469329529243938 0.67822265625 0.05848787446504993 0.1064453125
0 0.8024251069900142 0.07763671875 0.029957203994293868 0.0908203125
0 0.8245363766048502 0.38232421875 0.03138373751783167 0.0908203125
0 0.8523537803138374 0.06884765625 0.06990014265335236 0.0732421875
0 0.848074179743224 0.578125 0.04136947218259629 0.078125
0 0.8737517831669045 0.38330078125 0.052781740370898715 0.1162109375
0 0.8858773181169758 0.2138671875 0.11126961483594865 0.099609375
0 0.8958630527817404 0.57666015625 0.039942938659058486 0.0771484375
0 0.9229671897289586 0.38330078125 0.05135520684736092 0.0927734375
0 0.9108416547788873 0.0693359375 0.0442225392296719 0.07421875
