0 0.06633380884450785 0.5107421875 0.02710413694721826 0.017578125
0 0.0884450784593438 0.0869140625 0.028530670470756064 0.099609375
0 0.08701854493580599 0.2236328125 0.028530670470756064 0.06640625
0 0.15121255349500715 0.240234375 0.09985734664764623 0.1015625
0 0.15406562054208275 0.54736328125 0.14835948644793154 0.1083984375
0 0.1768901569186876 0.09130859375 0.14835948644793154 0.1240234375
0 0.1768901569186876 0.72705078125 0.07132667617689016 0.1005859375
0 0.2346647646219686 0.240234375 0.06419400855920114 0.1015625
0 0.2296718972895863 0.72314453125 0.03138373751783167 0.0732421875
0 0.20542082738944367 0.40576171875 0.17118402282453637 0.1083984375
0 0.362339514978602 0.47509765625 0.011412268188302425 0.0244140625
0 0.38373751783166904 0.47509765625 0.011412268188302425 0.0244140625
0 0.38659058487874465 0.2392578125 0.011412268188302425 0.0234375
0 0.40014265335235377 0.7587890625 0.03851640513552069 0.025390625
0 0.4065620542082739 0.2392578125 0.011412268188302425 0.0234375
0 0.41298145506419404 0.365234375 0.02710413694721826 0.017578125
0 0.4764621968616263 0.40576171875 0.09985734664764623 0.1005859375
0 0.48002853067047074 0.72998046875 0.03281027104136947 0.0595703125
0 0.543509272467903 0.73046875 0.0912981455064194 0.0625
0 0.6055634807417974 0.3896484375 0.02710413694721826 0.06640625
0 0.6355206847360914 0.3896484375 0.03851640513552069 0.06640625
0 0.6711840228245364 0.3818359375 0.02710413694721826 0.05078125
0 0.7004279600570613 0.3818359375 0.02567760342368046 0.05078125
0 0.6961483594864479 0.0537109375 0.059914407988587735 0.076171875
0 0.7560627674750356 0.70361328125 0.011412268188302425 0.0380859375
0 0.8074179743223966 0.7265625 0.07132667617689016 0.099609375
0 0.7981455064194009 0.365234375 0.02710413694721826 0.033203125
0 0.8430813124108417 0.208984375 0.1825962910128388 0.1171875
0 0.8858773181169758 0.73046875 0.08273894436519258 0.111328125
0 0.8637660485021398 0.388671875 0.10128388017118403 0.083984375
0 0.8587731811697575 0.06884765625 0.12268188302425108 0.0615234375
