0 0.06562054208273894 0.1826171875 0.02282453637660485 0.044921875
0 0.08059914407988587 0.07421875 0.029957203994293868 0.08984375
0 0.09771754636233952 0.78173828125 0.029957203994293868 0.0673828125
0 0.11911554921540657 0.07421875 0.0442225392296719 0.091796875
0 0.09700427960057062 0.19775390625 0.037089871611982884 0.0751953125
0 0.12410841654778888 0.189453125 0.02282453637660485 0.060546875
0 0.12410841654778888 0.6044921875 0.034236804564907276 0.04296875
0 0.16761768901569188 0.7978515625 0.11269614835948645 0.099609375
0 0.16476462196861627 0.60498046875 0.015691868758915834 0.0439453125
0 0.17403708987161198 0.06298828125 0.02567760342368046 0.0615234375
0 0.19686162624821685 0.33349609375 0.028530670470756064 0.0732421875
0 0.19472182596291013 0.70458984375 0.024251069900142655 0.0361328125
0 0.23965763195435094 0.3251953125 0.05135520684736092 0.072265625
0 0.23537803138373753 0.70556640625 0.037089871611982884 0.0576171875
0 0.23252496433666192 0.06298828125 0.0912981455064194 0.0615234375
0 0.25891583452211125 0.4384765625 0.047075606276747506 0.029296875
0 0.28031383737517834 0.33349609375 0.02710413694721826 0.0732421875
0 0.2967189728958631 0.0556640625 0.037089871611982884 0.046875
0 0.3124108416547789 0.34130859375 0.028530670470756064 0.0927734375
0 0.3523537803138374 0.72998046875 0.11982881597717547 0.0888671875
0 0.3701854493580599 0.08349609375 0.02710413694721826 0.0810546875
0 0.43081312410841655 0.72509765625 0.03138373751783167 0.0595703125
0 0.42296718972895864 0.07373046875 0.07560627674750357 0.0673828125
0 0.5385164051355207 0.73046875 0.024251069900142655 0.0625
0 0.5306704707560628 0.05322265625 0.11126961483594865 0.0517578125
0 0.5691868758915835 0.71875 0.034236804564907276 0.05078125
0 0.587018544935806 0.3349609375 0.029957203994293868 0.08203125
0 0.5970042796005707 0.0703125 0.024251069900142655 0.083984375
0 0.6326676176890157 0.4287109375 0.05848787446504993 0.0625
0 0.651925820256776 0.33447265625 0.09985734664764623 0.0830078125
0 0.6754636233951498 0.42138671875 0.02710413694721826 0.0458984375
0 0.6897289586305279 0.732421875 0.02710413694721826 0.08203125
0 0.7189728958630528 0.724609375 0.028530670470756064 0.06640625
0 0.7524964336661912 0.33740234375 0.029957203994293868 0.0986328125
0 0.7553495007132668 0.58740234375 0.05563480741797432 0.0947265625
0 0.7731811697574893 0.72509765625 0.08559201141226819 0.0673828125
0 0.8002853067047075 0.337890625 0.06562054208273894 0.099609375
0 0.812410841654779 0.57421875 0.05848787446504993 0.08203125
0 0.8366619115549215 0.18017578125 0.029957203994293868 0.1005859375
0 0.8430813124108417 0.0380859375 0.02567760342368046 0.017578125
0 0.8723252496433667 0.0625 0.029957203994293868 0.068359375
0 0.8865905848787446 0.583984375 0.0898716119828816 0.091796875
0 0.8894436519258203 0.1767578125 0.07560627674750357 0.107421875
0 0.8787446504992867 0.72314453125 0.028530670470756064 0.0693359375
0 0.8637660485021398 0.33740234375 0.06419400855920114 0.0986328125
0 0.9015691868758916 0.04638671875 0.028530670470756064 0.0361328125
0 0.9115549215406562 0.32958984375 0.028530670470756064 0.0830078125
