0 0.15477888730385164 0.8623046875 0.03281027104136947 0.09765625
0 0.21041369472182597 0.88037109375 0.07560627674750357 0.1357421875
0 0.20042796005706134 0.2431640625 0.03566333808844508 0.0703125
0 0.224679029957204 0.10205078125 0.06990014265335236 0.1083984375
0 0.24821683309557777 0.232421875 0.05135520684736092 0.048828125
0 0.2760342368045649 0.09375 0.029957203994293868 0.08984375
0 0.2945791726105564 0.87158203125 0.0898716119828816 0.1181640625
0 0.33523537803138376 0.1103515625 0.08273894436519258 0.126953125
0 0.43152639087018546 0.87890625 0.03281027104136947 0.060546875
0 0.4950071326676177 0.88818359375 0.0912981455064194 0.0810546875
0 0.5720399429386591 0.09130859375 0.0456490727532097 0.0791015625
0 0.6077032810271041 0.08349609375 0.03138373751783167 0.0576171875
0 0.6711840228245364 0.10107421875 0.0898716119828816 0.0986328125
0 0.782453637660485 0.0947265625 0.0442225392296719 0.091796875
0 0.8609129814550642 0.10302734375 0.12125534950071327 0.1083984375
