0 0.09843081312410842 0.1298828125 0.08273894436519258 0.07421875
0 0.0905848787446505 0.353515625 0.06990014265335236 0.07421875
0 0.14907275320970043 0.33642578125 0.0442225392296719 0.0380859375
0 0.1369472182596291 0.51806640625 0.07703281027104138 0.1064453125
0 0.21255349500713266 0.08154296875 0.11126961483594865 0.0830078125
0 0.19329529243937232 0.53173828125 0.029957203994293868 0.1181640625
0 0.23537803138373753 0.51220703125 0.0456490727532097 0.0791015625
0 0.3152639087018545 0.14794921875 0.02567760342368046 0.0341796875
0 0.34522111269614836 0.1474609375 0.028530670470756064 0.03515625
0 0.37375178316690444 0.93359375 0.034236804564907276 0.078125
0 0.37089871611982883 0.06494140625 0.07703281027104138 0.0654296875
0 0.4144079885877318 0.50341796875 0.03281027104136947 0.0791015625
0 0.43081312410841655 0.93359375 0.07703281027104138 0.080078125
0 0.47218259629101283 0.06201171875 0.039942938659058486 0.0517578125
0 0.4942938659058488 0.93359375 0.047075606276747506 0.080078125
0 0.471469329529244 0.513671875 0.07560627674750357 0.099609375
0 0.5028530670470757 0.07080078125 0.024251069900142655 0.0673828125
0 0.5342368045649073 0.5048828125 0.047075606276747506 0.080078125
0 0.5320970042796006 0.0703125 0.02567760342368046 0.06640625
0 0.5677603423680456 0.07177734375 0.039942938659058486 0.0673828125
0 0.6383737517831669 0.06689453125 0.029957203994293868 0.0908203125
0 0.7011412268188303 0.0673828125 0.09272467902995721 0.091796875
0 0.7845934379457917 0.04443359375 0.028530670470756064 0.0341796875
0 0.8138373751783167 0.0693359375 0.029957203994293868 0.083984375
0 0.8609129814550642 0.060546875 0.06419400855920114 0.068359375
0 0.9144079885877319 0.06201171875 0.039942938659058486 0.0673828125
