0 0.10413694721825963 0.19970703125 0.028530670470756064 0.0732421875
0 0.10271041369472184 0.439453125 0.037089871611982884 0.046875
0 0.16262482168330955 0.2177734375 0.08273894436519258 0.109375
0 0.1355206847360913 0.08447265625 0.15977175463623394 0.1083984375
0 0.15406562054208275 0.90869140625 0.10841654778887304 0.1103515625
0 0.24607703281027105 0.3037109375 0.06419400855920114 0.068359375
0 0.2332382310984308 0.900390625 0.0442225392296719 0.072265625
0 0.2253922967189729 0.6767578125 0.15977175463623394 0.099609375
0 0.30028530670470754 0.3037109375 0.04136947218259629 0.06640625
0 0.4593437945791726 0.423828125 0.042796005706134094 0.029296875
0 0.514978601997147 0.67822265625 0.12268188302425108 0.0927734375
0 0.6911554921540657 0.17236328125 0.01283880171184023 0.0302734375
0 0.7182596291012839 0.171875 0.01283880171184023 0.029296875
0 0.6804564907275321 0.67138671875 0.14550641940085593 0.0986328125
0 0.7724679029957204 0.65869140625 0.02710413694721826 0.0537109375
0 0.8038516405135521 0.45654296875 0.02710413694721826 0.0830078125
0 0.8152639087018545 0.06591796875 0.029957203994293868 0.0595703125
0 0.8359486447931527 0.66015625 0.028530670470756064 0.056640625
0 0.8509272467902996 0.20458984375 0.14693295292439373 0.1103515625
0 0.8730385164051355 0.46435546875 0.10841654778887304 0.1005859375
0 0.8509272467902996 0.91796875 0.01283880171184023 0.029296875
0 0.8780313837375179 0.0751953125 0.0898716119828816 0.080078125
0 0.8873038516405136 0.6689453125 0.06847360912981455 0.07421875
0 0.87660485021398 0.91796875 0.01283880171184023 0.029296875
