0 0.07631954350927247 0.5751953125 0.024251069900142655 0.064453125
0 0.0905848787446505 0.32763671875 0.03566333808844508 0.0615234375
0 0.0920114122681883 0.9326171875 0.02710413694721826 0.06640625
0 0.12125534950071327 0.91650390625 0.02282453637660485 0.0341796875
0 0.11840228245363767 0.3271484375 0.02282453637660485 0.060546875
0 0.144793152639087 0.32666015625 0.024251069900142655 0.0595703125
0 0.14407988587731813 0.05029296875 0.02567760342368046 0.0400390625
0 0.1355206847360913 0.46142578125 0.1340941512125535 0.0673828125
0 0.14693295292439373 0.57421875 0.11126961483594865 0.068359375
0 0.1797432239657632 0.04931640625 0.03138373751783167 0.0400390625
0 0.2218259629101284 0.05908203125 0.047075606276747506 0.0615234375
0 0.23109843081312412 0.3271484375 0.034236804564907276 0.041015625
0 0.2667617689015692 0.3291015625 0.034236804564907276 0.04296875
0 0.29315263908701855 0.705078125 0.03851640513552069 0.046875
0 0.34022824536376606 0.71728515625 0.052781740370898715 0.0712890625
0 0.35021398002853066 0.07177734375 0.029957203994293868 0.0595703125
0 0.3666191155492154 0.3330078125 0.02282453637660485 0.037109375
0 0.4122681883024251 0.07080078125 0.0912981455064194 0.0595703125
0 0.3908701854493581 0.70556640625 0.05135520684736092 0.0478515625
0 0.5085592011412269 0.0419921875 0.021398002853067047 0.015625
0 0.5392296718972897 0.07373046875 0.028530670470756064 0.0830078125
0 0.5492154065620543 0.45361328125 0.02567760342368046 0.0751953125
0 0.5905848787446505 0.06591796875 0.07417974322396577 0.0654296875
0 0.5463623395149786 0.564453125 0.10271041369472184 0.10546875
0 0.5905848787446505 0.4462890625 0.05706134094151213 0.060546875
0 0.6390870185449358 0.05810546875 0.02567760342368046 0.0498046875
0 0.6997146932952925 0.71533203125 0.02710413694721826 0.0654296875
0 0.7047075606276748 0.45361328125 0.02282453637660485 0.0556640625
0 0.7211126961483595 0.33984375 0.03851640513552069 0.025390625
0 0.7296718972895864 0.92529296875 0.1355206847360913 0.0849609375
0 0.7261055634807418 0.07177734375 0.028530670470756064 0.0849609375
0 0.7524964336661912 0.7138671875 0.07560627674750357 0.064453125
0 0.7439372325249644 0.45458984375 0.0442225392296719 0.0556640625
0 0.7774607703281027 0.4453125 0.02567760342368046 0.03515625
0 0.7796005706134095 0.072265625 0.07560627674750357 0.08203125
0 0.8452211126961484 0.92138671875 0.024251069900142655 0.0732421875
0 0.8594864479315264 0.4541015625 0.047075606276747506 0.060546875
0 0.891583452211127 0.0673828125 0.08273894436519258 0.0625
0 0.855206847360913 0.72119140625 0.05848787446504993 0.0888671875
0 0.8930099857346648 0.92822265625 0.06847360912981455 0.0908203125
0 0.8958630527817404 0.4541015625 0.028530670470756064 0.05859375
0 0.9044222539229673 0.7138671875 0.037089871611982884 0.07421875
