0 0.14693295292439373 0.720703125 0.1312410841654779 0.025390625
0 0.11697574893009986 0.05712890625 0.02567760342368046 0.0498046875
0 0.17118402282453637 0.8837890625 0.20827389443651925 0.1171875
0 0.1276747503566334 0.33447265625 0.02710413694721826 0.0302734375
0 0.17118402282453637 0.07421875 0.07703281027104138 0.095703125
0 0.16975748930099857 0.35009765625 0.059914407988587735 0.0615234375
0 0.2838801711840228 0.4619140625 0.034236804564907276 0.0703125
0 0.33238231098430815 0.474609375 0.05135520684736092 0.09375
0 0.3601997146932953 0.1669921875 0.052781740370898715 0.068359375
0 0.3830242510699002 0.46240234375 0.052781740370898715 0.0693359375
0 0.398716119828816 0.16357421875 0.024251069900142655 0.0615234375
0 0.3666191155492154 0.73193359375 0.15406562054208275 0.0556640625
0 0.8780313837375179 0.8857421875 0.12125534950071327 0.109375
0 0.8373751783166905 0.4638671875 0.03138373751783167 0.06640625
0 0.8858773181169758 0.4638671875 0.05135520684736092 0.0703125
0 0.9286733238231099 0.46337890625 0.037089871611982884 0.0693359375
