0 0.08202567760342368 0.34619140625 0.015691868758915834 0.0166015625
0 0.14550641940085593 0.3857421875 0.09985734664764623 0.099609375
0 0.10342368045649072 0.75830078125 0.03566333808844508 0.0654296875
0 0.11911554921540657 0.5810546875 0.03281027104136947 0.076171875
0 0.14764621968616262 0.7578125 0.03566333808844508 0.068359375
0 0.1333808844507846 0.14599609375 0.0898716119828816 0.1181640625
0 0.16119828815977175 0.6005859375 0.04850213980028531 0.13671875
0 0.1768901569186876 0.59033203125 0.017118402282453638 0.0126953125
0 0.19044222539229672 0.14697265625 0.029957203994293868 0.1181640625
0 0.19757489300998574 0.609375 0.03281027104136947 0.13671875
0 0.23894436519258203 0.59912109375 0.047075606276747506 0.1181640625
0 0.39514978601997147 0.5966796875 0.03138373751783167 0.078125
0 0.442225392296719 0.5927734375 0.05420827389443652 0.07421875
0 0.5399429386590585 0.4248046875 0.05563480741797432 0.052734375
0 0.5306704707560628 0.59228515625 0.05706134094151213 0.0322265625
0 0.7910128388017119 0.72314453125 0.02710413694721826 0.0595703125
0 0.8052781740370899 0.21240234375 0.02710413694721826 0.0966796875
0 0.8302425106990015 0.74267578125 0.039942938659058486 0.0986328125
0 0.833808844507846 0.19677734375 0.02710413694721826 0.0634765625
0 0.8673323823109843 0.08447265625 0.11126961483594865 0.0830078125
0 0.8416547788873039 0.58837890625 0.20256776034236806 0.1201171875
0 0.8887303851640513 0.74072265625 0.08273894436519258 0.0947265625
0 0.8873038516405136 0.2119140625 0.07703281027104138 0.099609375
