0 0.10485021398002853 0.4287109375 0.06990014265335236 0.0546875
0 0.1333808844507846 0.81982421875 0.0442225392296719 0.0302734375
0 0.1369472182596291 0.05810546875 0.034236804564907276 0.0439453125
0 0.15691868758915836 0.4296875 0.03138373751783167 0.0546875
0 0.16405135520684735 0.236328125 0.028530670470756064 0.01953125
0 0.1776034236804565 0.05810546875 0.015691868758915834 0.0439453125
0 0.19971469329529246 0.25390625 0.037089871611982884 0.056640625
0 0.19757489300998574 0.73388671875 0.029957203994293868 0.0537109375
0 0.2203994293865906 0.236328125 0.009985734664764621 0.0078125
0 0.23609129814550642 0.40869140625 0.02710413694721826 0.0458984375
0 0.2296718972895863 0.7421875 0.028530670470756064 0.06640625
0 0.268188302425107 0.73388671875 0.042796005706134094 0.0556640625
0 0.3024251069900143 0.73388671875 0.028530670470756064 0.0537109375
0 0.30028530670470754 0.43115234375 0.10128388017118403 0.0908203125
0 0.3338088445078459 0.73388671875 0.02282453637660485 0.0537109375
0 0.42296718972895864 0.75048828125 0.029957203994293868 0.0908203125
0 0.4222539229671897 0.8857421875 0.03138373751783167 0.08984375
0 0.41084165477888734 0.42626953125 0.06562054208273894 0.0849609375
0 0.45506419400855924 0.88623046875 0.03138373751783167 0.0908203125
0 0.47503566333808844 0.7509765625 0.07132667617689016 0.091796875
0 0.4643366619115549 0.4169921875 0.04136947218259629 0.06640625
0 0.4871611982881598 0.85888671875 0.029957203994293868 0.0380859375
0 0.5399429386590585 0.41357421875 0.02710413694721826 0.0283203125
0 0.5670470756062768 0.41357421875 0.02710413694721826 0.0283203125
0 0.5898716119828816 0.17919921875 0.029957203994293868 0.0380859375
0 0.6283880171184023 0.17919921875 0.0442225392296719 0.0400390625
0 0.7838801711840229 0.6259765625 0.03851640513552069 0.02734375
0 0.7817403708987162 0.43701171875 0.034236804564907276 0.0283203125
0 0.797432239657632 0.55224609375 0.028530670470756064 0.0537109375
0 0.7960057061340942 0.05419921875 0.034236804564907276 0.0458984375
0 0.8166904422253923 0.41748046875 0.03851640513552069 0.0908203125
0 0.8309557774607703 0.71630859375 0.024251069900142655 0.0205078125
0 0.8359486447931527 0.05322265625 0.037089871611982884 0.0458984375
0 0.8573466476462197 0.39599609375 0.037089871611982884 0.0478515625
0 0.8473609129814551 0.873046875 0.14835948644793154 0.14453125
0 0.855206847360913 0.5791015625 0.08131241084165478 0.109375
0 0.8666191155492154 0.73583984375 0.03281027104136947 0.0615234375
0 0.8887303851640513 0.53466796875 0.014265335235378032 0.0224609375
0 0.9022824536376605 0.72607421875 0.009985734664764621 0.0439453125
0 0.905848787446505 0.41796875 0.05135520684736092 0.091796875
0 0.9087018544935807 0.5625 0.02567760342368046 0.0703125
