0 0.05135520684736092 0.83203125 0.028530670470756064 0.068359375
0 0.0877318116975749 0.52880859375 0.029957203994293868 0.0732421875
0 0.09771754636233952 0.83984375 0.01283880171184023 0.01171875
0 0.12125534950071327 0.5380859375 0.028530670470756064 0.08984375
0 0.14265335235378032 0.70751953125 0.02567760342368046 0.0673828125
0 0.12125534950071327 0.84814453125 0.11126961483594865 0.1005859375
0 0.15905848787446505 0.53759765625 0.04136947218259629 0.0908203125
0 0.11840228245363767 0.2919921875 0.12268188302425108 0.07421875
0 0.17403708987161198 0.7158203125 0.02567760342368046 0.083984375
0 0.19900142653352354 0.53857421875 0.0442225392296719 0.0927734375
0 0.19828815977175465 0.2705078125 0.037089871611982884 0.03125
0 0.21968616262482168 0.72216796875 0.06562054208273894 0.1025390625
0 0.268188302425107 0.7080078125 0.028530670470756064 0.06640625
0 0.19686162624821685 0.06689453125 0.1825962910128388 0.0673828125
0 0.2967189728958631 0.72412109375 0.028530670470756064 0.0986328125
0 0.34736091298145505 0.05859375 0.024251069900142655 0.044921875
0 0.4015691868758916 0.689453125 0.018544935805991442 0.017578125
0 0.39015691868758917 0.0732421875 0.05848787446504993 0.07421875
0 0.42867332382310985 0.7197265625 0.02710413694721826 0.07421875
0 0.47004279600570614 0.06689453125 0.10128388017118403 0.0751953125
0 0.46005706134094154 0.72021484375 0.03566333808844508 0.0751953125
0 0.4871611982881598 0.69775390625 0.024251069900142655 0.0302734375
0 0.6262482168330956 0.68701171875 0.019971469329529243 0.0146484375
0 0.651925820256776 0.708984375 0.02282453637660485 0.060546875
0 0.6590584878744651 0.0732421875 0.028530670470756064 0.099609375
0 0.7161198288159772 0.70849609375 0.09985734664764623 0.0615234375
0 0.6875891583452212 0.07373046875 0.02567760342368046 0.0986328125
0 0.7225392296718973 0.0576171875 0.04136947218259629 0.068359375
0 0.7560627674750356 0.5791015625 0.039942938659058486 0.078125
0 0.8223965763195435 0.4658203125 0.06419400855920114 0.099609375
0 0.8273894436519258 0.70947265625 0.02567760342368046 0.0458984375
0 0.8388017118402282 0.0732421875 0.028530670470756064 0.0703125
0 0.8937232524964337 0.46533203125 0.07845934379457918 0.1005859375
0 0.8858773181169758 0.07568359375 0.05135520684736092 0.0693359375
0 0.869472182596291 0.708984375 0.05848787446504993 0.046875
0 0.9122681883024252 0.708984375 0.02710413694721826 0.046875
