0 0.11269614835948645 0.90380859375 0.028530670470756064 0.0224609375
0 0.15121255349500715 0.90380859375 0.028530670470756064 0.0224609375
0 0.19258202567760344 0.90283203125 0.028530670470756064 0.0263671875
0 0.20542082738944367 0.4833984375 0.09700427960057062 0.01953125
0 0.17403708987161198 0.64453125 0.1369472182596291 0.0625
0 0.2268188302425107 0.90380859375 0.028530670470756064 0.0224609375
0 0.25606276747503565 0.904296875 0.01283880171184023 0.0234375
0 0.2582025677603424 0.6357421875 0.03138373751783167 0.0234375
0 0.2717546362339515 0.90380859375 0.021398002853067047 0.0244140625
0 0.38873038516405134 0.859375 0.1355206847360913 0.099609375
0 0.39514978601997147 0.68359375 0.16547788873038516 0.10546875
0 0.405848787446505 0.52880859375 0.03566333808844508 0.0986328125
0 0.39514978601997147 0.9658203125 0.05420827389443652 0.015625
0 0.4586305278174037 0.9658203125 0.07275320970042796 0.015625
0 0.46861626248216837 0.51171875 0.0898716119828816 0.06640625
0 0.5206847360912982 0.50634765625 0.02282453637660485 0.0537109375
0 0.550641940085592 0.4775390625 0.028530670470756064 0.068359375
0 0.5863052781740371 0.462890625 0.039942938659058486 0.037109375
0 0.6319543509272468 0.10693359375 0.039942938659058486 0.0986328125
0 0.6626248216833096 0.0986328125 0.029957203994293868 0.083984375
0 0.6918687589158345 0.1064453125 0.03138373751783167 0.099609375
0 0.7268188302425107 0.0908203125 0.04136947218259629 0.068359375
0 0.8366619115549215 0.09521484375 0.029957203994293868 0.0771484375
0 0.8922967189728959 0.10546875 0.07560627674750357 0.1015625
0 0.8737517831669045 0.66455078125 0.029957203994293868 0.0888671875
0 0.9315263908701855 0.6572265625 0.08273894436519258 0.076171875
