0 0.07560627674750357 0.36474609375 0.02567760342368046 0.0634765625
0 0.08273894436519258 0.048828125 0.02567760342368046 0.015625
0 0.10627674750356633 0.35595703125 0.02710413694721826 0.0498046875
0 0.10912981455064194 0.0625 0.02710413694721826 0.044921875
0 0.11412268188302425 0.8193359375 0.028530670470756064 0.041015625
0 0.1348074179743224 0.0712890625 0.024251069900142655 0.056640625
0 0.14122681883024252 0.3720703125 0.039942938659058486 0.08203125
0 0.1825962910128388 0.734375 0.014265335235378032 0.015625
0 0.20970042796005706 0.763671875 0.02567760342368046 0.07421875
0 0.2296718972895863 0.6533203125 0.02567760342368046 0.046875
0 0.2574893009985735 0.7626953125 0.06990014265335236 0.076171875
0 0.25606276747503565 0.654296875 0.01283880171184023 0.048828125
0 0.2845934379457917 0.65478515625 0.02710413694721826 0.0478515625
0 0.37731811697574896 0.7509765625 0.02710413694721826 0.060546875
0 0.4029957203994294 0.7578125 0.02710413694721826 0.076171875
0 0.5620542082738944 0.92529296875 0.02282453637660485 0.0595703125
0 0.5848787446504993 0.3583984375 0.02567760342368046 0.04296875
0 0.5884450784593438 0.93408203125 0.024251069900142655 0.0712890625
0 0.6119828815977175 0.3642578125 0.02567760342368046 0.060546875
0 0.6512125534950072 0.939453125 0.10128388017118403 0.08984375
0 0.7047075606276748 0.0625 0.06276747503566334 0.068359375
0 0.6697574893009985 0.36376953125 0.0898716119828816 0.0615234375
0 0.7339514978601998 0.83349609375 0.02710413694721826 0.1748046875
0 0.768188302425107 0.8330078125 0.029957203994293868 0.17578125
0 0.804564907275321 0.814453125 0.03138373751783167 0.13671875
0 0.8352353780313838 0.048828125 0.009985734664764621 0.041015625
0 0.8459343794579173 0.37939453125 0.07417974322396577 0.0615234375
0 0.8466476462196861 0.84326171875 0.047075606276747506 0.1943359375
0 0.8815977175463624 0.83447265625 0.03138373751783167 0.1728515625
0 0.8737517831669045 0.0576171875 0.0442225392296719 0.056640625
0 0.8901569186875892 0.36083984375 0.017118402282453638 0.0126953125
0 0.9179743223965764 0.8427734375 0.029957203994293868 0.1953125
