0 0.10912981455064194 0.91796875 0.03281027104136947 0.06640625
0 0.12553495007132667 0.060546875 0.02282453637660485 0.017578125
0 0.1840228245363766 0.08642578125 0.08273894436519258 0.0732421875
0 0.1783166904422254 0.92626953125 0.11126961483594865 0.0830078125
0 0.16405135520684735 0.65185546875 0.1369472182596291 0.0986328125
0 0.24750356633380885 0.64453125 0.02710413694721826 0.064453125
0 0.3566333808844508 0.6572265625 0.08273894436519258 0.07421875
0 0.3537803138373752 0.0791015625 0.09985734664764623 0.1015625
0 0.4607703281027104 0.64697265625 0.028530670470756064 0.0830078125
0 0.46291012838801715 0.05078125 0.021398002853067047 0.033203125
0 0.507132667617689 0.6474609375 0.06419400855920114 0.083984375
0 0.4921540656205421 0.07470703125 0.028530670470756064 0.0830078125
0 0.5106990014265336 0.04248046875 0.014265335235378032 0.0107421875
0 0.5278174037089872 0.07470703125 0.02567760342368046 0.0810546875
0 0.5634807417974322 0.05078125 0.039942938659058486 0.037109375
0 0.6176890156918687 0.64013671875 0.028530670470756064 0.0654296875
0 0.6804564907275321 0.06787109375 0.028530670470756064 0.0712890625
0 0.6647646219686163 0.65234375 0.06562054208273894 0.091796875
0 0.7118402282453637 0.6279296875 0.028530670470756064 0.056640625
0 0.7182596291012839 0.068359375 0.04136947218259629 0.08984375
0 0.7417974322396577 0.640625 0.02567760342368046 0.06640625
0 0.7532097004279601 0.05859375 0.05420827389443652 0.056640625
0 0.7710413694721826 0.64013671875 0.02710413694721826 0.0654296875
0 0.8017118402282454 0.6318359375 0.02567760342368046 0.048828125
0 0.8288159771754636 0.041015625 0.02282453637660485 0.017578125
0 0.8815977175463624 0.6318359375 0.011412268188302425 0.037109375
0 0.8823109843081313 0.06640625 0.06990014265335236 0.072265625
0 0.9201141226818831 0.64013671875 0.042796005706134094 0.0556640625
0 0.9336661911554922 0.0654296875 0.03281027104136947 0.0703125
