0 0.03866666666666667 0.1322992700729927 0.013333333333333332 0.009124087591240875
0 0.052 0.05930656934306569 0.013333333333333332 0.009124087591240875
0 0.06533333333333333 0.145985401459854 0.013333333333333332 0.010948905109489052
0 0.07866666666666666 0.16514598540145986 0.013333333333333332 0.012773722627737226
0 0.11333333333333333 0.1614963503649635 0.013333333333333332 0.009124087591240875
0 0.11466666666666667 0.08485401459854014 0.03733333333333333 0.08941605839416059
0 0.148 0.4489051094890511 0.16799999999999998 0.10583941605839416
0 0.14266666666666666 0.6742700729927007 0.013333333333333332 0.009124087591240875
0 0.14933333333333332 0.8403284671532847 0.13333333333333333 0.25364963503649635
0 0.15333333333333332 0.07664233576642336 0.04533333333333333 0.07664233576642336
0 0.19466666666666665 0.541970802919708 0.016 0.029197080291970802
0 0.16 0.2408759124087591 0.13333333333333333 0.072992700729927
0 0.21733333333333332 0.5483576642335766 0.029333333333333333 0.041970802919708027
0 0.22266666666666665 0.6925182481751825 0.013333333333333332 0.009124087591240875
0 0.26 0.48996350364963503 0.013333333333333332 0.009124087591240875
0 0.2813333333333333 0.5355839416058394 0.013333333333333332 0.009124087591240875
0 0.284 0.9534671532846715 0.013333333333333332 0.009124087591240875
0 0.2866666666666667 0.9534671532846715 0.013333333333333332 0.009124087591240875
0 0.292 0.48813868613138683 0.013333333333333332 0.009124087591240875
0 0.3293333333333333 0.29014598540145986 0.12 0.1386861313868613
0 0.30533333333333335 0.9662408759124087 0.013333333333333332 0.009124087591240875
0 0.33466666666666667 0.5994525547445255 0.013333333333333332 0.009124087591240875
0 0.3453333333333333 0.958941605839416 0.013333333333333332 0.009124087591240875
0 0.39199999999999996 0.22992700729927007 0.021333333333333333 0.010948905109489052
0 0.416 0.42883211678832117 0.06933333333333333 0.08759124087591241
0 0.412 0.2490875912408759 0.013333333333333332 0.009124087591240875
0 0.412 0.7016423357664233 0.013333333333333332 0.009124087591240875
0 0.43066666666666664 0.3512773722627737 0.013333333333333332 0.009124087591240875
0 0.43066666666666664 0.5647810218978102 0.013333333333333332 0.009124087591240875
0 0.4653333333333333 0.12135036496350364 0.013333333333333332 0.009124087591240875
0 0.4706666666666667 0.40602189781021897 0.04533333333333333 0.03832116788321168
0 0.476 0.8695255474452555 0.013333333333333332 0.009124087591240875
0 0.5373333333333333 0.2354014598540146 0.034666666666666665 0.040145985401459854
0 0.5453333333333333 0.2947080291970803 0.013333333333333332 0.009124087591240875
0 0.5559999999999999 0.6578467153284672 0.013333333333333332 0.009124087591240875
0 0.5586666666666666 0.4352189781021898 0.104 0.10401459854014598
0 0.5613333333333334 0.11952554744525547 0.013333333333333332 0.009124087591240875
0 0.564 0.30200729927007297 0.013333333333333332 0.009124087591240875
0 0.5826666666666667 0.6651459854014599 0.013333333333333332 0.009124087591240875
0 0.588 0.8549270072992701 0.013333333333333332 0.009124087591240875
0 0.6093333333333333 0.7308394160583941 0.013333333333333332 0.009124087591240875
0 0.6306666666666666 0.29288321167883213 0.013333333333333332 0.009124087591240875
0 0.6306666666666666 0.42700729927007297 0.04533333333333333 0.08759124087591241
0 0.652 0.823905109489051 0.013333333333333332 0.009124087591240875
0 0.6546666666666666 0.9224452554744526 0.013333333333333332 0.009124087591240875
0 0.6773333333333333 0.4708029197080292 0.016 0.010948905109489052
0 0.6839999999999999 0.6760948905109488 0.013333333333333332 0.009124087591240875
0 0.6666666666666666 0.07846715328467153 0.06933333333333333 0.10218978102189781
0 0.692 0.7782846715328466 0.013333333333333332 0.009124087591240875
0 0.696 0.43430656934306566 0.032 0.08759124087591241
0 0.704 0.27645985401459855 0.096 0.10766423357664233
0 0.7133333333333333 0.5793795620437956 0.013333333333333332 0.009124087591240875
0 0.7213333333333333 0.06295620437956204 0.04533333333333333 0.08576642335766423
0 0.7373333333333333 0.7901459854014599 0.013333333333333332 0.010948905109489052
0 0.756 0.011861313868613138 0.013333333333333332 0.009124087591240875
0 0.756 0.9826642335766423 0.013333333333333332 0.009124087591240875
0 0.7613333333333333 0.2636861313868613 0.029333333333333333 0.07481751824817517
0 0.768 0.4260948905109489 0.11733333333333333 0.07116788321167883
0 0.8173333333333334 0.5647810218978102 0.013333333333333332 0.009124087591240875
0 0.8413333333333333 0.5702554744525548 0.013333333333333332 0.009124087591240875
0 0.8626666666666667 0.5027372262773723 0.013333333333333332 0.009124087591240875
0 0.8866666666666666 0.44434306569343063 0.013333333333333332 0.009124087591240875
0 0.8853333333333333 0.5018248175182481 0.021333333333333333 0.014598540145985401
0 0.9133333333333333 0.8841240875912408 0.104 0.08211678832116788
0 0.9146666666666666 0.05291970802919708 0.09066666666666666 0.051094890510948905
0 0.9426666666666667 0.750912408759124 0.013333333333333332 0.009124087591240875
