0 0.09528487229862474 0.121875 0.10412573673870333 0.058750000000000004
0 0.10314341846758349 0.416875 0.10412573673870333 0.058750000000000004
0 0.11689587426326128 0.52625 0.11198428290766207 0.06
0 0.09233791748526522 0.73 0.12573673870333987 0.08750000000000001
0 0.11100196463654223 0.28875 0.11591355599214144 0.07
0 0.10412573673870333 0.873125 0.11787819253438113 0.05375
0 0.21905697445972494 0.52 0.03339882121807465 0.025
0 0.31335952848722987 0.923125 0.11198428290766207 0.05625
0 0.3035363457760314 0.625 0.174852652259332 0.05
0 0.3781925343811395 0.16 0.10412573673870333 0.0575
0 0.3172888015717092 0.32625 0.22593320235756384 0.0525
0 0.38703339882121807 0.52125 0.08251473477406679 0.065
0 0.3703339882121807 0.738125 0.1355599214145383 0.05375
0 0.5333988212180746 0.740625 0.10412573673870333 0.058750000000000004
0 0.5363457760314342 0.11875000000000001 0.11787819253438113 0.065
0 0.5599214145383103 0.43062500000000004 0.10609037328094302 0.058750000000000004
0 0.5451866404715128 0.23875000000000002 0.0805500982318271 0.10250000000000001
0 0.5717092337917485 0.896875 0.12966601178781925 0.07375
0 0.5609037328094302 0.59125 0.12377210216110018 0.075
0 0.6591355599214145 0.72 0.10019646365422397 0.02
0 0.7111984282907662 0.641875 0.023575638506876224 0.02375
0 0.7662082514734774 0.314375 0.22396856581532415 0.043750000000000004
0 0.7927308447937131 0.9225 0.19449901768172886 0.0575
0 0.7917485265225933 0.631875 0.14145383104125736 0.043750000000000004
0 0.8722986247544203 0.151875 0.08644400785854617 0.10375000000000001
0 0.8673870333988212 0.7525000000000001 0.11984282907662082 0.065
0 0.8605108055009822 0.449375 0.12573673870333987 0.08375
