0 0.1335952848722986 0.4575 0.07465618860510805 0.02
0 0.12475442043222003 0.16875 0.11198428290766207 0.0575
0 0.1473477406679764 0.7075 0.09823182711198428 0.095
0 0.12377210216110018 0.29125 0.0943025540275049 0.08
0 0.174852652259332 0.9187500000000001 0.09037328094302553 0.0425
0 0.27406679764243613 0.15 0.09233791748526522 0.0575
0 0.2730844793713163 0.45 0.16895874263261296 0.0625
0 0.3153241650294695 0.701875 0.09626719056974459 0.05625
0 0.3192534381139489 0.5525 0.10412573673870333 0.05
0 0.43713163064833005 0.203125 0.14341846758349705 0.10125
0 0.46758349705304514 0.69875 0.09823182711198428 0.0975
0 0.48821218074656186 0.46625 0.15520628683693516 0.0425
0 0.6257367387033398 0.7025 0.09233791748526522 0.0775
0 0.7612966601178781 0.88375 0.06876227897838899 0.0175
0 0.7927308447937131 0.834375 0.01768172888015717 0.01875
0 0.8163064833005893 0.701875 0.12770137524557956 0.05375
0 0.8320235756385068 0.8250000000000001 0.06483300589390963 0.0375
0 0.8457760314341846 0.46125 0.11198428290766207 0.0775
0 0.8359528487229861 0.186875 0.13948919449901767 0.08125
0 0.8919449901768173 0.8931250000000001 0.07072691552062868 0.01875
