0 0.11591355599214144 0.346875 0.0943025540275049 0.03375
0 0.16601178781925344 0.7887500000000001 0.10412573673870333 0.075
0 0.11984282907662082 0.255625 0.0943025540275049 0.043750000000000004
0 0.17092337917485265 0.52 0.14538310412573674 0.085
0 0.21021611001964635 0.1375 0.10609037328094302 0.0525
0 0.35265225933202354 0.7875 0.11198428290766207 0.0625
0 0.45383104125736734 0.68 0.19253438113948917 0.045
0 0.38212180746561886 0.2 0.13163064833005894 0.1475
0 0.5913555992141454 0.48 0.07858546168958742 0.07
0 0.6178781925343811 0.359375 0.11984282907662082 0.03125
0 0.793713163064833 0.67375 0.0943025540275049 0.0625
0 0.8084479371316305 0.8143750000000001 0.11591355599214144 0.12375
0 0.8045186640471512 0.48375 0.10019646365422397 0.065
0 0.8526522593320235 0.18375 0.15324165029469547 0.065
0 0.8664047151277013 0.305 0.07465618860510805 0.03
