0 0.10057061340941513 0.08837890625 0.0442225392296719 0.0791015625
0 0.09771754636233952 0.9423828125 0.029957203994293868 0.052734375
0 0.11340941512125535 0.4609375 0.029957203994293868 0.07421875
0 0.1276747503566334 0.94287109375 0.029957203994293868 0.0517578125
0 0.15977175463623394 0.78564453125 0.15406562054208275 0.0771484375
0 0.16476462196861627 0.1171875 0.0898716119828816 0.138671875
0 0.144793152639087 0.34619140625 0.03281027104136947 0.0810546875
0 0.15121255349500715 0.451171875 0.042796005706134094 0.056640625
0 0.18830242510699002 0.3359375 0.04850213980028531 0.060546875
0 0.20613409415121256 0.92724609375 0.024251069900142655 0.0302734375
0 0.2232524964336662 0.09765625 0.03281027104136947 0.09765625
0 0.2332382310984308 0.94091796875 0.024251069900142655 0.0595703125
0 0.29743223965763194 0.94189453125 0.10128388017118403 0.0615234375
0 0.28815977175463625 0.3427734375 0.03138373751783167 0.072265625
0 0.3209700427960057 0.3427734375 0.03138373751783167 0.072265625
0 0.3587731811697575 0.33642578125 0.0442225392296719 0.0615234375
0 0.39443651925820256 0.900390625 0.021398002853067047 0.041015625
0 0.4194008559201141 0.8994140625 0.019971469329529243 0.0390625
0 0.43509272467903 0.8125 0.0912981455064194 0.0625
0 0.4465049928673324 0.88720703125 0.034236804564907276 0.0166015625
0 0.4935805991440799 0.81298828125 0.02567760342368046 0.0615234375
0 0.7639087018544936 0.095703125 0.029957203994293868 0.107421875
0 0.761055634807418 0.763671875 0.021398002853067047 0.015625
0 0.7831669044222539 0.1044921875 0.017118402282453638 0.021484375
0 0.7874465049928674 0.79248046875 0.02567760342368046 0.0751953125
0 0.8081312410841655 0.634765625 0.02710413694721826 0.05078125
0 0.8024251069900142 0.10546875 0.02710413694721826 0.123046875
0 0.8587731811697575 0.5009765625 0.1340941512125535 0.099609375
0 0.8095577746077033 0.33056640625 0.02710413694721826 0.0341796875
0 0.840941512125535 0.05908203125 0.0442225392296719 0.0380859375
0 0.8373751783166905 0.634765625 0.028530670470756064 0.05078125
0 0.8295292439372326 0.78125 0.05848787446504993 0.06640625
0 0.8673323823109843 0.6181640625 0.02567760342368046 0.017578125
0 0.8880171184022825 0.79248046875 0.05848787446504993 0.0888671875
0 0.8972895863052782 0.64306640625 0.028530670470756064 0.0673828125
0 0.8737517831669045 0.36181640625 0.09843081312410842 0.0986328125
