0 0.008 0.9552919708029197 0.016 0.012773722627737226
0 0.08933333333333333 0.8987226277372262 0.013333333333333332 0.009124087591240875
0 0.09866666666666667 0.5684306569343065 0.112 0.07846715328467153
0 0.13999999999999999 0.31113138686131386 0.013333333333333332 0.009124087591240875
0 0.172 0.9443430656934306 0.013333333333333332 0.009124087591240875
0 0.19866666666666666 0.8822992700729927 0.013333333333333332 0.009124087591240875
0 0.16133333333333333 0.06478102189781022 0.10933333333333332 0.06021897810218978
0 0.19866666666666666 0.4333941605839416 0.104 0.08576642335766423
0 0.20666666666666667 0.8777372262773723 0.013333333333333332 0.010948905109489052
0 0.21466666666666667 0.23813868613138686 0.013333333333333332 0.009124087591240875
0 0.22 0.5593065693430657 0.013333333333333332 0.009124087591240875
0 0.2573333333333333 0.07390510948905109 0.08266666666666667 0.07846715328467153
0 0.25866666666666666 0.5547445255474452 0.06933333333333333 0.0364963503649635
0 0.2573333333333333 0.6578467153284672 0.013333333333333332 0.009124087591240875
0 0.2733333333333333 0.6614963503649635 0.013333333333333332 0.009124087591240875
0 0.27599999999999997 0.7436131386861313 0.04533333333333333 0.023722627737226276
0 0.31866666666666665 0.7682481751824817 0.04 0.06569343065693431
0 0.33466666666666667 0.4233576642335766 0.029333333333333333 0.06934306569343066
0 0.38666666666666666 0.41605839416058393 0.08 0.05474452554744525
0 0.39599999999999996 0.3403284671532847 0.013333333333333332 0.009124087591240875
0 0.4613333333333333 0.08029197080291971 0.16533333333333333 0.10218978102189781
0 0.39599999999999996 0.6204379562043796 0.018666666666666665 0.010948905109489052
0 0.3933333333333333 0.8102189781021898 0.024 0.014598540145985401
0 0.4093333333333333 0.2527372262773723 0.013333333333333332 0.009124087591240875
0 0.44666666666666666 0.531934306569343 0.013333333333333332 0.009124087591240875
0 0.47866666666666663 0.2563868613138686 0.013333333333333332 0.009124087591240875
0 0.47733333333333333 0.6624087591240876 0.016 0.01824817518248175
0 0.484 0.9790145985401459 0.013333333333333332 0.009124087591240875
0 0.492 0.2983576642335766 0.013333333333333332 0.009124087591240875
0 0.49066666666666664 0.42974452554744524 0.032 0.08576642335766423
0 0.492 0.9571167883211679 0.013333333333333332 0.009124087591240875
0 0.49466666666666664 0.19981751824817517 0.013333333333333332 0.009124087591240875
0 0.5186666666666666 0.5602189781021898 0.013333333333333332 0.01824817518248175
0 0.5213333333333333 0.7235401459854014 0.013333333333333332 0.009124087591240875
0 0.5346666666666666 0.5556569343065694 0.013333333333333332 0.009124087591240875
0 0.5506666666666666 0.7472627737226277 0.04533333333333333 0.023722627737226276
0 0.5439999999999999 0.42062043795620435 0.08 0.07116788321167883
0 0.5626666666666666 0.20985401459854014 0.016 0.014598540145985401
0 0.6 0.7700729927007299 0.058666666666666666 0.072992700729927
0 0.6186666666666667 0.049270072992700725 0.032 0.021897810218978103
0 0.6413333333333333 0.4032846715328467 0.029333333333333333 0.021897810218978103
0 0.652 0.08394160583941605 0.034666666666666665 0.09124087591240876
0 0.6493333333333333 0.16332116788321166 0.013333333333333332 0.009124087591240875
0 0.6653333333333333 0.9735401459854014 0.013333333333333332 0.009124087591240875
0 0.7 0.42883211678832117 0.088 0.07664233576642336
0 0.7106666666666667 0.3239051094890511 0.013333333333333332 0.009124087591240875
0 0.7106666666666667 0.08394160583941605 0.088 0.0948905109489051
0 0.7293333333333333 0.8622262773722628 0.013333333333333332 0.009124087591240875
0 0.756 0.9863138686131386 0.013333333333333332 0.009124087591240875
0 0.7853333333333333 0.21076642335766424 0.013333333333333332 0.009124087591240875
0 0.7986666666666666 0.916970802919708 0.018666666666666665 0.020072992700729927
0 0.8119999999999999 0.3010948905109489 0.013333333333333332 0.010948905109489052
0 0.848 0.07937956204379562 0.09066666666666666 0.09306569343065693
0 0.8226666666666667 0.666970802919708 0.013333333333333332 0.009124087591240875
0 0.8666666666666666 0.4324817518248175 0.11733333333333333 0.08759124087591241
0 0.8413333333333333 0.9370437956204379 0.013333333333333332 0.009124087591240875
0 0.844 0.9370437956204379 0.013333333333333332 0.009124087591240875
0 0.8666666666666666 0.8914233576642335 0.032 0.03467153284671533
0 0.876 0.5748175182481752 0.06133333333333333 0.10583941605839416
0 0.8706666666666666 0.7582116788321167 0.034666666666666665 0.03467153284671533
0 0.8893333333333333 0.21076642335766424 0.013333333333333332 0.009124087591240875
0 0.9159999999999999 0.5383211678832117 0.018666666666666665 0.032846715328467155
0 0.9266666666666666 0.4863138686131387 0.013333333333333332 0.009124087591240875
