0 0.11689587426326128 0.7518750000000001 0.07662082514734773 0.051250000000000004
0 0.12475442043222003 0.5425 0.10412573673870333 0.0225
0 0.16404715127701375 0.32875 0.11591355599214144 0.045
0 0.20530451866404714 0.18812500000000001 0.174852652259332 0.07375
0 0.2829076620825147 0.7518750000000001 0.10216110019646364 0.051250000000000004
0 0.3703339882121807 0.33125 0.09233791748526522 0.0825
0 0.38212180746561886 0.543125 0.14341846758349705 0.058750000000000004
0 0.45972495088408644 0.756875 0.1335952848722986 0.06875
0 0.7671905697445972 0.761875 0.31630648330058936 0.06625
0 0.7730844793713163 0.5925 0.13948919449901767 0.08
0 0.8290766208251473 0.413125 0.1335952848722986 0.07125000000000001
0 0.8605108055009822 0.299375 0.13752455795677798 0.07875
0 0.8673870333988212 0.17 0.10019646365422397 0.075
