0 0.017333333333333333 0.40419708029197077 0.013333333333333332 0.009124087591240875
0 0.032 0.15145985401459852 0.021333333333333333 0.01824817518248175
0 0.044 0.10492700729927007 0.013333333333333332 0.009124087591240875
0 0.05466666666666666 0.3677007299270073 0.013333333333333332 0.009124087591240875
0 0.06266666666666666 0.17791970802919707 0.013333333333333332 0.009124087591240875
0 0.08666666666666667 0.6870437956204379 0.013333333333333332 0.009124087591240875
0 0.08933333333333333 0.45529197080291967 0.013333333333333332 0.009124087591240875
0 0.092 0.3284671532846715 0.034666666666666665 0.0948905109489051
0 0.12666666666666665 0.03923357664233577 0.034666666666666665 0.05656934306569343
0 0.12933333333333333 0.5556569343065694 0.013333333333333332 0.009124087591240875
0 0.144 0.3302919708029197 0.07466666666666666 0.09854014598540145
0 0.13733333333333334 0.4534671532846715 0.013333333333333332 0.009124087591240875
0 0.13866666666666666 0.5629562043795621 0.016 0.023722627737226276
0 0.15733333333333333 0.040145985401459854 0.032 0.058394160583941604
0 0.172 0.479014598540146 0.013333333333333332 0.009124087591240875
0 0.19333333333333333 0.750912408759124 0.013333333333333332 0.009124087591240875
0 0.19333333333333333 0.8841240875912408 0.013333333333333332 0.009124087591240875
0 0.20266666666666666 0.31204379562043794 0.048 0.06204379562043796
0 0.23866666666666667 0.7198905109489051 0.050666666666666665 0.06021897810218978
0 0.25066666666666665 0.07755474452554745 0.03733333333333333 0.07846715328467153
0 0.2573333333333333 0.4908759124087591 0.013333333333333332 0.010948905109489052
0 0.27066666666666667 0.3968978102189781 0.013333333333333332 0.009124087591240875
0 0.27066666666666667 0.48266423357664234 0.013333333333333332 0.009124087591240875
0 0.30533333333333335 0.09580291970802919 0.08266666666666667 0.11131386861313869
0 0.3 0.38594890510948904 0.013333333333333332 0.009124087591240875
0 0.3133333333333333 0.4005474452554744 0.013333333333333332 0.009124087591240875
0 0.3173333333333333 0.875 0.112 0.11861313868613138
0 0.33199999999999996 0.718065693430657 0.013333333333333332 0.009124087591240875
0 0.356 0.02281021897810219 0.013333333333333332 0.009124087591240875
0 0.356 0.5593065693430657 0.013333333333333332 0.009124087591240875
0 0.3853333333333333 0.6906934306569343 0.013333333333333332 0.009124087591240875
0 0.3933333333333333 0.0036496350364963502 0.024 0.0072992700729927005
0 0.39866666666666667 0.6432481751824818 0.013333333333333332 0.009124087591240875
0 0.39866666666666667 0.9735401459854014 0.013333333333333332 0.012773722627737226
0 0.436 0.5629562043795621 0.013333333333333332 0.009124087591240875
0 0.4413333333333333 0.9388686131386861 0.013333333333333332 0.009124087591240875
0 0.4493333333333333 0.8403284671532847 0.013333333333333332 0.009124087591240875
0 0.45466666666666666 0.5775547445255474 0.013333333333333332 0.009124087591240875
0 0.5053333333333333 0.0812043795620438 0.013333333333333332 0.009124087591240875
0 0.508 0.3895985401459854 0.013333333333333332 0.009124087591240875
0 0.5373333333333333 0.10492700729927007 0.013333333333333332 0.009124087591240875
0 0.5586666666666666 0.3704379562043795 0.018666666666666665 0.01824817518248175
0 0.5826666666666667 0.3585766423357664 0.013333333333333332 0.009124087591240875
0 0.7186666666666667 0.23448905109489052 0.013333333333333332 0.009124087591240875
0 0.7613333333333333 0.3895985401459854 0.013333333333333332 0.009124087591240875
0 0.772 0.11040145985401459 0.013333333333333332 0.009124087591240875
0 0.7773333333333333 0.05200729927007299 0.013333333333333332 0.009124087591240875
0 0.7879999999999999 0.7253649635036497 0.013333333333333332 0.009124087591240875
0 0.8266666666666667 0.08302919708029197 0.042666666666666665 0.09671532846715328
0 0.8546666666666667 0.2983576642335766 0.09866666666666667 0.09306569343065693
0 0.8573333333333333 0.6706204379562044 0.152 0.08941605839416059
0 0.8666666666666666 0.07390510948905109 0.042666666666666665 0.07481751824817517
0 0.876 0.7527372262773723 0.013333333333333332 0.009124087591240875
0 0.9053333333333333 0.43430656934306566 0.06133333333333333 0.06204379562043796
0 0.8493333333333333 0.9124087591240876 0.10933333333333332 0.0948905109489051
0 0.8866666666666666 0.18704379562043796 0.013333333333333332 0.009124087591240875
0 0.8866666666666666 0.7454379562043796 0.013333333333333332 0.009124087591240875
0 0.8973333333333333 0.19616788321167883 0.013333333333333332 0.009124087591240875
0 0.9106666666666666 0.19434306569343066 0.013333333333333332 0.009124087591240875
0 0.9239999999999999 0.3677007299270073 0.013333333333333332 0.009124087591240875
0 0.9853333333333333 0.7326642335766423 0.013333333333333332 0.009124087591240875
