0 0.09066666666666666 0.07377049180327869 0.03733333333333333 0.060109289617486336
0 0.124 0.7003642987249544 0.072 0.08561020036429873
0 0.10933333333333332 0.30965391621129323 0.032 0.0947176684881603
0 0.132 0.9280510018214936 0.08266666666666667 0.060109289617486336
0 0.12266666666666666 0.07468123861566485 0.021333333333333333 0.061930783242258654
0 0.16133333333333333 0.08196721311475409 0.050666666666666665 0.07650273224043716
0 0.172 0.6830601092896175 0.034666666666666665 0.0546448087431694
0 0.184 0.30145719489981787 0.128 0.07832422586520947
0 0.16266666666666665 0.5792349726775956 0.112 0.025500910746812384
0 0.22799999999999998 0.5792349726775956 0.024 0.02185792349726776
0 0.31066666666666665 0.6985428051001822 0.13066666666666665 0.08561020036429873
0 0.30933333333333335 0.9234972677595629 0.10666666666666666 0.07285974499089254
0 0.34933333333333333 0.31602914389799636 0.032 0.08561020036429873
0 0.35466666666666663 0.5683060109289617 0.058666666666666666 0.06557377049180328
0 0.37866666666666665 0.3069216757741348 0.032 0.07103825136612021
0 0.36533333333333334 0.4426229508196721 0.06933333333333333 0.0546448087431694
0 0.49466666666666664 0.9234972677595629 0.13599999999999998 0.07650273224043716
0 0.504 0.7085610200364298 0.15466666666666667 0.09836065573770492
0 0.4613333333333333 0.3151183970856102 0.13866666666666666 0.08743169398907104
0 0.5466666666666666 0.3151183970856102 0.032 0.08378870673952642
0 0.5933333333333333 0.6894353369763205 0.029333333333333333 0.04918032786885246
0 0.7093333333333333 0.7167577413479053 0.10666666666666666 0.09289617486338798
0 0.728 0.08014571948998178 0.032 0.07285974499089254
0 0.688 0.319672131147541 0.128 0.10746812386156648
0 0.764 0.2978142076502732 0.029333333333333333 0.06375227686703097
0 0.8039999999999999 0.7204007285974499 0.029333333333333333 0.10746812386156648
0 0.7919999999999999 0.08196721311475409 0.10133333333333333 0.07285974499089254
0 0.8786666666666666 0.30783242258652094 0.06666666666666667 0.06557377049180328
0 0.8733333333333333 0.7185792349726776 0.11466666666666667 0.11475409836065574
