0 0.04921540656205421 0.59912109375 0.015691868758915834 0.0166015625
0 0.07774607703281028 0.498046875 0.03281027104136947 0.041015625
0 0.07703281027104138 0.3232421875 0.02567760342368046 0.076171875
0 0.0912981455064194 0.61376953125 0.059914407988587735 0.0478515625
0 0.10556348074179743 0.88720703125 0.017118402282453638 0.0263671875
0 0.10841654778887304 0.33154296875 0.037089871611982884 0.0908203125
0 0.15263908701854495 0.88720703125 0.017118402282453638 0.0263671875
0 0.1340941512125535 0.51806640625 0.07703281027104138 0.0810546875
0 0.15192582025677603 0.33056640625 0.05848787446504993 0.0908203125
0 0.15549215406562056 0.06201171875 0.06276747503566334 0.0673828125
0 0.20898716119828817 0.04638671875 0.04136947218259629 0.0361328125
0 0.2710413694721826 0.04736328125 0.02567760342368046 0.0517578125
0 0.34522111269614836 0.498046875 0.028530670470756064 0.099609375
0 0.4094151212553495 0.498046875 0.09985734664764623 0.1171875
0 0.41012838801711843 0.05615234375 0.07560627674750357 0.0673828125
0 0.4514978601997147 0.89697265625 0.07845934379457918 0.0576171875
0 0.45720399429386593 0.04052734375 0.009985734664764621 0.0341796875
0 0.4871611982881598 0.06494140625 0.02710413694721826 0.0830078125
0 0.5834522111269616 0.13232421875 0.028530670470756064 0.0517578125
0 0.5991440798858774 0.5029296875 0.028530670470756064 0.083984375
0 0.6126961483594865 0.1484375 0.029957203994293868 0.083984375
0 0.6633380884450785 0.494140625 0.09985734664764623 0.068359375
0 0.6640513552068473 0.0537109375 0.02710413694721826 0.05078125
0 0.7339514978601998 0.49462890625 0.04136947218259629 0.0693359375
0 0.7282453637660485 0.078125 0.10128388017118403 0.099609375
0 0.8152639087018545 0.05322265625 0.02710413694721826 0.0498046875
0 0.8216833095577747 0.49462890625 0.06562054208273894 0.0693359375
0 0.8623395149786021 0.0703125 0.06419400855920114 0.083984375
0 0.8865905848787446 0.49462890625 0.06419400855920114 0.0693359375
0 0.9101283880171185 0.06982421875 0.028530670470756064 0.0849609375
