0 0.1404715127701375 0.748125 0.06483300589390963 0.03125
0 0.17092337917485265 0.44875 0.10609037328094302 0.0775
0 0.18467583497053044 0.5775 0.12573673870333987 0.08
0 0.1886051080550098 0.19125 0.14145383104125736 0.07
0 0.28880157170923376 0.288125 0.12573673870333987 0.05625
0 0.3143418467583497 0.7775 0.09823182711198428 0.075
0 0.33005893909626716 0.434375 0.12180746561886051 0.07875
0 0.37131630648330055 0.17500000000000002 0.08251473477406679 0.0575
0 0.4273084479371316 0.3025 0.09626719056974459 0.0175
0 0.48821218074656186 0.301875 0.02554027504911591 0.01625
0 0.49607072691552057 0.7831250000000001 0.09233791748526522 0.06875
0 0.5648330058939096 0.30125 0.12770137524557956 0.0175
0 0.7770137524557956 0.295 0.15520628683693516 0.065
0 0.8025540275049116 0.463125 0.15520628683693516 0.08875
0 0.8408644400785854 0.78 0.10216110019646364 0.0925
0 0.8251473477406679 0.19375 0.13752455795677798 0.07
