0 0.08345221112696148 0.17333984375 0.02710413694721826 0.0498046875
0 0.07845934379457918 0.63037109375 0.028530670470756064 0.0341796875
0 0.09629101283880172 0.4111328125 0.024251069900142655 0.05078125
0 0.10199714693295293 0.52685546875 0.02710413694721826 0.0830078125
0 0.10770328102710414 0.6552734375 0.029957203994293868 0.083984375
0 0.11626248216833096 0.18896484375 0.03851640513552069 0.0830078125
0 0.130527817403709 0.4111328125 0.03851640513552069 0.05078125
0 0.14764621968616262 0.51904296875 0.06419400855920114 0.0673828125
0 0.15477888730385164 0.6552734375 0.06419400855920114 0.083984375
0 0.14693295292439373 0.17333984375 0.02282453637660485 0.0498046875
0 0.1419400855920114 0.771484375 0.029957203994293868 0.06640625
0 0.16191155492154066 0.41943359375 0.02710413694721826 0.0654296875
0 0.20684736091298145 0.77978515625 0.09985734664764623 0.0849609375
0 0.1825962910128388 0.16552734375 0.039942938659058486 0.0361328125
0 0.19900142653352354 0.068359375 0.14693295292439373 0.083984375
0 0.21540656205420827 0.31494140625 0.07132667617689016 0.0927734375
0 0.2867332382310984 0.31396484375 0.07132667617689016 0.0927734375
0 0.2717546362339515 0.755859375 0.02710413694721826 0.03515625
0 0.33951497860199714 0.296875 0.03138373751783167 0.056640625
0 0.34736091298145505 0.04833984375 0.03851640513552069 0.0341796875
0 0.3537803138373752 0.77392578125 0.02282453637660485 0.0595703125
0 0.37731811697574896 0.06591796875 0.024251069900142655 0.0673828125
0 0.4222539229671897 0.7666015625 0.11126961483594865 0.046875
0 0.42154065620542086 0.27392578125 0.024251069900142655 0.0166015625
0 0.4793152639087019 0.31005859375 0.0912981455064194 0.0908203125
0 0.5385164051355207 0.28173828125 0.02710413694721826 0.0322265625
0 0.5499286733238231 0.7587890625 0.024251069900142655 0.044921875
0 0.62339514978602 0.07373046875 0.06276747503566334 0.0673828125
0 0.5977175463623395 0.7734375 0.06847360912981455 0.076171875
0 0.6369472182596291 0.7587890625 0.03566333808844508 0.044921875
0 0.6718972895863053 0.07373046875 0.02567760342368046 0.0673828125
0 0.7068473609129815 0.0654296875 0.04136947218259629 0.05078125
0 0.7368045649072753 0.0576171875 0.009985734664764621 0.037109375
0 0.7382310984308131 0.7578125 0.02710413694721826 0.048828125
0 0.7845934379457917 0.771484375 0.06276747503566334 0.080078125
0 0.8309557774607703 0.06640625 0.009985734664764621 0.0703125
0 0.8559201141226819 0.7568359375 0.07703281027104138 0.05078125
0 0.8659058487874466 0.06640625 0.039942938659058486 0.068359375
0 0.9044222539229673 0.748046875 0.02282453637660485 0.033203125
