0 0.11626248216833096 0.26611328125 0.029957203994293868 0.0791015625
0 0.11768901569186876 0.38916015625 0.024251069900142655 0.0185546875
0 0.11911554921540657 0.51953125 0.029957203994293868 0.037109375
0 0.14907275320970043 0.095703125 0.10984308131241084 0.109375
0 0.15192582025677603 0.53759765625 0.029957203994293868 0.0732421875
0 0.1790299572039943 0.26611328125 0.0898716119828816 0.0810546875
0 0.17118402282453637 0.42138671875 0.07703281027104138 0.0830078125
0 0.19044222539229672 0.537109375 0.0442225392296719 0.07421875
0 0.24536376604850216 0.0830078125 0.08273894436519258 0.09765625
0 0.36590584878744653 0.70068359375 0.10984308131241084 0.1318359375
0 0.4379457917261056 0.6845703125 0.039942938659058486 0.099609375
0 0.5442225392296719 0.666015625 0.02710413694721826 0.048828125
0 0.5912981455064195 0.689453125 0.06419400855920114 0.099609375
0 0.6504992867332382 0.08837890625 0.11697574893009986 0.0986328125
0 0.7211126961483595 0.66796875 0.021398002853067047 0.033203125
0 0.7232524964336662 0.91015625 0.028530670470756064 0.03515625
0 0.738944365192582 0.39697265625 0.02567760342368046 0.0341796875
0 0.7510699001426534 0.70068359375 0.02710413694721826 0.0986328125
0 0.7524964336661912 0.93505859375 0.02710413694721826 0.0830078125
0 0.7967189728958631 0.701171875 0.06134094151212554 0.11328125
0 0.7945791726105563 0.0908203125 0.03138373751783167 0.107421875
0 0.8145506419400856 0.11669921875 0.014265335235378032 0.0205078125
0 0.7910128388017119 0.43017578125 0.07275320970042796 0.1005859375
0 0.8388017118402282 0.42236328125 0.028530670470756064 0.0810546875
0 0.8730385164051355 0.0810546875 0.10841654778887304 0.091796875
0 0.8687589158345221 0.69189453125 0.07703281027104138 0.0830078125
0 0.8922967189728959 0.42138671875 0.08416547788873038 0.0830078125
