0 0.11100196463654223 0.07187500000000001 0.10805500982318271 0.03625
0 0.1335952848722986 0.499375 0.0943025540275049 0.07375
0 0.1630648330058939 0.7675000000000001 0.12573673870333987 0.145
0 0.16895874263261296 0.286875 0.058939096267190565 0.05625
0 0.21316306483300587 0.0725 0.08840864440078584 0.035
0 0.2691552062868369 0.464375 0.0943025540275049 0.03125
0 0.30746561886051077 0.828125 0.0805500982318271 0.043750000000000004
0 0.3516699410609037 0.265 0.09037328094302553 0.055
0 0.41846758349705304 0.50125 0.09823182711198428 0.1475
0 0.3978388998035363 0.709375 0.12770137524557956 0.06875
0 0.5275049115913556 0.259375 0.05304518664047151 0.02125
0 0.5422396856581532 0.68375 0.09823182711198428 0.0625
0 0.4980353634577603 0.154375 0.47740667976424356 0.08875
0 0.7318271119842829 0.2625 0.11591355599214144 0.065
0 0.7760314341846758 0.9 0.15324165029469547 0.0325
0 0.8526522593320235 0.708125 0.11787819253438113 0.08625000000000001
