0 0.12125534950071327 0.38134765625 0.02567760342368046 0.0556640625
0 0.12054208273894437 0.07373046875 0.02710413694721826 0.0537109375
0 0.11982881597717547 0.22509765625 0.037089871611982884 0.0458984375
0 0.1797432239657632 0.3984375 0.08273894436519258 0.091796875
0 0.16119828815977175 0.23779296875 0.034236804564907276 0.0693359375
0 0.20756062767475036 0.251953125 0.05563480741797432 0.099609375
0 0.1797432239657632 0.091796875 0.08273894436519258 0.091796875
0 0.23252496433666192 0.07373046875 0.03138373751783167 0.0556640625
0 0.3138373751783167 0.65234375 0.05135520684736092 0.033203125
0 0.46219686162624823 0.70654296875 0.09415121255349501 0.0771484375
0 0.5042796005706134 0.92529296875 0.0442225392296719 0.0693359375
0 0.4971469329529244 0.3740234375 0.03281027104136947 0.048828125
0 0.5720399429386591 0.67041015625 0.034236804564907276 0.0693359375
0 0.6119828815977175 0.3837890625 0.0456490727532097 0.060546875
0 0.6084165477888731 0.650390625 0.03281027104136947 0.05078125
0 0.6476462196861626 0.384765625 0.028530670470756064 0.05859375
0 0.6897289586305279 0.37451171875 0.047075606276747506 0.0419921875
0 0.7960057061340942 0.36962890625 0.017118402282453638 0.0361328125
0 0.8024251069900142 0.162109375 0.029957203994293868 0.033203125
0 0.8131241084165478 0.09033203125 0.037089871611982884 0.0673828125
0 0.8295292439372326 0.38818359375 0.029957203994293868 0.0693359375
0 0.8544935805991442 0.0908203125 0.034236804564907276 0.068359375
0 0.8873038516405136 0.37841796875 0.08273894436519258 0.0556640625
0 0.9037089871611983 0.6572265625 0.03281027104136947 0.044921875
0 0.8972895863052782 0.09130859375 0.037089871611982884 0.0693359375
