0 0.15905848787446505 0.2158203125 0.10128388017118403 0.2734375
0 0.20042796005706134 0.205078125 0.01283880171184023 0.013671875
0 0.23395149786019973 0.1484375 0.05135520684736092 0.13671875
0 0.3580599144079886 0.18798828125 0.19971469329529246 0.2373046875
0 0.3994293865905849 0.2509765625 0.014265335235378032 0.013671875
0 0.4500713266761769 0.16064453125 0.018544935805991442 0.0126953125
0 0.449358059914408 0.20556640625 0.017118402282453638 0.0244140625
0 0.4500713266761769 0.2509765625 0.018544935805991442 0.013671875
0 0.4507845934379458 0.9658203125 0.05420827389443652 0.015625
0 0.507132667617689 0.16015625 0.10128388017118403 0.158203125
0 0.5156918687589158 0.9658203125 0.07275320970042796 0.015625
0 0.5977175463623395 0.1611328125 0.05706134094151213 0.181640625
0 0.8216833095577747 0.18310546875 0.017118402282453638 0.0244140625
0 0.8052781740370899 0.20556640625 0.15263908701854495 0.2509765625
0 0.9051355206847361 0.17236328125 0.052781740370898715 0.1806640625
0 0.920827389443652 0.09326171875 0.018544935805991442 0.0224609375
0 0.9550641940085592 0.18310546875 0.052781740370898715 0.2041015625
