0 0.14625 0.8778558875219683 0.0475 0.07557117750439367
0 0.1375 0.4938488576449912 0.035 0.05975395430579965
0 0.1775 0.5210896309314587 0.05 0.12126537785588752
0 0.17 0.22934973637961334 0.085 0.18453427065026362
0 0.225 0.4710017574692443 0.035 0.15817223198594024
0 0.27875 0.15377855887521968 0.0725 0.18101933216168717
0 0.31375000000000003 0.812829525483304 0.0375 0.07557117750439367
0 0.32875 0.10984182776801406 0.0325 0.09314586994727592
0 0.3025 0.47012302284710017 0.125 0.15992970123022845
0 0.8225 0.8066783831282952 0.015 0.0492091388400703
0 0.835 0.11159929701230228 0.045 0.07557117750439367
0 0.84125 0.4182776801405975 0.0325 0.07029876977152899
0 0.86 0.8374340949033391 0.035 0.10720562390158171
0 0.8575 0.6731107205623901 0.045 0.0773286467486819
0 0.8875000000000001 0.4384885764499121 0.055 0.11423550087873462
0 0.88625 0.148506151142355 0.0625 0.15289982425307555
