0 0.08345221112696148 0.55078125 0.024251069900142655 0.060546875
0 0.10556348074179743 0.78955078125 0.03138373751783167 0.0986328125
0 0.10627674750356633 0.07568359375 0.03281027104136947 0.0791015625
0 0.11126961483594865 0.63330078125 0.034236804564907276 0.0400390625
0 0.11911554921540657 0.54150390625 0.029957203994293868 0.0400390625
0 0.14265335235378032 0.0771484375 0.03138373751783167 0.080078125
0 0.11911554921540657 0.4228515625 0.06419400855920114 0.068359375
0 0.18972895863052783 0.78857421875 0.1340941512125535 0.1005859375
0 0.1776034236804565 0.08642578125 0.03281027104136947 0.0986328125
0 0.2189728958630528 0.43896484375 0.1355206847360913 0.1123046875
0 0.20399429386590587 0.8076171875 0.014265335235378032 0.013671875
0 0.21255349500713266 0.076171875 0.03138373751783167 0.078125
0 0.33309557774607707 0.7607421875 0.029957203994293868 0.08203125
0 0.3359486447931527 0.072265625 0.03851640513552069 0.0703125
0 0.3573466476462197 0.41748046875 0.02710413694721826 0.0498046875
0 0.36875891583452214 0.751953125 0.03281027104136947 0.0625
0 0.42082738944365194 0.4326171875 0.09985734664764623 0.08203125
0 0.45221112696148363 0.07861328125 0.042796005706134094 0.0927734375
0 0.48573466476462196 0.0693359375 0.029957203994293868 0.07421875
0 0.514978601997147 0.7529296875 0.028530670470756064 0.068359375
0 0.5449358059914409 0.76171875 0.028530670470756064 0.083984375
0 0.5763195435092725 0.07861328125 0.14835948644793154 0.0927734375
0 0.5927246790299572 0.75341796875 0.06419400855920114 0.0693359375
0 0.5699001426533524 0.43798828125 0.09843081312410842 0.0986328125
0 0.6369472182596291 0.4140625 0.024251069900142655 0.05078125
0 0.6704707560627675 0.42236328125 0.039942938659058486 0.0673828125
0 0.7282453637660485 0.76708984375 0.03281027104136947 0.0927734375
0 0.7796005706134095 0.76708984375 0.06990014265335236 0.0927734375
0 0.833808844507846 0.42919921875 0.0898716119828816 0.0771484375
0 0.8587731811697575 0.76708984375 0.08273894436519258 0.0927734375
0 0.7945791726105563 0.07177734375 0.17118402282453637 0.0810546875
0 0.8951497860199715 0.0634765625 0.02710413694721826 0.048828125
