0 0.13948919449901767 0.201875 0.058939096267190565 0.03625
0 0.14833005893909626 0.636875 0.11591355599214144 0.10625
0 0.19155206286836934 0.370625 0.15127701375245578 0.07875
0 0.21218074656188604 0.81375 0.10609037328094302 0.125
0 0.280943025540275 0.194375 0.10609037328094302 0.09125
0 0.31335952848722987 0.633125 0.13948919449901767 0.07375
0 0.49115913555992136 0.633125 0.14145383104125736 0.07375
0 0.6591355599214145 0.61875 0.11198428290766207 0.10250000000000001
0 0.6846758349705304 0.73375 0.0805500982318271 0.045
0 0.6954813359528487 0.85375 0.11001964636542239 0.08
0 0.8104125736738703 0.368125 0.16699410609037327 0.14125000000000001
0 0.8457760314341846 0.1875 0.11591355599214144 0.0925
0 0.8487229862475442 0.619375 0.15324165029469547 0.08125
