0 0.14266666666666666 0.43806921675774135 0.10933333333333332 0.11475409836065574
0 0.11733333333333333 0.10473588342440801 0.128 0.13296903460837886
0 0.3293333333333333 0.11839708561020036 0.09333333333333332 0.07650273224043716
0 0.30666666666666664 0.6848816029143898 0.032 0.0692167577413479
0 0.37866666666666665 0.3989071038251366 0.12266666666666666 0.09836065573770492
0 0.37466666666666665 0.7012750455373407 0.10933333333333332 0.10200364298724954
0 0.45999999999999996 0.07741347905282331 0.12533333333333332 0.07832422586520947
0 0.5306666666666666 0.6985428051001822 0.13333333333333333 0.10382513661202186
0 0.7013333333333334 0.075591985428051 0.112 0.07103825136612021
0 0.704 0.6894353369763205 0.17066666666666666 0.10382513661202186
0 0.8453333333333333 0.3970856102003643 0.12266666666666666 0.0947176684881603
0 0.8266666666666667 0.07012750455373407 0.016 0.03825136612021858
0 0.8306666666666667 0.6593806921675774 0.034666666666666665 0.04007285974499089
0 0.8706666666666666 0.08469945355191257 0.06666666666666667 0.07832422586520947
0 0.888 0.6848816029143898 0.08533333333333333 0.0947176684881603
