0 0.12966601178781925 0.795 0.08251473477406679 0.0675
0 0.12278978388998034 0.17 0.11198428290766207 0.0725
0 0.24066797642436147 0.48625 0.11198428290766207 0.05
0 0.21709233791748525 0.613125 0.0805500982318271 0.07875
0 0.26129666011787817 0.79625 0.07072691552062868 0.0375
0 0.28781925343811393 0.160625 0.11591355599214144 0.09875
0 0.39390962671905694 0.81 0.09626719056974459 0.0375
0 0.4410609037328094 0.45937500000000003 0.10412573673870333 0.03375
0 0.48722986247544203 0.28500000000000003 0.12180746561886051 0.0625
0 0.46463654223968565 0.151875 0.12377210216110018 0.07625
0 0.5510805500982318 0.81375 0.10019646365422397 0.115
0 0.6846758349705304 0.151875 0.0805500982318271 0.10625
0 0.7082514734774066 0.81125 0.07662082514734773 0.04
0 0.818271119842829 0.521875 0.1630648330058939 0.13875
0 0.8388998035363457 0.153125 0.11001964636542239 0.08625000000000001
0 0.8664047151277013 0.820625 0.12180746561886051 0.06625
