0 0.07845934379457918 0.080078125 0.028530670470756064 0.06640625
0 0.09629101283880172 0.4970703125 0.024251069900142655 0.0859375
0 0.10485021398002853 0.384765625 0.021398002853067047 0.015625
0 0.10413694721825963 0.82373046875 0.034236804564907276 0.0576171875
0 0.1312410841654779 0.40771484375 0.028530670470756064 0.0576171875
0 0.1383737517831669 0.49072265625 0.059914407988587735 0.0751953125
0 0.16262482168330955 0.39892578125 0.037089871611982884 0.0458984375
0 0.16048502139800286 0.82421875 0.07560627674750357 0.060546875
0 0.1861626248216833 0.4833984375 0.03566333808844508 0.060546875
0 0.16119828815977175 0.09619140625 0.1369472182596291 0.1005859375
0 0.25677603423680456 0.3896484375 0.02282453637660485 0.044921875
0 0.2667617689015692 0.8369140625 0.03138373751783167 0.0546875
0 0.28316690442225395 0.40380859375 0.02710413694721826 0.0751953125
0 0.3252496433666191 0.40380859375 0.059914407988587735 0.0751953125
0 0.3723252496433666 0.41162109375 0.037089871611982884 0.0888671875
0 0.3437945791726106 0.85498046875 0.12268188302425108 0.0927734375
0 0.44151212553495006 0.0703125 0.029957203994293868 0.060546875
0 0.46291012838801715 0.4013671875 0.05848787446504993 0.076171875
0 0.4771754636233952 0.0810546875 0.03281027104136947 0.080078125
0 0.5057061340941512 0.38623046875 0.02710413694721826 0.0458984375
0 0.5328102710413695 0.40869140625 0.02710413694721826 0.0908203125
0 0.5592011412268189 0.4091796875 0.02567760342368046 0.08984375
0 0.5905848787446505 0.4013671875 0.037089871611982884 0.076171875
0 0.5813124108416547 0.078125 0.02710413694721826 0.06640625
0 0.616262482168331 0.06201171875 0.042796005706134094 0.0478515625
0 0.7089871611982882 0.86669921875 0.10841654778887304 0.1279296875
0 0.6997146932952925 0.41015625 0.10128388017118403 0.083984375
0 0.7710413694721826 0.39501953125 0.04136947218259629 0.0654296875
0 0.7567760342368046 0.0615234375 0.05848787446504993 0.060546875
0 0.8009985734664765 0.046875 0.009985734664764621 0.03125
0 0.8074179743223966 0.84814453125 0.03138373751783167 0.0908203125
0 0.8430813124108417 0.412109375 0.028530670470756064 0.08984375
0 0.8823109843081313 0.875 0.11554921540656206 0.146484375
0 0.8951497860199715 0.40283203125 0.06990014265335236 0.0732421875
0 0.890870185449358 0.07080078125 0.05848787446504993 0.0771484375
0 0.9329529243937232 0.0634765625 0.028530670470756064 0.07421875
