0 0.13654223968565815 0.8406250000000001 0.09233791748526522 0.08125
0 0.19449901768172886 0.539375 0.11001964636542239 0.06375
0 0.22003929273084477 0.699375 0.20039292730844793 0.10125
0 0.21905697445972494 0.13875 0.15127701375245578 0.035
0 0.45088408644400785 0.839375 0.11198428290766207 0.05375
0 0.4990176817288801 0.689375 0.10216110019646364 0.03625
0 0.6424361493123771 0.910625 0.14538310412573674 0.03875
0 0.6728880157170923 0.6843750000000001 0.11198428290766207 0.09125
0 0.7190569744597249 0.913125 0.011787819253438112 0.00875
0 0.8379174852652259 0.204375 0.13163064833005894 0.11375
0 0.8241650294695481 0.823125 0.08840864440078584 0.06125
0 0.7779960707269155 0.540625 0.23968565815324164 0.07125000000000001
0 0.8526522593320235 0.68625 0.10216110019646364 0.0925
