0 0.07733333333333334 0.1429872495446266 0.032 0.060109289617486336
0 0.07866666666666666 0.4016393442622951 0.034666666666666665 0.06375227686703097
0 0.08 0.9016393442622951 0.032 0.07285974499089254
0 0.112 0.40255009107468126 0.03733333333333333 0.06557377049180328
0 0.12933333333333333 0.9025500910746812 0.056 0.07468123861566485
0 0.12533333333333332 0.14389799635701275 0.06933333333333333 0.061930783242258654
0 0.14666666666666667 0.7076502732240437 0.13866666666666666 0.1366120218579235
0 0.156 0.40255009107468126 0.050666666666666665 0.06557377049180328
0 0.17466666666666666 0.9034608378870674 0.034666666666666665 0.07285974499089254
0 0.22133333333333333 0.558287795992714 0.032 0.08561020036429873
0 0.27599999999999997 0.5564663023679417 0.08266666666666667 0.08561020036429873
0 0.3173333333333333 0.0546448087431694 0.042666666666666665 0.03642987249544627
0 0.36133333333333334 0.05919854280510018 0.04533333333333333 0.0273224043715847
0 0.408 0.05373406193078324 0.048 0.03825136612021858
0 0.4533333333333333 0.05373406193078324 0.048 0.03825136612021858
0 0.4933333333333333 0.39435336976320584 0.03733333333333333 0.08196721311475409
0 0.44 0.5601092896174863 0.128 0.08561020036429873
0 0.528 0.38342440801457195 0.03733333333333333 0.06375227686703097
0 0.5213333333333333 0.05373406193078324 0.09333333333333332 0.03825136612021858
0 0.5706666666666667 0.1029143897996357 0.026666666666666665 0.01639344262295082
0 0.596 0.11566484517304189 0.029333333333333333 0.04553734061930783
0 0.6186666666666667 0.10837887067395265 0.026666666666666665 0.030965391621129327
0 0.6013333333333333 0.5573770491803278 0.07733333333333334 0.08378870673952642
0 0.6973333333333334 0.10018214936247723 0.06133333333333333 0.061930783242258654
0 0.7746666666666666 0.5601092896174863 0.09333333333333332 0.09289617486338798
0 0.8013333333333333 0.38524590163934425 0.034666666666666665 0.060109289617486336
0 0.8346666666666667 0.0610200364298725 0.03733333333333333 0.04189435336976321
0 0.84 0.5683060109289617 0.03733333333333333 0.0947176684881603
0 0.868 0.08105646630236794 0.034666666666666665 0.08196721311475409
0 0.872 0.39435336976320584 0.112 0.07832422586520947
0 0.8826666666666666 0.5683060109289617 0.042666666666666665 0.09107468123861566
0 0.9053333333333333 0.07103825136612021 0.04 0.061930783242258654
