0 0.009333333333333332 0.3987226277372263 0.013333333333333332 0.009124087591240875
0 0.012 0.3987226277372263 0.013333333333333332 0.009124087591240875
0 0.014666666666666666 0.020072992700729927 0.013333333333333332 0.01824817518248175
0 0.028 0.11222627737226278 0.013333333333333332 0.009124087591240875
0 0.10533333333333333 0.06021897810218978 0.04533333333333333 0.072992700729927
0 0.13999999999999999 0.8403284671532847 0.013333333333333332 0.009124087591240875
0 0.14533333333333334 0.9945255474452555 0.013333333333333332 0.0072992700729927005
0 0.12 0.6113138686131386 0.10666666666666666 0.08759124087591241
0 0.15333333333333332 0.05018248175182482 0.056 0.05291970802919708
0 0.164 0.2417883211678832 0.013333333333333332 0.009124087591240875
0 0.17466666666666666 0.4753649635036496 0.013333333333333332 0.009124087591240875
0 0.164 0.7572992700729927 0.06666666666666667 0.08759124087591241
0 0.22533333333333333 0.8987226277372262 0.013333333333333332 0.009124087591240875
0 0.224 0.3795620437956204 0.144 0.05474452554744525
0 0.236 0.4726277372262774 0.013333333333333332 0.010948905109489052
0 0.244 0.8257299270072992 0.013333333333333332 0.009124087591240875
0 0.24933333333333332 0.47171532846715325 0.013333333333333332 0.009124087591240875
0 0.25066666666666665 0.1624087591240876 0.032 0.021897810218978103
0 0.2573333333333333 0.4680656934306569 0.013333333333333332 0.009124087591240875
0 0.296 0.18704379562043796 0.064 0.07116788321167883
0 0.308 0.6076642335766423 0.013333333333333332 0.010948905109489052
0 0.316 0.7664233576642335 0.04 0.06569343065693431
0 0.33199999999999996 0.14051094890510948 0.08266666666666667 0.16423357664233576
0 0.3506666666666667 0.7673357664233577 0.034666666666666665 0.06751824817518248
0 0.35866666666666663 0.573905109489051 0.013333333333333332 0.009124087591240875
0 0.3773333333333333 0.15054744525547445 0.013333333333333332 0.009124087591240875
0 0.39866666666666667 0.06478102189781022 0.013333333333333332 0.009124087591240875
0 0.4013333333333333 0.885948905109489 0.013333333333333332 0.009124087591240875
0 0.4066666666666667 0.9279197080291971 0.013333333333333332 0.009124087591240875
0 0.412 0.2490875912408759 0.013333333333333332 0.009124087591240875
0 0.41733333333333333 0.0666058394160584 0.013333333333333332 0.009124087591240875
0 0.42 0.9251824817518248 0.013333333333333332 0.010948905109489052
0 0.45999999999999996 0.885948905109489 0.013333333333333332 0.009124087591240875
0 0.4706666666666667 0.1031021897810219 0.013333333333333332 0.009124087591240875
0 0.4613333333333333 0.7582116788321167 0.07466666666666666 0.06021897810218978
0 0.492 0.9060218978102189 0.013333333333333332 0.009124087591240875
0 0.49466666666666664 0.9060218978102189 0.013333333333333332 0.009124087591240875
0 0.5346666666666666 0.8257299270072992 0.013333333333333332 0.009124087591240875
0 0.5373333333333333 0.10127737226277372 0.013333333333333332 0.009124087591240875
0 0.5559999999999999 0.5118613138686131 0.013333333333333332 0.009124087591240875
0 0.5613333333333334 0.6040145985401459 0.029333333333333333 0.040145985401459854
0 0.5693333333333334 0.5118613138686131 0.013333333333333332 0.009124087591240875
0 0.588 0.26551094890510946 0.013333333333333332 0.009124087591240875
0 0.5866666666666667 0.614963503649635 0.021333333333333333 0.025547445255474453
0 0.612 0.447992700729927 0.013333333333333332 0.009124087591240875
0 0.6226666666666666 0.1614963503649635 0.013333333333333332 0.009124087591240875
0 0.6306666666666666 0.01551094890510949 0.013333333333333332 0.009124087591240875
0 0.6306666666666666 0.2509124087591241 0.013333333333333332 0.009124087591240875
0 0.6333333333333333 0.3658759124087591 0.013333333333333332 0.009124087591240875
0 0.6466666666666666 0.6468978102189781 0.013333333333333332 0.009124087591240875
0 0.6493333333333333 0.7253649635036497 0.013333333333333332 0.009124087591240875
0 0.6733333333333333 0.8695255474452555 0.013333333333333332 0.012773722627737226
0 0.6839999999999999 0.1687956204379562 0.013333333333333332 0.009124087591240875
0 0.708 0.8786496350364963 0.013333333333333332 0.009124087591240875
0 0.724 0.04470802919708029 0.034666666666666665 0.03832116788321168
0 0.74 0.14324817518248176 0.013333333333333332 0.009124087591240875
0 0.748 0.9279197080291971 0.013333333333333332 0.009124087591240875
0 0.78 0.15145985401459852 0.013333333333333332 0.010948905109489052
0 0.8173333333333334 0.5638686131386861 0.034666666666666665 0.043795620437956206
0 0.8586666666666667 0.07025547445255474 0.112 0.08576642335766423
0 0.8386666666666667 0.7673357664233577 0.034666666666666665 0.07116788321167883
0 0.8586666666666667 0.5638686131386861 0.05333333333333333 0.06204379562043796
0 0.8573333333333333 0.1760948905109489 0.013333333333333332 0.009124087591240875
0 0.8813333333333333 0.8795620437956204 0.088 0.07664233576642336
0 0.8893333333333333 0.7591240875912408 0.07733333333333334 0.05474452554744525
0 0.868 0.4726277372262774 0.104 0.05474452554744525
