0 0.16208251473477406 0.234375 0.19056974459724949 0.10875
0 0.156188605108055 0.740625 0.1630648330058939 0.08125
0 0.20039292730844793 0.524375 0.17288801571709234 0.08375
0 0.34774066797642433 0.885625 0.15717092337917485 0.02125
0 0.37328094302554027 0.474375 0.12966601178781925 0.08125
0 0.5019646365422397 0.86875 0.11984282907662082 0.055
0 0.5550098231827112 0.7275 0.12377210216110018 0.0825
0 0.5314341846758349 0.14250000000000002 0.3398821218074656 0.0525
0 0.7966601178781925 0.231875 0.1630648330058939 0.08125
0 0.7976424361493123 0.7106250000000001 0.1611001964636542 0.06875
0 0.7888015717092337 0.524375 0.20235756385068762 0.07875
