0 0.10533333333333333 0.9025500910746812 0.034666666666666665 0.04553734061930783
0 0.11599999999999999 0.7987249544626593 0.029333333333333333 0.07832422586520947
0 0.12933333333333333 0.23224043715846995 0.09866666666666667 0.09289617486338798
0 0.13866666666666666 0.08378870673952642 0.112 0.08743169398907104
0 0.14133333333333334 0.9052823315118397 0.03733333333333333 0.04735883424408015
0 0.10666666666666666 0.6120218579234973 0.112 0.07650273224043716
0 0.17866666666666667 0.6120218579234973 0.032 0.07650273224043716
0 0.192 0.7978142076502732 0.128 0.08014571948998178
0 0.31866666666666665 0.7969034608378871 0.034666666666666665 0.06375227686703097
0 0.316 0.07650273224043716 0.152 0.1092896174863388
0 0.37066666666666664 0.7950819672131147 0.07466666666666666 0.060109289617486336
0 0.45599999999999996 0.7786885245901639 0.016 0.03460837887067395
0 0.48266666666666663 0.8005464480874317 0.032 0.07832422586520947
0 0.492 0.5774134790528234 0.034666666666666665 0.02185792349726776
0 0.5413333333333333 0.8005464480874317 0.096 0.07832422586520947
0 0.5479999999999999 0.6038251366120219 0.08266666666666667 0.07832422586520947
0 0.652 0.08652094717668488 0.152 0.12568306010928962
0 0.8106666666666666 0.08925318761384335 0.06933333333333333 0.12750455373406194
0 0.88 0.5965391621129326 0.08 0.07468123861566485
0 0.88 0.08469945355191257 0.07466666666666666 0.13296903460837886
0 0.892 0.6939890710382514 0.034666666666666665 0.04371584699453552
