0 0.088 0.09380692167577413 0.032 0.052823315118397086
0 0.13599999999999998 0.7923497267759563 0.10133333333333333 0.08743169398907104
0 0.09733333333333333 0.900728597449909 0.024 0.020036429872495445
0 0.13599999999999998 0.4016393442622951 0.16 0.07832422586520947
0 0.14933333333333332 0.12295081967213115 0.096 0.12568306010928962
0 0.124 0.9225865209471766 0.029333333333333333 0.06375227686703097
0 0.16666666666666666 0.9216757741347905 0.06133333333333333 0.06557377049180328
0 0.15733333333333333 0.25774134790528236 0.15466666666666667 0.07103825136612021
0 0.17866666666666667 0.6666666666666666 0.19733333333333333 0.0947176684881603
0 0.304 0.0965391621129326 0.13333333333333333 0.12021857923497267
0 0.372 0.6675774134790529 0.10933333333333332 0.07103825136612021
0 0.472 0.08378870673952642 0.112 0.08743169398907104
0 0.508 0.6475409836065574 0.029333333333333333 0.03460837887067395
0 0.5253333333333333 0.7777777777777778 0.07466666666666666 0.05100182149362477
0 0.5853333333333333 0.6757741347905283 0.13066666666666665 0.0947176684881603
0 0.6706666666666666 0.8770491803278688 0.09333333333333332 0.06739526411657559
0 0.7213333333333333 0.6520947176684881 0.034666666666666665 0.04371584699453552
0 0.8666666666666666 0.663023679417122 0.13333333333333333 0.0947176684881603
0 0.8826666666666666 0.07832422586520947 0.10666666666666666 0.08743169398907104
