0 0.0912981455064194 0.82373046875 0.02567760342368046 0.0498046875
0 0.09629101283880172 0.54833984375 0.02710413694721826 0.0439453125
0 0.12054208273894437 0.83251953125 0.029957203994293868 0.0654296875
0 0.1262482168330956 0.546875 0.02710413694721826 0.046875
0 0.15049928673323823 0.92236328125 0.029957203994293868 0.0361328125
0 0.16690442225392296 0.8232421875 0.06276747503566334 0.05078125
0 0.1761768901569187 0.154296875 0.03281027104136947 0.099609375
0 0.18045649072753212 0.92236328125 0.029957203994293868 0.0361328125
0 0.14407988587731813 0.69873046875 0.1369472182596291 0.1005859375
0 0.231811697574893 0.66650390625 0.03851640513552069 0.0341796875
0 0.2189728958630528 0.14501953125 0.047075606276747506 0.0810546875
0 0.2689015691868759 0.69189453125 0.04136947218259629 0.0810546875
0 0.29101283880171186 0.3681640625 0.037089871611982884 0.05078125
0 0.304564907275321 0.94775390625 0.024251069900142655 0.0166015625
0 0.3209700427960057 0.36083984375 0.019971469329529243 0.0341796875
0 0.3309557774607703 0.96240234375 0.02567760342368046 0.0478515625
0 0.3566333808844508 0.36865234375 0.039942938659058486 0.0517578125
0 0.3994293865905849 0.95556640625 0.028530670470756064 0.0458984375
0 0.5463623395149786 0.671875 0.03138373751783167 0.05859375
0 0.550641940085592 0.5244140625 0.02567760342368046 0.033203125
0 0.5456490727532097 0.8994140625 0.07275320970042796 0.05859375
0 0.5770328102710414 0.53173828125 0.02710413694721826 0.0478515625
0 0.5805991440798859 0.66259765625 0.02567760342368046 0.0400390625
0 0.5991440798858774 0.89013671875 0.03138373751783167 0.0380859375
0 0.717546362339515 0.6904296875 0.04850213980028531 0.078125
0 0.7453637660485022 0.3623046875 0.021398002853067047 0.033203125
0 0.7546362339514979 0.6904296875 0.03138373751783167 0.056640625
0 0.776034236804565 0.36279296875 0.02567760342368046 0.0341796875
0 0.8295292439372326 0.10107421875 0.03281027104136947 0.0771484375
0 0.8851640513552069 0.09033203125 0.07560627674750357 0.0615234375
0 0.8980028530670471 0.38916015625 0.05848787446504993 0.0751953125
0 0.906562054208274 0.69287109375 0.05848787446504993 0.0751953125
