0 0.15029469548133595 0.525 0.1630648330058939 0.09
0 0.1335952848722986 0.161875 0.10609037328094302 0.043750000000000004
0 0.19941060903732807 0.34750000000000003 0.18271119842829076 0.0725
0 0.29273084479371314 0.6375000000000001 0.05500982318271119 0.0175
0 0.28781925343811393 0.765625 0.10019646365422397 0.051250000000000004
0 0.399803536345776 0.365 0.09233791748526522 0.03
0 0.38703339882121807 0.6375000000000001 0.1335952848722986 0.0175
0 0.43516699410609033 0.76875 0.07662082514734773 0.0725
0 0.5098231827111984 0.161875 0.12770137524557956 0.11125
0 0.5599214145383103 0.516875 0.13752455795677798 0.10125
0 0.6611001964636541 0.30375 0.10019646365422397 0.0825
0 0.6728880157170923 0.15875 0.10805500982318271 0.0525
0 0.7337917485265225 0.726875 0.01768172888015717 0.01625
0 0.7131630648330058 0.624375 0.08644400785854617 0.04625
0 0.7465618860510805 0.49 0.1335952848722986 0.06
0 0.8202357563850687 0.24625 0.10019646365422397 0.0225
0 0.8163064833005893 0.769375 0.17092337917485265 0.10125
0 0.8634577603143417 0.161875 0.09233791748526522 0.11125
0 0.8772102161100196 0.484375 0.07269155206286837 0.04125
