0 0.08559201141226819 0.88525390625 0.028530670470756064 0.0595703125
0 0.11126961483594865 0.45166015625 0.02567760342368046 0.1142578125
0 0.14835948644793154 0.904296875 0.0884450784593438 0.099609375
0 0.15763195435092725 0.1025390625 0.02710413694721826 0.048828125
0 0.16405135520684735 0.435546875 0.07703281027104138 0.083984375
0 0.2603423680456491 0.47412109375 0.02710413694721826 0.0302734375
0 0.4407988587731812 0.8388671875 0.0456490727532097 0.060546875
0 0.7631954350927247 0.361328125 0.028530670470756064 0.03125
0 0.81169757489301 0.1201171875 0.028530670470756064 0.03125
0 0.8651925820256776 0.400390625 0.10128388017118403 0.068359375
0 0.8502139800285307 0.06591796875 0.017118402282453638 0.0263671875
0 0.87018544935806 0.8369140625 0.017118402282453638 0.02734375
0 0.8972895863052782 0.06591796875 0.017118402282453638 0.0263671875
0 0.9172610556348074 0.8369140625 0.017118402282453638 0.02734375
0 0.9358059914407989 0.39306640625 0.039942938659058486 0.0517578125
