0 0.14145383104125736 0.17875 0.07858546168958742 0.0175
0 0.17190569744597248 0.498125 0.15127701375245578 0.13125
0 0.16601178781925344 0.7731250000000001 0.13948919449901767 0.03125
0 0.3143418467583497 0.15812500000000002 0.11394891944990176 0.09625
0 0.3742632612966601 0.7725 0.15127701375245578 0.07
0 0.4518664047151277 0.433125 0.20039292730844793 0.07875
0 0.47838899803536344 0.289375 0.07269155206286837 0.051250000000000004
0 0.5255402750491158 0.14875 0.12377210216110018 0.0725
0 0.6227897838899803 0.7993750000000001 0.04715127701375245 0.10875
0 0.6542239685658153 0.45437500000000003 0.1335952848722986 0.10625
0 0.8045186640471512 0.795 0.21414538310412573 0.0775
0 0.8084479371316305 0.631875 0.06876227897838899 0.06375
0 0.8084479371316305 0.15687500000000001 0.1355599214145383 0.08375
0 0.8516699410609037 0.42562500000000003 0.10412573673870333 0.08875
