0 0.1326676176890157 0.44921875 0.042796005706134094 0.08984375
0 0.12838801711840228 0.28955078125 0.028530670470756064 0.0537109375
0 0.144793152639087 0.07373046875 0.029957203994293868 0.0712890625
0 0.16690442225392296 0.4326171875 0.03138373751783167 0.056640625
0 0.15477888730385164 0.75634765625 0.02710413694721826 0.0302734375
0 0.18188302425106992 0.07275390625 0.04136947218259629 0.0712890625
0 0.18188302425106992 0.75439453125 0.021398002853067047 0.0205078125
0 0.20756062767475036 0.75634765625 0.02710413694721826 0.0302734375
0 0.2268188302425107 0.80078125 0.04850213980028531 0.02734375
0 0.23609129814550642 0.07373046875 0.06990014265335236 0.0732421875
0 0.23823109843081314 0.44140625 0.10841654778887304 0.07421875
0 0.23395149786019973 0.75439453125 0.02282453637660485 0.0205078125
0 0.2867332382310984 0.0751953125 0.028530670470756064 0.068359375
0 0.2717546362339515 0.75048828125 0.05563480741797432 0.0478515625
0 0.3159771754636234 0.451171875 0.0442225392296719 0.08984375
0 0.3238231098430813 0.75537109375 0.05420827389443652 0.0361328125
0 0.37589158345221113 0.75927734375 0.0442225392296719 0.0224609375
0 0.41512125534950073 0.43115234375 0.034236804564907276 0.0595703125
0 0.43437945791726107 0.08544921875 0.02710413694721826 0.0966796875
0 0.442225392296719 0.7734375 0.08273894436519258 0.072265625
0 0.4643366619115549 0.078125 0.02710413694721826 0.08203125
0 0.47360912981455067 0.44140625 0.0884450784593438 0.080078125
0 0.48074179743223966 0.755859375 0.042796005706134094 0.033203125
0 0.5106990014265336 0.06787109375 0.06276747503566334 0.0654296875
0 0.5320970042796006 0.755859375 0.05706134094151213 0.029296875
0 0.5356633380884451 0.44091796875 0.02710413694721826 0.0791015625
0 0.5713266761768901 0.43310546875 0.029957203994293868 0.0556640625
0 0.6169757489300999 0.0576171875 0.02710413694721826 0.05078125
0 0.6462196861626248 0.0732421875 0.028530670470756064 0.083984375
0 0.6704707560627675 0.7333984375 0.017118402282453638 0.017578125
0 0.6776034236804566 0.07421875 0.039942938659058486 0.080078125
0 0.6861626248216833 0.43896484375 0.07417974322396577 0.0986328125
0 0.7218259629101285 0.7607421875 0.06847360912981455 0.0703125
0 0.7510699001426534 0.41943359375 0.047075606276747506 0.0595703125
0 0.8516405135520685 0.07421875 0.1340941512125535 0.083984375
0 0.8594864479315264 0.75146484375 0.03281027104136947 0.0419921875
0 0.9015691868758916 0.7490234375 0.03138373751783167 0.046875
0 0.9015691868758916 0.43701171875 0.028530670470756064 0.0751953125
