0 0.12 0.21311475409836064 0.042666666666666665 0.07285974499089254
0 0.16133333333333333 0.21402550091074682 0.04 0.07468123861566485
0 0.21733333333333332 0.09016393442622951 0.22666666666666666 0.11475409836065574
0 0.36266666666666664 0.1575591985428051 0.032 0.060109289617486336
0 0.3973333333333333 0.15938069216757741 0.03733333333333333 0.060109289617486336
0 0.4066666666666667 0.45264116575591984 0.06133333333333333 0.1111111111111111
0 0.48133333333333334 0.453551912568306 0.07733333333333334 0.1092896174863388
0 0.504 0.08196721311475409 0.176 0.08743169398907104
0 0.612 0.07741347905282331 0.04533333333333333 0.07832422586520947
0 0.644 0.4326047358834244 0.04533333333333333 0.07103825136612021
0 0.6853333333333333 0.4344262295081967 0.042666666666666665 0.07468123861566485
0 0.7 0.05100182149362477 0.056 0.03642987249544627
0 0.7919999999999999 0.44171220400728595 0.03733333333333333 0.0965391621129326
0 0.8133333333333334 0.06648451730418943 0.11733333333333333 0.07103825136612021
0 0.8666666666666666 0.4435336976320583 0.10666666666666666 0.11839708561020036
0 0.9146666666666666 0.07012750455373407 0.03733333333333333 0.06375227686703097
0 0.9493333333333333 0.07012750455373407 0.03733333333333333 0.06375227686703097
