0 0.1424361493123772 0.37875000000000003 0.08447937131630648 0.04
0 0.17288801571709234 0.71625 0.1335952848722986 0.105
0 0.14636542239685657 0.274375 0.12377210216110018 0.06375
0 0.18958742632612965 0.151875 0.12770137524557956 0.08375
0 0.3379174852652259 0.70375 0.10216110019646364 0.0725
0 0.26129666011787817 0.53625 0.2907662082514735 0.085
0 0.39587426326129665 0.175625 0.12377210216110018 0.07625
0 0.4243614931237721 0.57125 0.0667976424361493 0.015
0 0.5697445972495088 0.521875 0.10609037328094302 0.04625
0 0.5854616895874263 0.18937500000000002 0.10216110019646364 0.051250000000000004
0 0.6080550098231826 0.7000000000000001 0.19449901768172886 0.095
0 0.7730844793713163 0.536875 0.19842829076620824 0.08875
0 0.8104125736738703 0.198125 0.15520628683693516 0.11125
0 0.8605108055009822 0.694375 0.0943025540275049 0.04625
0 0.8929273084479371 0.880625 0.07662082514734773 0.03625
