0 0.012 0.1624087591240876 0.018666666666666665 0.010948905109489052
0 0.009333333333333332 0.5045620437956204 0.013333333333333332 0.009124087591240875
0 0.025333333333333333 0.17791970802919707 0.013333333333333332 0.009124087591240875
0 0.025333333333333333 0.9790145985401459 0.013333333333333332 0.009124087591240875
0 0.04933333333333333 0.833029197080292 0.013333333333333332 0.009124087591240875
0 0.050666666666666665 0.9133211678832116 0.016 0.041970802919708027
0 0.09466666666666666 0.1687956204379562 0.013333333333333332 0.009124087591240875
0 0.09733333333333333 0.9881386861313868 0.013333333333333332 0.009124087591240875
0 0.13733333333333334 0.573905109489051 0.013333333333333332 0.009124087591240875
0 0.13999999999999999 0.25821167883211676 0.013333333333333332 0.009124087591240875
0 0.15333333333333332 0.22901459854014597 0.013333333333333332 0.009124087591240875
0 0.17733333333333332 0.7782846715328466 0.013333333333333332 0.009124087591240875
0 0.18133333333333332 0.0812043795620438 0.048 0.10766423357664233
0 0.19733333333333333 0.6551094890510949 0.016 0.014598540145985401
0 0.22799999999999998 0.07025547445255474 0.04533333333333333 0.08211678832116788
0 0.27599999999999997 0.07025547445255474 0.04533333333333333 0.08211678832116788
0 0.32266666666666666 0.08302919708029197 0.048 0.10766423357664233
0 0.32666666666666666 0.6815693430656934 0.013333333333333332 0.009124087591240875
0 0.3293333333333333 0.30930656934306566 0.013333333333333332 0.009124087591240875
0 0.364 0.7034671532846715 0.013333333333333332 0.009124087591240875
0 0.30933333333333335 0.9625912408759124 0.13333333333333333 0.020072992700729927
0 0.3773333333333333 0.20985401459854014 0.013333333333333332 0.01824817518248175
0 0.388 0.3166058394160584 0.013333333333333332 0.009124087591240875
0 0.4093333333333333 0.8366788321167883 0.013333333333333332 0.009124087591240875
0 0.43066666666666664 0.45529197080291967 0.013333333333333332 0.009124087591240875
0 0.43866666666666665 0.7782846715328466 0.013333333333333332 0.009124087591240875
0 0.4333333333333333 0.9461678832116788 0.024 0.027372262773722626
0 0.4413333333333333 0.9133211678832116 0.013333333333333332 0.009124087591240875
0 0.4493333333333333 0.1377737226277372 0.013333333333333332 0.009124087591240875
0 0.4973333333333333 0.9644160583941606 0.013333333333333332 0.009124087591240875
0 0.5133333333333333 0.12408759124087591 0.013333333333333332 0.010948905109489052
0 0.5133333333333333 0.750912408759124 0.013333333333333332 0.009124087591240875
0 0.5213333333333333 0.8549270072992701 0.013333333333333332 0.009124087591240875
0 0.5346666666666666 0.09945255474452555 0.013333333333333332 0.009124087591240875
0 0.5479999999999999 0.8531021897810219 0.013333333333333332 0.009124087591240875
0 0.5533333333333333 0.4680656934306569 0.013333333333333332 0.009124087591240875
0 0.5826666666666667 0.03193430656934306 0.013333333333333332 0.009124087591240875
0 0.596 0.18156934306569342 0.013333333333333332 0.009124087591240875
0 0.596 0.7107664233576642 0.013333333333333332 0.009124087591240875
0 0.5986666666666667 0.3147810218978102 0.013333333333333332 0.009124087591240875
0 0.612 0.718065693430657 0.013333333333333332 0.009124087591240875
0 0.6173333333333333 0.8950729927007299 0.013333333333333332 0.009124087591240875
0 0.6333333333333333 0.8083941605839415 0.018666666666666665 0.014598540145985401
0 0.6333333333333333 0.08759124087591241 0.056 0.0948905109489051
0 0.6493333333333333 0.6614963503649635 0.013333333333333332 0.009124087591240875
0 0.6626666666666666 0.35310218978102187 0.013333333333333332 0.009124087591240875
0 0.6679999999999999 0.7655109489051095 0.013333333333333332 0.009124087591240875
0 0.6866666666666666 0.1833941605839416 0.013333333333333332 0.009124087591240875
0 0.6946666666666667 0.17791970802919707 0.013333333333333332 0.009124087591240875
0 0.6946666666666667 0.4096715328467153 0.013333333333333332 0.009124087591240875
0 0.6893333333333334 0.08576642335766423 0.056 0.0948905109489051
0 0.7 0.5903284671532847 0.013333333333333332 0.009124087591240875
0 0.7453333333333333 0.0885036496350365 0.056 0.09671532846715328
0 0.7986666666666666 0.7326642335766423 0.013333333333333332 0.009124087591240875
0 0.8119999999999999 0.7253649635036497 0.013333333333333332 0.009124087591240875
0 0.8079999999999999 0.08759124087591241 0.06933333333333333 0.09854014598540145
0 0.82 0.8403284671532847 0.013333333333333332 0.009124087591240875
0 0.836 0.8111313868613138 0.013333333333333332 0.009124087591240875
0 0.8466666666666667 0.2728102189781022 0.013333333333333332 0.009124087591240875
0 0.8693333333333333 0.8120437956204379 0.021333333333333333 0.0364963503649635
0 0.9079999999999999 0.6085766423357664 0.013333333333333332 0.009124087591240875
