0 0.005333333333333333 0.13412408759124086 0.010666666666666666 0.009124087591240875
0 0.03333333333333333 0.9443430656934306 0.013333333333333332 0.009124087591240875
0 0.06266666666666666 0.9096715328467153 0.013333333333333332 0.009124087591240875
0 0.08533333333333333 0.5383211678832117 0.026666666666666665 0.021897810218978103
0 0.092 0.8640510948905109 0.013333333333333332 0.009124087591240875
0 0.14133333333333334 0.05291970802919708 0.10133333333333333 0.051094890510948905
0 0.10666666666666666 0.18704379562043796 0.032 0.05656934306569343
0 0.11866666666666666 0.11222627737226278 0.013333333333333332 0.009124087591240875
0 0.13066666666666665 0.5620437956204379 0.06933333333333333 0.072992700729927
0 0.15866666666666665 0.22354014598540145 0.013333333333333332 0.009124087591240875
0 0.13866666666666666 0.4105839416058394 0.10133333333333333 0.072992700729927
0 0.14133333333333334 0.7974452554744526 0.06933333333333333 0.08759124087591241
0 0.16933333333333334 0.1468978102189781 0.013333333333333332 0.009124087591240875
0 0.132 0.6605839416058394 0.11466666666666667 0.06204379562043796
0 0.16133333333333333 0.2983576642335766 0.13599999999999998 0.05656934306569343
0 0.17866666666666667 0.5629562043795621 0.032 0.07116788321167883
0 0.16666666666666666 0.8512773722627737 0.104 0.19160583941605838
0 0.20666666666666667 0.34397810218978103 0.013333333333333332 0.009124087591240875
0 0.20666666666666667 0.5392335766423357 0.013333333333333332 0.009124087591240875
0 0.20933333333333332 0.34397810218978103 0.013333333333333332 0.009124087591240875
0 0.216 0.1760948905109489 0.06933333333333333 0.05656934306569343
0 0.236 0.7527372262773723 0.013333333333333332 0.009124087591240875
0 0.22533333333333333 0.7828467153284672 0.04533333333333333 0.05474452554744525
0 0.244 0.6906934306569343 0.013333333333333332 0.009124087591240875
0 0.252 0.6906934306569343 0.013333333333333332 0.009124087591240875
0 0.2653333333333333 0.6195255474452555 0.013333333333333332 0.009124087591240875
0 0.25866666666666666 0.06843065693430657 0.096 0.08941605839416059
0 0.29466666666666663 0.865875912408759 0.013333333333333332 0.012773722627737226
0 0.3213333333333333 0.9881386861313868 0.013333333333333332 0.009124087591240875
0 0.32666666666666666 0.8640510948905109 0.013333333333333332 0.009124087591240875
0 0.3453333333333333 0.8950729927007299 0.013333333333333332 0.009124087591240875
0 0.36133333333333334 0.046532846715328466 0.08266666666666667 0.06386861313868612
0 0.372 0.21441605839416059 0.013333333333333332 0.009124087591240875
0 0.3773333333333333 0.12317518248175183 0.013333333333333332 0.009124087591240875
0 0.3853333333333333 0.7618613138686131 0.013333333333333332 0.009124087591240875
0 0.39066666666666666 0.7618613138686131 0.013333333333333332 0.009124087591240875
0 0.3933333333333333 0.5793795620437956 0.013333333333333332 0.009124087591240875
0 0.4093333333333333 0.615875912408759 0.013333333333333332 0.009124087591240875
0 0.43866666666666665 0.6961678832116788 0.013333333333333332 0.009124087591240875
0 0.4413333333333333 0.7764598540145985 0.013333333333333332 0.009124087591240875
0 0.4706666666666667 0.7782846715328466 0.013333333333333332 0.009124087591240875
0 0.48133333333333334 0.9005474452554745 0.013333333333333332 0.009124087591240875
0 0.484 0.3366788321167883 0.013333333333333332 0.009124087591240875
0 0.5293333333333333 0.6240875912408759 0.14666666666666667 0.12043795620437955
0 0.484 0.7801094890510949 0.013333333333333332 0.009124087591240875
0 0.5146666666666666 0.05474452554744525 0.064 0.08029197080291971
0 0.5479999999999999 0.7764598540145985 0.013333333333333332 0.009124087591240875
0 0.5626666666666666 0.8722627737226277 0.032 0.01824817518248175
0 0.5693333333333334 0.5136861313868613 0.013333333333333332 0.012773722627737226
0 0.6106666666666667 0.9041970802919708 0.06933333333333333 0.08576642335766423
0 0.6186666666666667 0.7673357664233577 0.032 0.020072992700729927
0 0.6453333333333333 0.18065693430656934 0.021333333333333333 0.01824817518248175
0 0.6186666666666667 0.36496350364963503 0.17066666666666666 0.20437956204379562
0 0.6493333333333333 0.791970802919708 0.029333333333333333 0.06934306569343066
0 0.6773333333333333 0.9051094890510949 0.06933333333333333 0.08759124087591241
0 0.652 0.08576642335766423 0.08266666666666667 0.0948905109489051
0 0.6546666666666666 0.5757299270072993 0.09866666666666667 0.10401459854014598
0 0.6839999999999999 0.7755474452554745 0.04533333333333333 0.040145985401459854
0 0.748 0.38503649635036497 0.013333333333333332 0.010948905109489052
0 0.756 0.48813868613138683 0.024 0.04562043795620438
0 0.7613333333333333 0.3804744525547445 0.013333333333333332 0.009124087591240875
0 0.8293333333333333 0.2801094890510949 0.03733333333333333 0.06021897810218978
0 0.8626666666666667 0.06478102189781022 0.09333333333333332 0.09306569343065693
0 0.8653333333333333 0.8056569343065693 0.013333333333333332 0.009124087591240875
0 0.8786666666666666 0.718065693430657 0.013333333333333332 0.009124087591240875
0 0.884 0.6505474452554745 0.013333333333333332 0.009124087591240875
0 0.8893333333333333 0.2801094890510949 0.088 0.06021897810218978
0 0.9226666666666666 0.058394160583941604 0.032 0.07664233576642336
0 0.9506666666666667 0.2801094890510949 0.013333333333333332 0.009124087591240875
0 0.9533333333333333 0.750912408759124 0.013333333333333332 0.009124087591240875
0 0.9906666666666666 0.6870437956204379 0.013333333333333332 0.009124087591240875
