0 0.06704707560627675 0.22998046875 0.02567760342368046 0.0361328125
0 0.09771754636233952 0.05517578125 0.02710413694721826 0.0615234375
0 0.09771754636233952 0.22900390625 0.02710413694721826 0.0322265625
0 0.11840228245363767 0.63720703125 0.05706134094151213 0.1044921875
0 0.1390870185449358 0.0556640625 0.05848787446504993 0.060546875
0 0.1833095577746077 0.0478515625 0.024251069900142655 0.046875
0 0.19044222539229672 0.65576171875 0.06990014265335236 0.1435546875
0 0.17261055634807418 0.9658203125 0.05420827389443652 0.015625
0 0.23109843081312412 0.353515625 0.028530670470756064 0.072265625
0 0.26462196861626247 0.353515625 0.029957203994293868 0.07421875
0 0.2603423680456491 0.6376953125 0.07275320970042796 0.142578125
0 0.23609129814550642 0.9658203125 0.07275320970042796 0.015625
0 0.3231098430813124 0.34521484375 0.08416547788873038 0.0751953125
0 0.4136947218259629 0.06640625 0.02567760342368046 0.06640625
0 0.43865905848787445 0.31884765625 0.02710413694721826 0.0341796875
0 0.46790299572039945 0.33544921875 0.02567760342368046 0.0673828125
0 0.4664764621968616 0.05810546875 0.07417974322396577 0.0517578125
0 0.521398002853067 0.33544921875 0.07560627674750357 0.0673828125
0 0.5827389443651926 0.06591796875 0.09843081312410842 0.0673828125
0 0.7567760342368046 0.05322265625 0.052781740370898715 0.0693359375
0 0.7774607703281027 0.6171875 0.042796005706134094 0.103515625
0 0.8309557774607703 0.6171875 0.052781740370898715 0.10546875
0 0.8423680456490727 0.34912109375 0.12981455064194009 0.0517578125
0 0.8873038516405136 0.6318359375 0.05706134094151213 0.12890625
0 0.8758915834522112 0.046875 0.05135520684736092 0.03125
0 0.8730385164051355 0.4560546875 0.07703281027104138 0.068359375
0 0.9194008559201141 0.349609375 0.02710413694721826 0.05078125
