0 0.07466666666666666 0.8056569343065693 0.026666666666666665 0.03467153284671533
0 0.11066666666666666 0.9653284671532847 0.08266666666666667 0.025547445255474453
0 0.08666666666666667 0.40145985401459855 0.029333333333333333 0.0364963503649635
0 0.11866666666666666 0.8558394160583941 0.08266666666666667 0.13503649635036497
0 0.10133333333333333 0.06751824817518248 0.032 0.06934306569343066
0 0.096 0.6724452554744526 0.026666666666666665 0.05656934306569343
0 0.12933333333333333 0.5848540145985401 0.013333333333333332 0.009124087591240875
0 0.13999999999999999 0.5885036496350364 0.018666666666666665 0.016423357664233577
0 0.13999999999999999 0.6715328467153284 0.06666666666666667 0.058394160583941604
0 0.17733333333333332 0.2983576642335766 0.013333333333333332 0.009124087591240875
0 0.20666666666666667 0.9443430656934306 0.013333333333333332 0.009124087591240875
0 0.21466666666666667 0.43886861313868614 0.013333333333333332 0.009124087591240875
0 0.19599999999999998 0.23083941605839414 0.21066666666666667 0.09306569343065693
0 0.22 0.43886861313868614 0.013333333333333332 0.009124087591240875
0 0.25066666666666665 0.6651459854014599 0.08533333333333333 0.07846715328467153
0 0.22799999999999998 0.43886861313868614 0.013333333333333332 0.009124087591240875
0 0.236 0.7928832116788321 0.013333333333333332 0.009124087591240875
0 0.26 0.035583941605839414 0.013333333333333332 0.009124087591240875
0 0.284 0.035583941605839414 0.013333333333333332 0.009124087591240875
0 0.292 0.8038321167883211 0.013333333333333332 0.009124087591240875
0 0.364 0.9516423357664233 0.013333333333333332 0.009124087591240875
0 0.38266666666666665 0.09580291970802919 0.034666666666666665 0.08211678832116788
0 0.38 0.7773722627737226 0.04533333333333333 0.12773722627737225
0 0.4013333333333333 0.5885036496350364 0.04 0.08211678832116788
0 0.42266666666666663 0.08485401459854014 0.050666666666666665 0.06386861313868612
0 0.428 0.3147810218978102 0.013333333333333332 0.009124087591240875
0 0.444 0.8056569343065693 0.088 0.11861313868613138
0 0.43066666666666664 0.9735401459854014 0.013333333333333332 0.009124087591240875
0 0.4413333333333333 0.3147810218978102 0.013333333333333332 0.009124087591240875
0 0.45599999999999996 0.5994525547445255 0.08 0.10401459854014598
0 0.45866666666666667 0.08576642335766423 0.026666666666666665 0.06204379562043796
0 0.508 0.08485401459854014 0.072 0.06386861313868612
0 0.5559999999999999 0.7691605839416058 0.013333333333333332 0.009124087591240875
0 0.564 0.8257299270072992 0.013333333333333332 0.009124087591240875
0 0.6066666666666667 0.8385036496350364 0.013333333333333332 0.009124087591240875
0 0.6213333333333333 0.7801094890510949 0.016 0.016423357664233577
0 0.6253333333333333 0.9735401459854014 0.013333333333333332 0.009124087591240875
0 0.7053333333333333 0.9735401459854014 0.013333333333333332 0.009124087591240875
0 0.732 0.5994525547445255 0.013333333333333332 0.009124087591240875
0 0.7533333333333333 0.04288321167883211 0.024 0.03102189781021898
0 0.772 0.01551094890510949 0.013333333333333332 0.009124087591240875
0 0.78 0.8421532846715328 0.013333333333333332 0.009124087591240875
0 0.7853333333333333 0.4187956204379562 0.08266666666666667 0.023722627737226276
0 0.8173333333333334 0.8211678832116788 0.013333333333333332 0.010948905109489052
0 0.8146666666666667 0.5620437956204379 0.04 0.08029197080291971
0 0.8253333333333333 0.8202554744525548 0.013333333333333332 0.009124087591240875
0 0.836 0.9060218978102189 0.013333333333333332 0.009124087591240875
0 0.8466666666666667 0.03010948905109489 0.013333333333333332 0.009124087591240875
0 0.8506666666666667 0.5510948905109488 0.03733333333333333 0.06204379562043796
0 0.824 0.21350364963503649 0.13866666666666666 0.05474452554744525
0 0.86 0.07937956204379562 0.013333333333333332 0.009124087591240875
0 0.8506666666666667 0.4187956204379562 0.058666666666666666 0.023722627737226276
0 0.8706666666666666 0.07755474452554745 0.013333333333333332 0.009124087591240875
0 0.884 0.697992700729927 0.056 0.07116788321167883
0 0.8933333333333333 0.5711678832116788 0.05333333333333333 0.10218978102189781
0 0.8906666666666666 0.4187956204379562 0.026666666666666665 0.016423357664233577
0 0.9026666666666666 0.22992700729927007 0.024 0.021897810218978103
0 0.956 0.375 0.013333333333333332 0.009124087591240875
0 0.9613333333333333 0.41514598540145986 0.013333333333333332 0.009124087591240875
0 0.9933333333333333 0.5355839416058394 0.008 0.009124087591240875
