0 0.052 0.09016393442622951 0.029333333333333333 0.08561020036429873
0 0.08 0.07285974499089254 0.032 0.05100182149362477
0 0.17066666666666666 0.2887067395264117 0.026666666666666665 0.030965391621129327
0 0.192 0.860655737704918 0.064 0.04918032786885246
0 0.22533333333333333 0.3151183970856102 0.088 0.08378870673952642
0 0.21866666666666665 0.122040072859745 0.10666666666666666 0.08014571948998178
0 0.27199999999999996 0.6302367941712204 0.18133333333333332 0.1493624772313297
0 0.30666666666666664 0.8570127504553734 0.064 0.06375227686703097
0 0.3733333333333333 0.3224043715846995 0.08 0.0692167577413479
0 0.4053333333333333 0.8588342440801457 0.064 0.04918032786885246
0 0.48666666666666664 0.8770491803278688 0.029333333333333333 0.06375227686703097
0 0.5213333333333333 0.31693989071038253 0.11466666666666667 0.09836065573770492
0 0.52 0.8843351548269581 0.042666666666666665 0.07832422586520947
0 0.6226666666666666 0.8806921675774135 0.06666666666666667 0.09289617486338798
0 0.6426666666666666 0.3205828779599271 0.026666666666666665 0.09107468123861566
0 0.6706666666666666 0.3205828779599271 0.029333333333333333 0.09107468123861566
0 0.696 0.3123861566484517 0.026666666666666665 0.07832422586520947
0 0.712 0.6357012750455373 0.15466666666666667 0.1493624772313297
0 0.8133333333333334 0.1703096539162113 0.026666666666666665 0.04918032786885246
0 0.8186666666666667 0.599271402550091 0.016 0.01092896174863388
0 0.8306666666666667 0.5947176684881603 0.013333333333333332 0.009107468123861567
0 0.8293333333333333 0.33515482695810567 0.15466666666666667 0.12386156648451731
0 0.856 0.18214936247723132 0.064 0.07650273224043716
0 0.876 0.8743169398907104 0.06133333333333333 0.06557377049180328
0 0.8746666666666666 0.6357012750455373 0.064 0.09836065573770492
0 0.8986666666666666 0.18397085610200364 0.032 0.07650273224043716
0 0.9119999999999999 0.5947176684881603 0.021333333333333333 0.012750455373406192
