0 0.15717092337917485 0.7225 0.09037328094302553 0.0775
0 0.1473477406679764 0.49312500000000004 0.10216110019646364 0.10875
0 0.14833005893909626 0.19062500000000002 0.15127701375245578 0.07125000000000001
0 0.3222003929273084 0.719375 0.08644400785854617 0.07125000000000001
0 0.3290766208251473 0.856875 0.07269155206286837 0.03875
0 0.3968565815324165 0.486875 0.16895874263261296 0.10125
0 0.5265225933202358 0.885 0.12966601178781925 0.0375
0 0.6090373280943026 0.481875 0.12573673870333987 0.08375
0 0.5992141453831041 0.59375 0.10216110019646364 0.02
0 0.62475442043222 0.733125 0.12966601178781925 0.06875
0 0.7701375245579567 0.76625 0.0667976424361493 0.0475
0 0.8172888015717091 0.201875 0.21611001964636542 0.10375000000000001
0 0.8339882121807465 0.4825 0.15913555992141454 0.0775
0 0.8831041257367387 0.7262500000000001 0.0805500982318271 0.0375
