0 0.09700427960057062 0.10693359375 0.03138373751783167 0.0380859375
0 0.09700427960057062 0.41455078125 0.028530670470756064 0.0498046875
0 0.10485021398002853 0.72216796875 0.029957203994293868 0.0732421875
0 0.15977175463623394 0.12646484375 0.0912981455064194 0.0966796875
0 0.12410841654778888 0.884765625 0.028530670470756064 0.056640625
0 0.14407988587731813 0.4296875 0.06276747503566334 0.083984375
0 0.14265335235378032 0.55419921875 0.11126961483594865 0.0830078125
0 0.19614835948644793 0.7490234375 0.14693295292439373 0.142578125
0 0.19115549215406563 0.42236328125 0.028530670470756064 0.0791015625
0 0.26176890156918686 0.0439453125 0.029957203994293868 0.01953125
0 0.29885877318116977 0.42822265625 0.09843081312410842 0.0830078125
0 0.3159771754636234 0.07275390625 0.07560627674750357 0.0966796875
0 0.463623395149786 0.06884765625 0.0912981455064194 0.0771484375
0 0.522111269614836 0.068359375 0.03138373751783167 0.05859375
0 0.6077032810271041 0.076171875 0.028530670470756064 0.08984375
0 0.6854493580599145 0.072265625 0.12125534950071327 0.09765625
0 0.7289586305278174 0.421875 0.028530670470756064 0.072265625
0 0.7503566333808844 0.72900390625 0.042796005706134094 0.1083984375
0 0.7667617689015692 0.41259765625 0.0442225392296719 0.0576171875
0 0.8038516405135521 0.7275390625 0.06990014265335236 0.109375
0 0.8216833095577747 0.8994140625 0.15977175463623394 0.115234375
0 0.8509272467902996 0.4033203125 0.02710413694721826 0.037109375
0 0.8651925820256776 0.07861328125 0.0898716119828816 0.0595703125
0 0.9015691868758916 0.42138671875 0.07132667617689016 0.0732421875
0 0.8751783166904422 0.73583984375 0.06990014265335236 0.1279296875
