0 0.10342368045649072 0.86572265625 0.029957203994293868 0.0966796875
0 0.10770328102710414 0.712890625 0.029957203994293868 0.072265625
0 0.12196861626248218 0.07666015625 0.029957203994293868 0.0400390625
0 0.14122681883024252 0.72216796875 0.028530670470756064 0.0888671875
0 0.15763195435092725 0.0751953125 0.015691868758915834 0.037109375
0 0.16547788873038516 0.85595703125 0.0884450784593438 0.0810546875
0 0.1369472182596291 0.50439453125 0.14835948644793154 0.1337890625
0 0.18045649072753212 0.71240234375 0.0442225392296719 0.0732421875
0 0.23609129814550642 0.49853515625 0.05563480741797432 0.1083984375
0 0.26176890156918686 0.68603515625 0.029957203994293868 0.0341796875
0 0.27246790299572043 0.05517578125 0.011412268188302425 0.0400390625
0 0.3516405135520685 0.0732421875 0.11840228245363767 0.080078125
0 0.4950071326676177 0.30712890625 0.03138373751783167 0.0791015625
0 0.4893009985734665 0.0732421875 0.028530670470756064 0.05078125
0 0.5485021398002853 0.080078125 0.08416547788873038 0.07421875
0 0.5370898716119828 0.30615234375 0.047075606276747506 0.0791015625
0 0.6212553495007133 0.05419921875 0.024251069900142655 0.0361328125
0 0.681169757489301 0.07275390625 0.08416547788873038 0.0888671875
0 0.7553495007132668 0.8466796875 0.029957203994293868 0.0546875
0 0.8095577746077033 0.064453125 0.03281027104136947 0.05859375
0 0.8059914407988588 0.873046875 0.06847360912981455 0.109375
0 0.8473609129814551 0.0654296875 0.03138373751783167 0.05859375
0 0.884450784593438 0.86376953125 0.08273894436519258 0.0927734375
0 0.8880171184022825 0.07421875 0.047075606276747506 0.080078125
0 0.833808844507846 0.4912109375 0.1754636233951498 0.119140625
0 0.833095577746077 0.71923828125 0.19115549215406563 0.0986328125
