0 0.08202567760342368 0.939453125 0.02710413694721826 0.03515625
0 0.10627674750356633 0.54736328125 0.029957203994293868 0.0185546875
0 0.11055634807417974 0.09521484375 0.052781740370898715 0.0693359375
0 0.1326676176890157 0.845703125 0.1340941512125535 0.083984375
0 0.12125534950071327 0.35595703125 0.034236804564907276 0.1181640625
0 0.16119828815977175 0.10693359375 0.05135520684736092 0.0927734375
0 0.20684736091298145 0.3466796875 0.1340941512125535 0.1015625
0 0.15763195435092725 0.57373046875 0.06990014265335236 0.0732421875
0 0.17118402282453637 0.94775390625 0.14835948644793154 0.0517578125
0 0.20470756062767476 0.107421875 0.03566333808844508 0.09375
0 0.20898716119828817 0.56591796875 0.02710413694721826 0.0537109375
0 0.2211126961483595 0.82666015625 0.039942938659058486 0.0576171875
0 0.30028530670470754 0.08740234375 0.047075606276747506 0.0986328125
0 0.33523537803138376 0.05859375 0.02567760342368046 0.041015625
0 0.48288159771754635 0.85888671875 0.10984308131241084 0.1103515625
0 0.6704707560627675 0.0810546875 0.034236804564907276 0.056640625
0 0.7061340941512125 0.0908203125 0.034236804564907276 0.076171875
0 0.7425106990014265 0.0888671875 0.03281027104136947 0.078125
0 0.7660485021398004 0.34033203125 0.03138373751783167 0.0908203125
0 0.7995720399429387 0.33984375 0.029957203994293868 0.091796875
0 0.8316690442225393 0.33154296875 0.028530670470756064 0.0732421875
0 0.8887303851640513 0.33203125 0.07988587731811697 0.07421875
0 0.9008559201141227 0.84912109375 0.047075606276747506 0.0791015625
0 0.8980028530670471 0.078125 0.052781740370898715 0.046875
