0 0.19842829076620824 0.21 0.14538310412573674 0.105
0 0.16601178781925344 0.49875 0.10805500982318271 0.055
0 0.15815324165029468 0.726875 0.11591355599214144 0.10625
0 0.46758349705304514 0.49125 0.1335952848722986 0.0525
0 0.5383104125736738 0.73 0.14538310412573674 0.0725
0 0.7318271119842829 0.698125 0.11984282907662082 0.01875
0 0.7141453831041257 0.83375 0.10805500982318271 0.07
0 0.8369351669941061 0.51 0.1768172888015717 0.065
0 0.8241650294695481 0.2125 0.1473477406679764 0.0825
0 0.8713163064833005 0.716875 0.11591355599214144 0.051250000000000004
