0 0.11886051080550097 0.856875 0.08840864440078584 0.04875
0 0.16601178781925344 0.27187500000000003 0.060903732809430254 0.03625
0 0.16011787819253437 0.185 0.07269155206286837 0.035
0 0.22691552062868367 0.77375 0.060903732809430254 0.055
0 0.22593320235756384 0.445 0.12573673870333987 0.065
0 0.34774066797642433 0.77875 0.07072691552062868 0.05
0 0.35461689587426326 0.16875 0.17878192534381138 0.07
0 0.44597249508840864 0.904375 0.1493123772102161 0.02125
0 0.4577603143418467 0.419375 0.12180746561886051 0.05625
0 0.5520628683693516 0.7837500000000001 0.07465618860510805 0.0325
0 0.56188605108055 0.13875 0.12180746561886051 0.07
0 0.6679764243614931 0.4225 0.12966601178781925 0.05
0 0.6630648330058939 0.795 0.06876227897838899 0.0325
0 0.7239685658153241 0.75625 0.05697445972495088 0.0175
0 0.7779960707269155 0.9025 0.1335952848722986 0.0375
0 0.8428290766208251 0.781875 0.023575638506876224 0.01875
0 0.8359528487229861 0.171875 0.15913555992141454 0.08375
0 0.8919449901768173 0.781875 0.07858546168958742 0.01875
