0 0.09629101283880172 0.60498046875 0.06419400855920114 0.0673828125
0 0.10271041369472184 0.84912109375 0.014265335235378032 0.0205078125
0 0.10912981455064194 0.748046875 0.024251069900142655 0.05859375
0 0.1355206847360913 0.84912109375 0.014265335235378032 0.0205078125
0 0.14407988587731813 0.59619140625 0.028530670470756064 0.0498046875
0 0.144793152639087 0.75830078125 0.021398002853067047 0.0791015625
0 0.15477888730385164 0.384765625 0.1840228245363766 0.099609375
0 0.15977175463623394 0.08837890625 0.1340941512125535 0.1064453125
0 0.18045649072753212 0.74853515625 0.02710413694721826 0.0595703125
0 0.24322396576319544 0.07568359375 0.029957203994293868 0.0673828125
0 0.25962910128388017 0.72509765625 0.02282453637660485 0.0341796875
0 0.2603423680456491 0.05078125 0.01283880171184023 0.01171875
0 0.34736091298145505 0.3779296875 0.11269614835948645 0.099609375
0 0.33024251069900146 0.75732421875 0.10984308131241084 0.0986328125
0 0.43651925820256776 0.74951171875 0.11126961483594865 0.0966796875
0 0.4614835948644793 0.0732421875 0.04136947218259629 0.025390625
0 0.4743223965763196 0.349609375 0.021398002853067047 0.033203125
0 0.5527817403708988 0.09033203125 0.02710413694721826 0.0908203125
0 0.5813124108416547 0.3818359375 0.181169757489301 0.099609375
0 0.6105563480741798 0.72900390625 0.02567760342368046 0.0498046875
0 0.6119828815977175 0.0830078125 0.0912981455064194 0.076171875
0 0.6797432239657633 0.75341796875 0.10699001426533523 0.0986328125
0 0.7068473609129815 0.087890625 0.10128388017118403 0.095703125
0 0.74679029957204 0.73046875 0.02710413694721826 0.046875
0 0.8238231098430814 0.0751953125 0.02710413694721826 0.06640625
0 0.8708987161198288 0.083984375 0.06419400855920114 0.09765625
0 0.8273894436519258 0.3798828125 0.17118402282453637 0.099609375
0 0.8744650499286734 0.74560546875 0.0912981455064194 0.0595703125
