0 0.13752455795677798 0.853125 0.05108055009823182 0.03375
0 0.18762278978388996 0.6531250000000001 0.09626719056974459 0.02375
0 0.19744597249508838 0.20500000000000002 0.14341846758349705 0.0775
0 0.16601178781925344 0.439375 0.09233791748526522 0.01875
0 0.35461689587426326 0.4675 0.1355599214145383 0.0625
0 0.41257367387033395 0.7425 0.14145383104125736 0.0675
0 0.580550098231827 0.1675 0.09233791748526522 0.02
0 0.6041257367387033 0.4375 0.09233791748526522 0.06
0 0.712180746561886 0.47875 0.0805500982318271 0.04
0 0.8290766208251473 0.19062500000000002 0.15717092337917485 0.08625000000000001
0 0.8555992141453831 0.73375 0.09626719056974459 0.14250000000000002
0 0.8487229862475442 0.43875000000000003 0.11787819253438113 0.0525
