0 0.11493123772102161 0.241875 0.08447937131630648 0.01875
0 0.12770137524557956 0.594375 0.07465618860510805 0.01625
0 0.1817288801571709 0.80625 0.10412573673870333 0.04
0 0.22593320235756384 0.15687500000000001 0.12573673870333987 0.07375
0 0.21512770137524556 0.460625 0.11984282907662082 0.04125
0 0.26129666011787817 0.588125 0.0943025540275049 0.03125
0 0.4066797642436149 0.17500000000000002 0.1493123772102161 0.14250000000000002
0 0.4518664047151277 0.7837500000000001 0.22789783889980353 0.0425
0 0.44499017681728875 0.3225 0.15127701375245578 0.02
0 0.611984282907662 0.33125 0.06483300589390963 0.05
0 0.7298624754420432 0.4575 0.13163064833005894 0.0825
0 0.7455795677799607 0.665 0.174852652259332 0.06
0 0.8546168958742631 0.17500000000000002 0.11001964636542239 0.10250000000000001
0 0.8477406679764243 0.826875 0.11198428290766207 0.13625
