0 0.09700427960057062 0.115234375 0.034236804564907276 0.09765625
0 0.1326676176890157 0.115234375 0.034236804564907276 0.099609375
0 0.1433666191155492 0.91650390625 0.10984308131241084 0.1142578125
0 0.20827389443651925 0.3583984375 0.11126961483594865 0.06640625
0 0.19614835948644793 0.125 0.0898716119828816 0.12109375
0 0.224679029957204 0.89013671875 0.06419400855920114 0.0751953125
0 0.2788873038516405 0.90087890625 0.04136947218259629 0.0830078125
0 0.275320970042796 0.3583984375 0.028530670470756064 0.06640625
0 0.3666191155492154 0.30126953125 0.02282453637660485 0.0166015625
0 0.3930099857346648 0.33056640625 0.02710413694721826 0.0751953125
0 0.42011412268188303 0.337890625 0.02710413694721826 0.08984375
0 0.4472182596291013 0.3369140625 0.02710413694721826 0.08984375
0 0.81169757489301 0.337890625 0.07417974322396577 0.06640625
0 0.8252496433666191 0.103515625 0.03851640513552069 0.091796875
0 0.8359486447931527 0.48779296875 0.02567760342368046 0.0966796875
0 0.8473609129814551 0.8720703125 0.011412268188302425 0.01171875
0 0.8594864479315264 0.3486328125 0.02710413694721826 0.080078125
0 0.8530670470756063 0.912109375 0.14835948644793154 0.099609375
0 0.8666191155492154 0.10546875 0.03851640513552069 0.095703125
0 0.8894436519258203 0.486328125 0.07560627674750357 0.099609375
0 0.8894436519258203 0.32177734375 0.024251069900142655 0.0341796875
0 0.9079885877318117 0.10498046875 0.03851640513552069 0.0927734375
0 0.9236804564907276 0.3466796875 0.03851640513552069 0.08203125
