0 0.0898716119828816 0.41943359375 0.017118402282453638 0.0263671875
0 0.11483594864479316 0.11767578125 0.06419400855920114 0.0830078125
0 0.10912981455064194 0.7119140625 0.03281027104136947 0.060546875
0 0.1390870185449358 0.4189453125 0.018544935805991442 0.02734375
0 0.15192582025677603 0.70361328125 0.049928673323823114 0.0419921875
0 0.1790299572039943 0.11083984375 0.06419400855920114 0.0693359375
0 0.2781740370898716 0.4150390625 0.07703281027104138 0.05078125
0 0.25463623395149787 0.7109375 0.029957203994293868 0.052734375
0 0.32667617689015693 0.423828125 0.02567760342368046 0.06640625
0 0.3052781740370899 0.70166015625 0.06847360912981455 0.0380859375
0 0.4194008559201141 0.556640625 0.028530670470756064 0.08984375
0 0.4472182596291013 0.6748046875 0.06419400855920114 0.068359375
0 0.4614835948644793 0.8955078125 0.1326676176890157 0.1171875
0 0.4907275320970043 0.55810546875 0.11126961483594865 0.1064453125
0 0.47004279600570614 0.4169921875 0.02710413694721826 0.048828125
0 0.4864479315263909 0.0888671875 0.028530670470756064 0.06640625
0 0.5035663338088445 0.43310546875 0.039942938659058486 0.0830078125
0 0.5156918687589158 0.0888671875 0.02710413694721826 0.06640625
0 0.5392296718972897 0.44140625 0.039942938659058486 0.099609375
0 0.5463623395149786 0.87939453125 0.02567760342368046 0.0830078125
0 0.5449358059914409 0.08837890625 0.02567760342368046 0.0654296875
0 0.5970042796005707 0.0966796875 0.07560627674750357 0.083984375
0 0.5699001426533524 0.4169921875 0.02710413694721826 0.048828125
0 0.6426533523537803 0.43359375 0.02710413694721826 0.08203125
0 0.6733238231098431 0.09033203125 0.028530670470756064 0.0654296875
0 0.6932952924393724 0.42529296875 0.07417974322396577 0.0673828125
0 0.7075606276747504 0.07470703125 0.039942938659058486 0.0361328125
0 0.7417974322396577 0.42626953125 0.02567760342368046 0.0654296875
0 0.7382310984308131 0.09130859375 0.024251069900142655 0.0654296875
0 0.7674750356633381 0.09033203125 0.02567760342368046 0.0673828125
0 0.8266761768901569 0.419921875 0.029957203994293868 0.05078125
0 0.8559201141226819 0.435546875 0.028530670470756064 0.08203125
0 0.8773181169757489 0.0693359375 0.07703281027104138 0.08203125
0 0.9029957203994294 0.4287109375 0.06562054208273894 0.068359375
0 0.927246790299572 0.06982421875 0.02282453637660485 0.0654296875
