0 0.09528487229862474 0.8525 0.03339882121807465 0.015
0 0.11001964636542239 0.1825 0.10609037328094302 0.0525
0 0.12377210216110018 0.61125 0.10216110019646364 0.0375
0 0.13850687622789784 0.734375 0.05697445972495088 0.02125
0 0.15815324165029468 0.424375 0.16699410609037327 0.07875
0 0.3005893909626719 0.2325 0.05500982318271119 0.0175
0 0.2868369351669941 0.11812500000000001 0.0667976424361493 0.043750000000000004
0 0.3330058939096267 0.7468750000000001 0.15127701375245578 0.051250000000000004
0 0.4803536345776031 0.409375 0.10019646365422397 0.051250000000000004
0 0.5108055009823183 0.87125 0.08644400785854617 0.0475
0 0.6257367387033398 0.745 0.07662082514734773 0.0475
0 0.680746561886051 0.573125 0.009823182711198428 0.00875
0 0.7092337917485265 0.565625 0.05500982318271119 0.01875
0 0.7730844793713163 0.16625 0.22200392927308446 0.11750000000000001
0 0.7917485265225933 0.435 0.1493123772102161 0.1
0 0.8330058939096266 0.748125 0.17288801571709234 0.058750000000000004
