0 0.08273894436519258 0.5869140625 0.037089871611982884 0.078125
0 0.11483594864479316 0.3271484375 0.06134094151212554 0.03515625
0 0.11126961483594865 0.10302734375 0.05135520684736092 0.0908203125
0 0.1312410841654779 0.57568359375 0.04850213980028531 0.0732421875
0 0.16191155492154066 0.09228515625 0.052781740370898715 0.0693359375
0 0.16904422253922968 0.3349609375 0.04136947218259629 0.05078125
0 0.3994293865905849 0.3212890625 0.03138373751783167 0.07421875
0 0.4379457917261056 0.31201171875 0.0456490727532097 0.0556640625
0 0.7931526390870186 0.0703125 0.028530670470756064 0.05078125
0 0.8231098430813124 0.8251953125 0.1340941512125535 0.072265625
0 0.8466476462196861 0.06982421875 0.07560627674750357 0.0517578125
0 0.8944365192582026 0.0859375 0.028530670470756064 0.083984375
0 0.9087018544935807 0.46875 0.03138373751783167 0.046875
0 0.942225392296719 0.46435546875 0.03566333808844508 0.0498046875
