0 0.13066666666666665 0.930783242258652 0.16533333333333333 0.058287795992714025
0 0.13999999999999999 0.6857923497267759 0.018666666666666665 0.03460837887067395
0 0.144 0.4726775956284153 0.042666666666666665 0.04918032786885246
0 0.18133333333333332 0.7012750455373407 0.064 0.06557377049180328
0 0.22533333333333333 0.6930783242258652 0.029333333333333333 0.04918032786885246
0 0.3973333333333333 0.9089253187613844 0.06933333333333333 0.0546448087431694
0 0.42933333333333334 0.10109289617486339 0.13333333333333333 0.10746812386156648
0 0.436 0.2768670309653916 0.13599999999999998 0.11293260473588343
0 0.43066666666666664 0.7276867030965392 0.09866666666666667 0.06375227686703097
0 0.444 0.900728597449909 0.029333333333333333 0.03825136612021858
0 0.42933333333333334 0.45719489981785066 0.10666666666666666 0.10200364298724954
0 0.49066666666666664 0.6256830601092896 0.21866666666666665 0.10018214936247723
0 0.52 0.9116575591985429 0.026666666666666665 0.04918032786885246
0 0.5519999999999999 0.9116575591985429 0.042666666666666665 0.04918032786885246
0 0.6333333333333333 0.9052823315118397 0.029333333333333333 0.06557377049180328
0 0.6719999999999999 0.6202185792349727 0.032 0.08561020036429873
0 0.724 0.05191256830601093 0.034666666666666665 0.023679417122040074
0 0.708 0.9116575591985429 0.12533333333333332 0.07832422586520947
0 0.7373333333333333 0.6293260473588342 0.104 0.10382513661202186
0 0.8533333333333333 0.10018214936247723 0.096 0.10564663023679417
0 0.8666666666666666 0.6256830601092896 0.064 0.08561020036429873
0 0.84 0.9061930783242259 0.064 0.04918032786885246
0 0.884 0.8989071038251366 0.029333333333333333 0.03460837887067395
