0 0.132 0.5528233151183971 0.08266666666666667 0.08196721311475409
0 0.11466666666666667 0.7030965391621129 0.026666666666666665 0.0692167577413479
0 0.184 0.1557377049180328 0.03733333333333333 0.07468123861566485
0 0.19599999999999998 0.5446265938069217 0.050666666666666665 0.06557377049180328
0 0.164 0.6939890710382514 0.072 0.0546448087431694
0 0.22666666666666666 0.15664845173041894 0.03733333333333333 0.07285974499089254
0 0.25466666666666665 0.7185792349726776 0.04533333333333333 0.03460837887067395
0 0.3 0.7140255009107468 0.04533333333333333 0.08014571948998178
0 0.348 0.714936247723133 0.04533333333333333 0.07832422586520947
0 0.4026666666666667 0.7131147540983607 0.058666666666666666 0.07832422586520947
0 0.512 0.7030965391621129 0.07466666666666666 0.061930783242258654
0 0.7306666666666667 0.7122040072859745 0.03733333333333333 0.08378870673952642
0 0.76 0.5045537340619308 0.032 0.06557377049180328
0 0.7666666666666666 0.7131147540983607 0.024 0.08561020036429873
0 0.7973333333333333 0.5072859744990893 0.03733333333333333 0.06375227686703097
0 0.8026666666666666 0.7131147540983607 0.03733333333333333 0.08196721311475409
0 0.7973333333333333 0.9398907103825137 0.24 0.04007285974499089
0 0.832 0.37067395264116576 0.042666666666666665 0.0965391621129326
0 0.844 0.7030965391621129 0.050666666666666665 0.06557377049180328
0 0.8733333333333333 0.37249544626593806 0.04533333333333333 0.0965391621129326
