0 0.16 0.44288224956063266 0.055 0.10896309314586994
0 0.22125 0.3822495606326889 0.0375 0.08611599297012301
0 0.25875 0.578207381370826 0.0325 0.08787346221441124
0 0.29125 0.15817223198594024 0.0625 0.10544815465729349
0 0.29625 0.5808435852372583 0.0375 0.08260105448154657
0 0.37375 0.5632688927943761 0.0575 0.06854130052724076
0 0.56375 0.5817223198594024 0.0575 0.09490333919156414
0 0.70125 0.3892794376098418 0.0525 0.11775043936731107
0 0.75125 0.10017574692442882 0.0625 0.10544815465729349
0 0.77125 0.8383128295254832 0.0425 0.10193321616871705
0 0.8325 0.06942003514938488 0.035 0.050966608084358524
