0 0.07132667617689016 0.7060546875 0.028530670470756064 0.056640625
0 0.09557774607703282 0.43212890625 0.011412268188302425 0.0400390625
0 0.130527817403709 0.09521484375 0.029957203994293868 0.0595703125
0 0.12838801711840228 0.587890625 0.028530670470756064 0.0546875
0 0.1312410841654779 0.44189453125 0.034236804564907276 0.0771484375
0 0.16833095577746077 0.72314453125 0.15977175463623394 0.0927734375
0 0.14122681883024252 0.8974609375 0.03138373751783167 0.080078125
0 0.16690442225392296 0.43505859375 0.03138373751783167 0.0361328125
0 0.18045649072753212 0.59326171875 0.06990014265335236 0.0810546875
0 0.19686162624821685 0.89794921875 0.07703281027104138 0.0810546875
0 0.15406562054208275 0.2587890625 0.1312410841654779 0.138671875
0 0.3174037089871612 0.08837890625 0.21825962910128388 0.1005859375
0 0.355206847360913 0.5986328125 0.07132667617689016 0.091796875
0 0.45221112696148363 0.5888671875 0.12268188302425108 0.07421875
0 0.5820256776034237 0.08544921875 0.1340941512125535 0.0810546875
0 0.579885877318117 0.580078125 0.02710413694721826 0.037109375
0 0.6126961483594865 0.60693359375 0.029957203994293868 0.0908203125
0 0.6512125534950072 0.59716796875 0.0442225392296719 0.0888671875
0 0.761055634807418 0.88232421875 0.02710413694721826 0.0556640625
0 0.7746077032810271 0.0458984375 0.011412268188302425 0.01953125
0 0.7938659058487875 0.8994140625 0.029957203994293868 0.08984375
0 0.8523537803138374 0.09033203125 0.12125534950071327 0.1103515625
0 0.8252496433666191 0.5986328125 0.029957203994293868 0.072265625
0 0.8773181169757489 0.59814453125 0.07132667617689016 0.0732421875
0 0.8651925820256776 0.89990234375 0.10984308131241084 0.0908203125
