0 0.11787819253438113 0.3175 0.09037328094302553 0.0625
0 0.11886051080550097 0.5906250000000001 0.07662082514734773 0.01875
0 0.12082514734774066 0.86375 0.10805500982318271 0.0525
0 0.19646365422396855 0.166875 0.1768172888015717 0.09375
0 0.21316306483300587 0.7225 0.1630648330058939 0.08
0 0.19842829076620824 0.468125 0.0943025540275049 0.07375
0 0.38899803536345773 0.193125 0.1335952848722986 0.09125
0 0.41453831041257366 0.339375 0.09823182711198428 0.03375
0 0.3880157170923379 0.4675 0.12770137524557956 0.075
0 0.44204322200392926 0.716875 0.09037328094302553 0.03125
0 0.5795677799607072 0.465625 0.07858546168958742 0.02375
0 0.7888015717092337 0.47250000000000003 0.18271119842829076 0.0775
0 0.8271119842829076 0.206875 0.19646365422396855 0.11875000000000001
0 0.8261296660117877 0.755625 0.13948919449901767 0.07625
