0 0.11697574893009986 0.05126953125 0.034236804564907276 0.0458984375
0 0.15905848787446505 0.04931640625 0.015691868758915834 0.0419921875
0 0.2639087018544936 0.0537109375 0.03138373751783167 0.03515625
0 0.2696148359486448 0.77001953125 0.039942938659058486 0.0458984375
0 0.3109843081312411 0.76806640625 0.017118402282453638 0.0419921875
0 0.3159771754636234 0.07080078125 0.06990014265335236 0.0732421875
0 0.7952924393723253 0.8818359375 0.03851640513552069 0.11328125
0 0.8380884450784594 0.09814453125 0.03851640513552069 0.0927734375
0 0.8352353780313838 0.71240234375 0.03851640513552069 0.0673828125
0 0.8423680456490727 0.88232421875 0.049928673323823114 0.1142578125
0 0.8780313837375179 0.71240234375 0.03566333808844508 0.0693359375
0 0.8865905848787446 0.09765625 0.052781740370898715 0.091796875
0 0.8865905848787446 0.8818359375 0.03566333808844508 0.115234375
