0 0.12377210216110018 0.8456250000000001 0.08251473477406679 0.03875
0 0.20628683693516697 0.511875 0.0943025540275049 0.10625
0 0.21512770137524556 0.74125 0.10412573673870333 0.0375
0 0.2907662082514735 0.8406250000000001 0.09037328094302553 0.04125
0 0.2632612966601179 0.663125 0.11787819253438113 0.05375
0 0.33497053045186637 0.176875 0.10805500982318271 0.05625
0 0.46758349705304514 0.7025 0.15324165029469547 0.1275
0 0.6895874263261296 0.195625 0.12180746561886051 0.07375
0 0.8251473477406679 0.36875 0.05500982318271119 0.02
0 0.8280943025540275 0.516875 0.12377210216110018 0.06875
0 0.8388998035363457 0.1575 0.10216110019646364 0.0175
0 0.8379174852652259 0.69625 0.174852652259332 0.05
