0 0.0912981455064194 0.5791015625 0.014265335235378032 0.021484375
0 0.0877318116975749 0.78955078125 0.02710413694721826 0.0986328125
0 0.10485021398002853 0.13134765625 0.03281027104136947 0.0458984375
0 0.11198288159771755 0.46240234375 0.029957203994293868 0.1005859375
0 0.12696148359486448 0.5791015625 0.014265335235378032 0.021484375
0 0.19400855920114124 0.46826171875 0.1340941512125535 0.1220703125
0 0.1333808844507846 0.7978515625 0.01283880171184023 0.01171875
0 0.1340941512125535 0.78125 0.06562054208273894 0.08203125
0 0.14550641940085593 0.3046875 0.12268188302425108 0.076171875
0 0.20399429386590587 0.7734375 0.07417974322396577 0.06640625
0 0.2553495007132668 0.08154296875 0.14550641940085593 0.1005859375
0 0.25320970042796004 0.7744140625 0.02710413694721826 0.06640625
0 0.3751783166904422 0.78369140625 0.10841654778887304 0.0830078125
0 0.4514978601997147 0.92724609375 0.007132667617689016 0.0048828125
0 0.43509272467903 0.08154296875 0.07417974322396577 0.0791015625
0 0.5 0.0830078125 0.047075606276747506 0.080078125
0 0.6034236804564908 0.076171875 0.03138373751783167 0.08984375
0 0.6362339514978602 0.0673828125 0.042796005706134094 0.076171875
0 0.6754636233951498 0.0869140625 0.03281027104136947 0.109375
0 0.6476462196861626 0.77978515625 0.0912981455064194 0.0751953125
0 0.7125534950071327 0.7646484375 0.03566333808844508 0.044921875
0 0.7146932952924394 0.0673828125 0.0456490727532097 0.07421875
0 0.8145506419400856 0.77880859375 0.06276747503566334 0.0830078125
0 0.8166904422253923 0.33544921875 0.03566333808844508 0.0244140625
0 0.8231098430813124 0.07373046875 0.03138373751783167 0.0791015625
0 0.8637660485021398 0.7880859375 0.02710413694721826 0.099609375
0 0.8851640513552069 0.07421875 0.0898716119828816 0.080078125
0 0.8972895863052782 0.771484375 0.039942938659058486 0.06640625
0 0.8980028530670471 0.51318359375 0.03851640513552069 0.0791015625
0 0.9094151212553495 0.7802734375 0.01283880171184023 0.01171875
0 0.8837375178316691 0.330078125 0.10128388017118403 0.03515625
