0 0.036 0.7892335766423357 0.013333333333333332 0.009124087591240875
0 0.128 0.23905109489051093 0.07466666666666666 0.06934306569343066
0 0.108 0.5638686131386861 0.029333333333333333 0.058394160583941604
0 0.11599999999999999 0.05474452554744525 0.088 0.06569343065693431
0 0.18933333333333333 0.5912408759124087 0.13866666666666666 0.0948905109489051
0 0.13866666666666666 0.7217153284671532 0.042666666666666665 0.04562043795620438
0 0.15066666666666667 0.9352189781021898 0.013333333333333332 0.009124087591240875
0 0.164 0.9352189781021898 0.013333333333333332 0.009124087591240875
0 0.17866666666666667 0.04744525547445255 0.042666666666666665 0.051094890510948905
0 0.18266666666666667 0.7208029197080291 0.04 0.04744525547445255
0 0.2826666666666667 0.051094890510948905 0.058666666666666666 0.051094890510948905
0 0.3213333333333333 0.8321167883211679 0.029333333333333333 0.040145985401459854
0 0.32 0.45802919708029194 0.032 0.0364963503649635
0 0.324 0.6058394160583941 0.018666666666666665 0.014598540145985401
0 0.3373333333333333 0.3567518248175182 0.034666666666666665 0.020072992700729927
0 0.35333333333333333 0.531934306569343 0.018666666666666665 0.03832116788321168
0 0.36 0.8312043795620437 0.048 0.041970802919708027
0 0.36666666666666664 0.3731751824817518 0.029333333333333333 0.05291970802919708
0 0.37466666666666665 0.2563868613138686 0.013333333333333332 0.009124087591240875
0 0.33466666666666667 0.7253649635036497 0.104 0.07116788321167883
0 0.3773333333333333 0.2563868613138686 0.013333333333333332 0.009124087591240875
0 0.3813333333333333 0.1906934306569343 0.03733333333333333 0.05656934306569343
0 0.3853333333333333 0.9215328467153284 0.034666666666666665 0.058394160583941604
0 0.3973333333333333 0.3722627737226277 0.032 0.05474452554744525
0 0.40399999999999997 0.47171532846715325 0.013333333333333332 0.009124087591240875
0 0.4013333333333333 0.7253649635036497 0.034666666666666665 0.07116788321167883
0 0.4093333333333333 0.8093065693430657 0.013333333333333332 0.009124087591240875
0 0.41866666666666663 0.9206204379562043 0.03733333333333333 0.06021897810218978
0 0.42266666666666663 0.47171532846715325 0.013333333333333332 0.009124087591240875
0 0.43866666666666665 0.7746350364963503 0.013333333333333332 0.009124087591240875
0 0.42666666666666664 0.09306569343065693 0.07466666666666666 0.058394160583941604
0 0.4493333333333333 0.40419708029197077 0.013333333333333332 0.009124087591240875
0 0.4413333333333333 0.17883211678832117 0.088 0.09854014598540145
0 0.48266666666666663 0.36496350364963503 0.03733333333333333 0.05474452554744525
0 0.492 0.5136861313868613 0.013333333333333332 0.009124087591240875
0 0.4973333333333333 0.4406934306569343 0.013333333333333332 0.009124087591240875
0 0.5306666666666666 0.3740875912408759 0.06933333333333333 0.06934306569343066
0 0.5453333333333333 0.708941605839416 0.013333333333333332 0.009124087591240875
0 0.5826666666666667 0.10857664233576642 0.013333333333333332 0.009124087591240875
0 0.5906666666666667 0.10857664233576642 0.013333333333333332 0.009124087591240875
0 0.6066666666666667 0.823905109489051 0.013333333333333332 0.009124087591240875
0 0.6146666666666667 0.5967153284671532 0.018666666666666665 0.0364963503649635
0 0.6213333333333333 0.7463503649635036 0.016 0.010948905109489052
0 0.6453333333333333 0.5958029197080292 0.032 0.03832116788321168
0 0.6973333333333334 0.7855839416058394 0.013333333333333332 0.009124087591240875
0 0.7053333333333333 0.16332116788321166 0.013333333333333332 0.009124087591240875
0 0.704 0.7043795620437956 0.032 0.021897810218978103
0 0.7106666666666667 0.7801094890510949 0.013333333333333332 0.009124087591240875
0 0.7133333333333333 0.25821167883211676 0.013333333333333332 0.009124087591240875
0 0.6813333333333333 0.36405109489051096 0.088 0.049270072992700725
0 0.7186666666666667 0.1687956204379562 0.013333333333333332 0.009124087591240875
0 0.736 0.7363138686131386 0.03733333333333333 0.08941605839416059
0 0.736 0.35766423357664234 0.026666666666666665 0.032846715328467155
0 0.756 0.9306569343065693 0.09866666666666667 0.08029197080291971
0 0.7586666666666666 0.1906934306569343 0.013333333333333332 0.009124087591240875
0 0.7693333333333333 0.0666058394160584 0.013333333333333332 0.009124087591240875
0 0.7826666666666666 0.2563868613138686 0.013333333333333332 0.009124087591240875
0 0.7906666666666666 0.14142335766423358 0.013333333333333332 0.009124087591240875
0 0.7906666666666666 0.6003649635036497 0.018666666666666665 0.0364963503649635
0 0.8039999999999999 0.03193430656934306 0.013333333333333332 0.009124087591240875
0 0.8039999999999999 0.22354014598540145 0.013333333333333332 0.009124087591240875
0 0.82 0.38412408759124084 0.013333333333333332 0.009124087591240875
0 0.82 0.6012773722627737 0.018666666666666665 0.03467153284671533
0 0.8346666666666667 0.12135036496350364 0.016 0.012773722627737226
0 0.8573333333333333 0.1614963503649635 0.029333333333333333 0.049270072992700725
0 0.8746666666666666 0.8147810218978102 0.10666666666666666 0.2755474452554744
0 0.8813333333333333 0.07208029197080291 0.029333333333333333 0.06751824817518248
0 0.8813333333333333 0.5337591240875912 0.013333333333333332 0.009124087591240875
0 0.868 0.36496350364963503 0.072 0.05474452554744525
0 0.884 0.17791970802919707 0.029333333333333333 0.07846715328467153
0 0.892 0.5264598540145985 0.013333333333333332 0.009124087591240875
0 0.9013333333333333 0.7016423357664233 0.032 0.049270072992700725
0 0.9146666666666666 0.07116788321167883 0.042666666666666665 0.06934306569343066
0 0.9159999999999999 0.16970802919708028 0.04 0.06569343065693431
0 0.9266666666666666 0.49908759124087587 0.013333333333333332 0.009124087591240875
0 0.9373333333333334 0.40419708029197077 0.013333333333333332 0.009124087591240875
0 0.94 0.6779197080291971 0.013333333333333332 0.009124087591240875
0 0.9586666666666667 0.3403284671532847 0.013333333333333332 0.009124087591240875
0 0.9693333333333333 0.10857664233576642 0.013333333333333332 0.009124087591240875
0 0.9746666666666667 0.04835766423357664 0.013333333333333332 0.009124087591240875
