0 0.11554921540656206 0.373046875 0.02567760342368046 0.05078125
0 0.1312410841654779 0.0634765625 0.02567760342368046 0.052734375
0 0.14550641940085593 0.3896484375 0.02567760342368046 0.08203125
0 0.16975748930099857 0.07080078125 0.042796005706134094 0.0732421875
0 0.1333808844507846 0.57275390625 0.0898716119828816 0.1044921875
0 0.19686162624821685 0.57275390625 0.037089871611982884 0.1044921875
0 0.20256776034236806 0.044921875 0.011412268188302425 0.01953125
0 0.20898716119828817 0.38916015625 0.09843081312410842 0.0830078125
0 0.21540656205420827 0.92529296875 0.011412268188302425 0.0244140625
0 0.2639087018544936 0.93603515625 0.05135520684736092 0.0458984375
0 0.2781740370898716 0.7353515625 0.02567760342368046 0.0546875
0 0.29743223965763194 0.0703125 0.029957203994293868 0.078125
0 0.3231098430813124 0.1611328125 0.029957203994293868 0.03125
0 0.3174037089871612 0.73583984375 0.0442225392296719 0.0556640625
0 0.3388017118402283 0.05029296875 0.047075606276747506 0.0419921875
0 0.35306704707560627 0.15966796875 0.02710413694721826 0.0341796875
0 0.36875891583452214 0.38232421875 0.05848787446504993 0.0751953125
0 0.398716119828816 0.7236328125 0.01283880171184023 0.037109375
0 0.4115549215406562 0.36083984375 0.021398002853067047 0.0302734375
0 0.41797432239657634 0.05712890625 0.028530670470756064 0.0537109375
0 0.4372325249643367 0.7421875 0.0442225392296719 0.08984375
0 0.4878744650499287 0.06591796875 0.10841654778887304 0.0732421875
0 0.47004279600570614 0.72412109375 0.009985734664764621 0.0400390625
0 0.46005706134094154 0.39013671875 0.06990014265335236 0.0908203125
0 0.5891583452211128 0.63427734375 0.07703281027104138 0.0146484375
0 0.5713266761768901 0.7080078125 0.015691868758915834 0.017578125
0 0.5884450784593438 0.38818359375 0.1326676176890157 0.0751953125
0 0.6098430813124108 0.73291015625 0.04136947218259629 0.0732421875
0 0.6433666191155493 0.732421875 0.028530670470756064 0.0703125
0 0.7296718972895864 0.3671875 0.02710413694721826 0.052734375
0 0.7446504992867332 0.73095703125 0.03138373751783167 0.0751953125
0 0.7624821683309558 0.375 0.029957203994293868 0.072265625
0 0.7139800285306704 0.07958984375 0.1355206847360913 0.0830078125
0 0.7781740370898717 0.72998046875 0.029957203994293868 0.0732421875
0 0.8316690442225393 0.35693359375 0.02282453637660485 0.0166015625
0 0.8616262482168331 0.7265625 0.02567760342368046 0.07421875
0 0.87018544935806 0.37353515625 0.042796005706134094 0.0556640625
0 0.87018544935806 0.06884765625 0.028530670470756064 0.0498046875
0 0.8723252496433667 0.94189453125 0.02710413694721826 0.0458984375
0 0.8922967189728959 0.72509765625 0.029957203994293868 0.0732421875
0 0.8994293865905849 0.94287109375 0.02710413694721826 0.0478515625
