0 0.0912981455064194 0.14453125 0.028530670470756064 0.087890625
0 0.1383737517831669 0.7607421875 0.11126961483594865 0.07421875
0 0.10627674750356633 0.52783203125 0.03851640513552069 0.0283203125
0 0.12410841654778888 0.162109375 0.028530670470756064 0.126953125
0 0.1319543509272468 0.52783203125 0.01283880171184023 0.0244140625
0 0.15049928673323823 0.52783203125 0.024251069900142655 0.0244140625
0 0.1754636233951498 0.1435546875 0.06847360912981455 0.08984375
0 0.6583452211126962 0.97412109375 0.007132667617689016 0.0048828125
0 0.681169757489301 0.9775390625 0.007132667617689016 0.005859375
0 0.8815977175463624 0.7783203125 0.12268188302425108 0.07421875
0 0.848074179743224 0.89013671875 0.029957203994293868 0.0595703125
0 0.891583452211127 0.880859375 0.04850213980028531 0.04296875
