0 0.05420827389443652 0.16015625 0.05135520684736092 0.158203125
0 0.1291012838801712 0.19384765625 0.10128388017118403 0.2275390625
0 0.1704707560627675 0.18359375 0.015691868758915834 0.013671875
0 0.1704707560627675 0.0927734375 0.015691868758915834 0.025390625
0 0.20399429386590587 0.16015625 0.05135520684736092 0.16015625
0 0.2653352353780314 0.1611328125 0.05706134094151213 0.181640625
0 0.4507845934379458 0.205078125 0.10271041369472184 0.25
0 0.492867332382311 0.16064453125 0.015691868758915834 0.0126953125
0 0.5998573466476462 0.17138671875 0.20114122681883026 0.2041015625
0 0.7489300998573467 0.18212890625 0.10271041369472184 0.2041015625
0 0.7902995720399429 0.20556640625 0.014265335235378032 0.0126953125
0 0.8231098430813124 0.13720703125 0.05135520684736092 0.1142578125
0 0.884450784593438 0.16162109375 0.05706134094151213 0.1806640625
