0 0.10199714693295293 0.14501953125 0.10413694721825963 0.0830078125
0 0.14621968616262482 0.77685546875 0.049928673323823114 0.0419921875
0 0.25320970042796004 0.0810546875 0.15834522111269617 0.1171875
0 0.21469329529243938 0.77734375 0.0898716119828816 0.04296875
0 0.28245363766048504 0.7822265625 0.0456490727532097 0.03125
0 0.2967189728958631 0.6318359375 0.05706134094151213 0.037109375
0 0.6512125534950072 0.44970703125 0.007132667617689016 0.0048828125
0 0.710413694721826 0.06982421875 0.05135520684736092 0.1044921875
0 0.7011412268188303 0.69775390625 0.03281027104136947 0.0361328125
0 0.768188302425107 0.0634765625 0.08131241084165478 0.1171875
0 0.7853067047075607 0.11572265625 0.007132667617689016 0.0048828125
0 0.7867332382310984 0.11572265625 0.007132667617689016 0.0048828125
0 0.7952924393723253 0.63818359375 0.03281027104136947 0.0556640625
0 0.8516405135520685 0.64599609375 0.07417974322396577 0.0791015625
0 0.8808844507845934 0.07275390625 0.07845934379457918 0.1005859375
