0 0.09999999999999999 0.7586520947176685 0.034666666666666665 0.07468123861566485
0 0.11466666666666667 0.5983606557377049 0.032 0.08561020036429873
0 0.12133333333333333 0.09744990892531877 0.034666666666666665 0.06375227686703097
0 0.15733333333333333 0.3451730418943534 0.13333333333333333 0.10382513661202186
0 0.144 0.5901639344262295 0.032 0.0692167577413479
0 0.164 0.09836065573770492 0.050666666666666665 0.06557377049180328
0 0.17466666666666666 0.5974499089253188 0.034666666666666665 0.08743169398907104
0 0.15333333333333332 0.7768670309653917 0.07733333333333334 0.1111111111111111
0 0.212 0.76775956284153 0.050666666666666665 0.0965391621129326
0 0.7293333333333333 0.8114754098360656 0.06133333333333333 0.056466302367941715
0 0.7146666666666667 0.9143897996357013 0.21333333333333332 0.0947176684881603
0 0.8293333333333333 0.936247723132969 0.021333333333333333 0.05100182149362477
0 0.884 0.07468123861566485 0.08266666666666667 0.07650273224043716
0 0.868 0.3360655737704918 0.104 0.1111111111111111
0 0.8733333333333333 0.4553734061930783 0.024 0.058287795992714025
0 0.848 0.7659380692167578 0.07466666666666666 0.1111111111111111
0 0.9066666666666666 0.7477231329690346 0.048 0.060109289617486336
0 0.9106666666666666 0.44990892531876137 0.050666666666666665 0.058287795992714025
