0 0.06776034236804565 0.42041015625 0.021398002853067047 0.0498046875
0 0.07560627674750357 0.52978515625 0.014265335235378032 0.0205078125
0 0.07845934379457918 0.2705078125 0.03138373751783167 0.0390625
0 0.12054208273894437 0.42822265625 0.07560627674750357 0.0673828125
0 0.09629101283880172 0.69677734375 0.007132667617689016 0.0048828125
0 0.12981455064194009 0.2890625 0.07132667617689016 0.07421875
0 0.11126961483594865 0.52978515625 0.014265335235378032 0.0205078125
0 0.1768901569186876 0.64892578125 0.07132667617689016 0.0751953125
0 0.19329529243937232 0.091796875 0.20114122681883026 0.111328125
0 0.23609129814550642 0.65771484375 0.0442225392296719 0.0927734375
0 0.2746077032810271 0.42333984375 0.024251069900142655 0.0751953125
0 0.3174037089871612 0.4150390625 0.05848787446504993 0.060546875
0 0.35021398002853066 0.6572265625 0.029957203994293868 0.07421875
0 0.3601997146932953 0.40869140625 0.024251069900142655 0.0458984375
0 0.39443651925820256 0.0859375 0.029957203994293868 0.072265625
0 0.42582025677603424 0.08642578125 0.029957203994293868 0.0712890625
0 0.41012838801711843 0.65625 0.08416547788873038 0.07421875
0 0.4579172610556348 0.0673828125 0.028530670470756064 0.037109375
0 0.48858773181169757 0.65185546875 0.029957203994293868 0.0732421875
0 0.5392296718972897 0.0703125 0.028530670470756064 0.05078125
0 0.5399429386590585 0.66015625 0.06990014265335236 0.091796875
0 0.587018544935806 0.09521484375 0.06419400855920114 0.1005859375
0 0.5927246790299572 0.642578125 0.029957203994293868 0.056640625
0 0.6398002853067047 0.09521484375 0.04136947218259629 0.1005859375
0 0.6497860199714693 0.51513671875 0.03851640513552069 0.0478515625
0 0.6904422253922967 0.51513671875 0.037089871611982884 0.0439453125
0 0.7382310984308131 0.0869140625 0.11269614835948645 0.083984375
0 0.7810271041369472 0.65234375 0.20684736091298145 0.09765625
0 0.8687589158345221 0.0791015625 0.11126961483594865 0.068359375
0 0.9001426533523538 0.6513671875 0.02567760342368046 0.083984375
0 0.8273894436519258 0.439453125 0.18830242510699002 0.08203125
