0 0.12573673870333987 0.749375 0.08251473477406679 0.03375
0 0.1424361493123772 0.56125 0.12377210216110018 0.08
0 0.16895874263261296 0.20375000000000001 0.1768172888015717 0.0525
0 0.2544204322200393 0.74125 0.10019646365422397 0.05
0 0.3840864440078585 0.72875 0.0805500982318271 0.0775
0 0.4341846758349705 0.54125 0.06286836935166994 0.0775
0 0.5206286836935167 0.729375 0.10609037328094302 0.07625
0 0.5687622789783889 0.08750000000000001 0.29273084479371314 0.15
0 0.6522593320235756 0.819375 0.0667976424361493 0.043750000000000004
0 0.7357563850687622 0.721875 0.0805500982318271 0.05375
0 0.8526522593320235 0.55375 0.10609037328094302 0.0525
0 0.8398821218074656 0.213125 0.15520628683693516 0.09625
0 0.8762278978388998 0.728125 0.10216110019646364 0.043750000000000004
