0 0.09733333333333333 0.05100182149362477 0.034666666666666665 0.04371584699453552
0 0.09866666666666667 0.22131147540983606 0.06933333333333333 0.07832422586520947
0 0.11866666666666666 0.48633879781420764 0.104 0.12021857923497267
0 0.124 0.6939890710382514 0.034666666666666665 0.06557377049180328
0 0.15866666666666665 0.6958105646630237 0.034666666666666665 0.06557377049180328
0 0.16799999999999998 0.22131147540983606 0.07466666666666666 0.07832422586520947
0 0.20266666666666666 0.48451730418943534 0.06933333333333333 0.12021857923497267
0 0.19466666666666665 0.6867030965391621 0.03733333333333333 0.04371584699453552
0 0.3293333333333333 0.7049180327868853 0.10933333333333332 0.08743169398907104
0 0.39999999999999997 0.05373406193078324 0.032 0.052823315118397086
0 0.48133333333333334 0.07741347905282331 0.14133333333333334 0.10382513661202186
0 0.48266666666666663 0.7021857923497268 0.042666666666666665 0.07103825136612021
0 0.524 0.7030965391621129 0.04 0.07285974499089254
0 0.6613333333333333 0.07103825136612021 0.11733333333333333 0.0947176684881603
0 0.8506666666666667 0.7185792349726776 0.16533333333333333 0.10018214936247723
0 0.7999999999999999 0.042805100182149364 0.016 0.03460837887067395
0 0.82 0.453551912568306 0.034666666666666665 0.0947176684881603
0 0.852 0.43624772313296906 0.034666666666666665 0.060109289617486336
0 0.8533333333333333 0.06557377049180328 0.08533333333333333 0.08014571948998178
0 0.864 0.30965391621129323 0.021333333333333333 0.03278688524590164
0 0.8853333333333333 0.4544626593806922 0.03733333333333333 0.0965391621129326
0 0.888 0.3233151183970856 0.026666666666666665 0.056466302367941715
0 0.9119999999999999 0.3224043715846995 0.026666666666666665 0.058287795992714025
