0 0.20039292730844793 0.870625 0.09823182711198428 0.08625000000000001
0 0.22003929273084477 0.31125 0.18467583497053044 0.0975
0 0.3055009823182711 0.750625 0.20235756385068762 0.043750000000000004
0 0.4017681728880157 0.855625 0.11984282907662082 0.06625
0 0.38703339882121807 0.5387500000000001 0.0943025540275049 0.02
0 0.44695481335952847 0.170625 0.15913555992141454 0.051250000000000004
0 0.5982318271119842 0.174375 0.08447937131630648 0.051250000000000004
0 0.6404715127701375 0.869375 0.1493123772102161 0.07125000000000001
0 0.7976424361493123 0.7262500000000001 0.11394891944990176 0.08750000000000001
0 0.8418467583497052 0.8456250000000001 0.11984282907662082 0.06625
0 0.8831041257367387 0.14375000000000002 0.060903732809430254 0.0675
0 0.8438113948919449 0.305625 0.18271119842829076 0.051250000000000004
