0 0.1355599214145383 0.735625 0.06286836935166994 0.02375
0 0.1699410609037328 0.87125 0.09233791748526522 0.02
0 0.1404715127701375 0.565625 0.06876227897838899 0.05625
0 0.18467583497053044 0.680625 0.06286836935166994 0.01875
0 0.1886051080550098 0.45125 0.0943025540275049 0.06
0 0.23084479371316305 0.25375000000000003 0.08840864440078584 0.0175
0 0.30157170923379173 0.715 0.06483300589390963 0.02
0 0.2917485265225933 0.15875 0.15520628683693516 0.085
0 0.4066797642436149 0.453125 0.12573673870333987 0.06625
0 0.47445972495088407 0.7025 0.10412573673870333 0.1
0 0.6159135559921414 0.831875 0.060903732809430254 0.04125
0 0.6237721021611001 0.441875 0.09626719056974459 0.05625
0 0.6650294695481336 0.69875 0.08840864440078584 0.095
0 0.7082514734774066 0.8675 0.04911591355599214 0.0225
0 0.8801571709233791 0.503125 0.08644400785854617 0.051250000000000004
0 0.8624754420432219 0.700625 0.08644400785854617 0.03625
0 0.8614931237721021 0.1875 0.11198428290766207 0.0825
