0 0.18074656188605107 0.178125 0.11394891944990176 0.06625
0 0.19941060903732807 0.6675 0.11591355599214144 0.0525
0 0.22102161100196463 0.46375 0.13948919449901767 0.05
0 0.2593320235756385 0.313125 0.11787819253438113 0.03125
0 0.3320235756385069 0.18 0.12573673870333987 0.075
0 0.39390962671905694 0.678125 0.12377210216110018 0.03375
0 0.5255402750491158 0.32375 0.16699410609037327 0.055
0 0.7946954813359528 0.201875 0.14341846758349705 0.06625
0 0.793713163064833 0.464375 0.13752455795677798 0.10125
0 0.8339882121807465 0.678125 0.14341846758349705 0.07875
