0 0.11733333333333333 0.07377049180327869 0.03733333333333333 0.08561020036429873
0 0.15333333333333332 0.07285974499089254 0.034666666666666665 0.08014571948998178
0 0.18933333333333333 0.07468123861566485 0.032 0.08378870673952642
0 0.308 0.24863387978142076 0.10933333333333332 0.08561020036429873
0 0.33999999999999997 0.10564663023679417 0.152 0.10564663023679417
0 0.512 0.1448087431693989 0.10666666666666666 0.10746812386156648
0 0.6026666666666667 0.697632058287796 0.096 0.08014571948998178
0 0.6093333333333333 0.1302367941712204 0.029333333333333333 0.060109289617486336
0 0.6813333333333333 0.14389799635701275 0.12533333333333332 0.0947176684881603
0 0.844 0.16757741347905283 0.16266666666666665 0.11293260473588343
