0 0.004 0.6815693430656934 0.008 0.009124087591240875
0 0.044 0.6934306569343065 0.013333333333333332 0.040145985401459854
0 0.04933333333333333 0.531934306569343 0.013333333333333332 0.009124087591240875
0 0.08266666666666667 0.2937956204379562 0.09066666666666666 0.09124087591240876
0 0.06533333333333333 0.6140510948905109 0.013333333333333332 0.009124087591240875
0 0.06533333333333333 0.9096715328467153 0.013333333333333332 0.012773722627737226
0 0.07466666666666666 0.058394160583941604 0.032 0.06934306569343066
0 0.07466666666666666 0.8348540145985401 0.032 0.049270072992700725
0 0.07866666666666666 0.9297445255474452 0.013333333333333332 0.009124087591240875
0 0.08399999999999999 0.7253649635036497 0.013333333333333332 0.009124087591240875
0 0.096 0.9197080291970803 0.021333333333333333 0.01824817518248175
0 0.10933333333333332 0.7937956204379562 0.016 0.01824817518248175
0 0.11599999999999999 0.45529197080291967 0.013333333333333332 0.009124087591240875
0 0.132 0.5337591240875912 0.013333333333333332 0.009124087591240875
0 0.13999999999999999 0.6925182481751825 0.024 0.016423357664233577
0 0.13599999999999998 0.05748175182481752 0.096 0.07116788321167883
0 0.16533333333333333 0.28284671532846717 0.032 0.06934306569343066
0 0.20266666666666666 0.8804744525547445 0.07466666666666666 0.06386861313868612
0 0.21733333333333332 0.28375912408759124 0.08266666666666667 0.07116788321167883
0 0.20666666666666667 0.6478102189781022 0.013333333333333332 0.010948905109489052
0 0.212 0.5848540145985401 0.013333333333333332 0.009124087591240875
0 0.22799999999999998 0.47354014598540145 0.013333333333333332 0.009124087591240875
0 0.2653333333333333 0.6870437956204379 0.013333333333333332 0.009124087591240875
0 0.2773333333333333 0.15602189781021897 0.032 0.06021897810218978
0 0.308 0.14872262773722628 0.034666666666666665 0.06386861313868612
0 0.3133333333333333 0.5757299270072993 0.013333333333333332 0.009124087591240875
0 0.324 0.6076642335766423 0.013333333333333332 0.010948905109489052
0 0.32666666666666666 0.5264598540145985 0.013333333333333332 0.009124087591240875
0 0.30666666666666664 0.041970802919708027 0.06933333333333333 0.06934306569343066
0 0.3333333333333333 0.6049270072992701 0.016 0.016423357664233577
0 0.32 0.8868613138686131 0.07466666666666666 0.0948905109489051
0 0.364 0.16514598540145986 0.013333333333333332 0.009124087591240875
0 0.37466666666666665 0.3968978102189781 0.013333333333333332 0.009124087591240875
0 0.39199999999999996 0.895985401459854 0.07466666666666666 0.11313868613138686
0 0.37866666666666665 0.049270072992700725 0.08 0.08759124087591241
0 0.41466666666666663 0.1614963503649635 0.013333333333333332 0.009124087591240875
0 0.46266666666666667 0.375 0.013333333333333332 0.009124087591240875
0 0.484 0.6286496350364963 0.013333333333333332 0.009124087591240875
0 0.5026666666666666 0.8813868613138686 0.018666666666666665 0.01824817518248175
0 0.5186666666666666 0.6760948905109488 0.018666666666666665 0.03467153284671533
0 0.5213333333333333 0.9571167883211679 0.013333333333333332 0.009124087591240875
0 0.5266666666666666 0.520985401459854 0.013333333333333332 0.009124087591240875
0 0.5333333333333333 0.9297445255474452 0.016 0.03832116788321168
0 0.5453333333333333 0.5848540145985401 0.013333333333333332 0.009124087591240875
0 0.5906666666666667 0.6760948905109488 0.013333333333333332 0.009124087591240875
0 0.5906666666666667 0.8257299270072992 0.013333333333333332 0.009124087591240875
0 0.624 0.2664233576642336 0.07466666666666666 0.07664233576642336
0 0.612 0.9516423357664233 0.013333333333333332 0.009124087591240875
0 0.6413333333333333 0.9881386861313868 0.013333333333333332 0.009124087591240875
0 0.6786666666666666 0.25821167883211676 0.034666666666666665 0.06021897810218978
0 0.6893333333333334 0.5574817518248175 0.013333333333333332 0.009124087591240875
0 0.708 0.8220802919708029 0.013333333333333332 0.009124087591240875
0 0.7106666666666667 0.8220802919708029 0.013333333333333332 0.009124087591240875
0 0.7346666666666667 0.823905109489051 0.013333333333333332 0.009124087591240875
0 0.7373333333333333 0.9945255474452555 0.013333333333333332 0.0072992700729927005
0 0.7693333333333333 0.8093065693430657 0.013333333333333332 0.009124087591240875
0 0.7826666666666666 0.8147810218978102 0.013333333333333332 0.009124087591240875
0 0.7933333333333333 0.48722627737226276 0.013333333333333332 0.010948905109489052
0 0.7999999999999999 0.5766423357664233 0.016 0.014598540145985401
0 0.8146666666666667 0.08667883211678831 0.034666666666666665 0.10036496350364964
0 0.816 0.27919708029197077 0.10666666666666666 0.10218978102189781
0 0.8386666666666667 0.8832116788321167 0.08266666666666667 0.10218978102189781
0 0.8786666666666666 0.08667883211678831 0.10933333333333332 0.11861313868613138
0 0.88 0.24726277372262773 0.032 0.03467153284671533
0 0.896 0.8841240875912408 0.03733333333333333 0.10401459854014598
0 0.9106666666666666 0.4315693430656934 0.013333333333333332 0.012773722627737226
0 0.94 0.2052919708029197 0.013333333333333332 0.009124087591240875
0 0.94 0.3366788321167883 0.013333333333333332 0.009124087591240875
0 0.9533333333333333 0.34215328467153283 0.013333333333333332 0.009124087591240875
0 0.956 0.34215328467153283 0.013333333333333332 0.009124087591240875
