0 0.12533333333333332 0.8233151183970856 0.03733333333333333 0.08378870673952642
0 0.16 0.8233151183970856 0.03733333333333333 0.08378870673952642
0 0.20266666666666666 0.8041894353369763 0.05333333333333333 0.04553734061930783
0 0.20533333333333334 0.1029143897996357 0.128 0.0965391621129326
0 0.492 0.9626593806921676 0.13066666666666665 0.020036429872495445
0 0.604 0.6939890710382514 0.034666666666666665 0.0692167577413479
0 0.592 0.5719489981785064 0.208 0.09836065573770492
0 0.656 0.7021857923497268 0.08 0.08561020036429873
0 0.8026666666666666 0.9326047358834244 0.032 0.0692167577413479
0 0.8306666666666667 0.9234972677595629 0.029333333333333333 0.0546448087431694
0 0.8666666666666666 0.697632058287796 0.16533333333333333 0.08743169398907104
0 0.8453333333333333 0.07103825136612021 0.032 0.0692167577413479
0 0.8626666666666667 0.930783242258652 0.029333333333333333 0.0692167577413479
0 0.8906666666666666 0.9225865209471766 0.032 0.052823315118397086
0 0.88 0.5655737704918032 0.06933333333333333 0.07103825136612021
0 0.9106666666666666 0.08652094717668488 0.104 0.10382513661202186
0 0.9333333333333333 0.5673952641165756 0.042666666666666665 0.07103825136612021
