0 0.12573673870333987 0.178125 0.058939096267190565 0.03125
0 0.1630648330058939 0.414375 0.11001964636542239 0.08625000000000001
0 0.15520628683693516 0.71 0.08251473477406679 0.0625
0 0.24557956777996068 0.838125 0.0667976424361493 0.01875
0 0.2593320235756385 0.13875 0.08644400785854617 0.0575
0 0.32023575638506874 0.7156250000000001 0.11001964636542239 0.06625
0 0.3231827111984283 0.44375000000000003 0.0805500982318271 0.04
0 0.46365422396856576 0.723125 0.08251473477406679 0.043750000000000004
0 0.43222003929273084 0.1975 0.0943025540275049 0.0625
0 0.44891944990176813 0.855625 0.08447937131630648 0.058750000000000004
0 0.48821218074656186 0.43875000000000003 0.09626719056974459 0.04
0 0.5589390962671905 0.6725 0.0805500982318271 0.0225
0 0.6542239685658153 0.389375 0.12180746561886051 0.09625
0 0.7131630648330058 0.72375 0.0943025540275049 0.055
0 0.8565815324165029 0.38875 0.11001964636542239 0.09
0 0.8477406679764243 0.19062500000000002 0.09626719056974459 0.058750000000000004
0 0.8634577603143417 0.723125 0.11984282907662082 0.058750000000000004
