0 0.11984282907662082 0.721875 0.08251473477406679 0.05625
0 0.18074656188605107 0.47125 0.1768172888015717 0.1
0 0.17878192534381138 0.205625 0.20039292730844793 0.11375
0 0.31630648330058936 0.8562500000000001 0.058939096267190565 0.035
0 0.34774066797642433 0.46 0.058939096267190565 0.02
0 0.4518664047151277 0.66 0.08644400785854617 0.0275
0 0.5363457760314342 0.654375 0.08251473477406679 0.02125
0 0.5717092337917485 0.76125 0.05500982318271119 0.0175
0 0.543222003929273 0.320625 0.21021611001964635 0.03625
0 0.6237721021611001 0.656875 0.0805500982318271 0.02375
0 0.7504911591355599 0.82125 0.058939096267190565 0.0525
0 0.8074656188605107 0.471875 0.17288801571709234 0.13625
0 0.8153241650294695 0.17 0.1335952848722986 0.125
0 0.8467583497053045 0.69375 0.10216110019646364 0.075
