0 0.14833005893909626 0.796875 0.07662082514734773 0.05625
0 0.16011787819253437 0.136875 0.12770137524557956 0.05625
0 0.1817288801571709 0.515625 0.1355599214145383 0.06375
0 0.36149312377210213 0.186875 0.1335952848722986 0.10375000000000001
0 0.44499017681728875 0.855625 0.0805500982318271 0.03875
0 0.4901768172888015 0.7418750000000001 0.06876227897838899 0.03875
0 0.6335952848722985 0.74 0.09626719056974459 0.03
0 0.7662082514734774 0.73375 0.05108055009823182 0.035
0 0.8064833005893909 0.52 0.13948919449901767 0.1225
0 0.8438113948919449 0.20125 0.1630648330058939 0.11750000000000001
