0 0.12082514734774066 0.440625 0.08447937131630648 0.03625
0 0.12082514734774066 0.5675 0.09626719056974459 0.0175
0 0.18271119842829076 0.789375 0.11394891944990176 0.09875
0 0.22888015717092336 0.150625 0.174852652259332 0.10875
0 0.349705304518664 0.445625 0.11394891944990176 0.04625
0 0.39489194499017677 0.150625 0.07858546168958742 0.04125
0 0.5343811394891944 0.5725 0.09823182711198428 0.075
0 0.8369351669941061 0.15625 0.13752455795677798 0.0625
0 0.849705304518664 0.46625 0.10805500982318271 0.105
0 0.818271119842829 0.7275 0.14341846758349705 0.04
