0 0.03495007132667618 0.55224609375 0.007132667617689016 0.0048828125
0 0.04208273894436519 0.54931640625 0.007132667617689016 0.0048828125
0 0.08416547788873038 0.61279296875 0.039942938659058486 0.0517578125
0 0.10271041369472184 0.1953125 0.02567760342368046 0.08203125
0 0.10485021398002853 0.365234375 0.024251069900142655 0.064453125
0 0.10984308131241084 0.6005859375 0.017118402282453638 0.01171875
0 0.11126961483594865 0.0703125 0.02567760342368046 0.064453125
0 0.1326676176890157 0.2021484375 0.02567760342368046 0.09765625
0 0.1433666191155492 0.78662109375 0.03851640513552069 0.0517578125
0 0.1383737517831669 0.3642578125 0.039942938659058486 0.06640625
0 0.16761768901569188 0.1865234375 0.04136947218259629 0.06640625
0 0.20898716119828817 0.373046875 0.11269614835948645 0.083984375
0 0.1733238231098431 0.794921875 0.02710413694721826 0.06640625
0 0.15763195435092725 0.07763671875 0.06419400855920114 0.0830078125
0 0.19686162624821685 0.64404296875 0.03138373751783167 0.0224609375
0 0.2253922967189729 0.64404296875 0.02282453637660485 0.0205078125
0 0.3145506419400856 0.35009765625 0.03851640513552069 0.0263671875
0 0.33309557774607707 0.60302734375 0.05848787446504993 0.0751953125
0 0.38516405135520687 0.63720703125 0.017118402282453638 0.0205078125
0 0.38088445078459343 0.5830078125 0.037089871611982884 0.03125
0 0.5121255349500713 0.06201171875 0.028530670470756064 0.0810546875
0 0.5641940085592012 0.0615234375 0.07560627674750357 0.083984375
0 0.6875891583452212 0.3447265625 0.02567760342368046 0.052734375
0 0.6697574893009985 0.056640625 0.07560627674750357 0.068359375
0 0.6918687589158345 0.78076171875 0.011412268188302425 0.0341796875
0 0.7182596291012839 0.04931640625 0.024251069900142655 0.0517578125
0 0.7261055634807418 0.3603515625 0.042796005706134094 0.091796875
0 0.7218259629101285 0.7958984375 0.028530670470756064 0.06640625
0 0.8659058487874466 0.0869140625 0.11126961483594865 0.083984375
0 0.8573466476462197 0.36669921875 0.12268188302425108 0.1083984375
