0 0.15977175463623394 0.763671875 0.028530670470756064 0.0546875
0 0.21184022824536378 0.7724609375 0.06990014265335236 0.072265625
0 0.2624821683309558 0.0693359375 0.07132667617689016 0.041015625
0 0.3559201141226819 0.76416015625 0.04136947218259629 0.0556640625
0 0.39514978601997147 0.77392578125 0.042796005706134094 0.0732421875
0 0.5178316690442225 0.76953125 0.12268188302425108 0.07421875
0 0.6383737517831669 0.76904296875 0.06990014265335236 0.0732421875
0 0.6968616262482169 0.76904296875 0.0442225392296719 0.0732421875
0 0.7774607703281027 0.380859375 0.05706134094151213 0.140625
0 0.7888730385164051 0.7412109375 0.014265335235378032 0.021484375
0 0.8245363766048502 0.7412109375 0.014265335235378032 0.021484375
0 0.8423680456490727 0.3818359375 0.052781740370898715 0.142578125
