0 0.0884450784593438 0.62353515625 0.028530670470756064 0.0361328125
0 0.10627674750356633 0.37451171875 0.024251069900142655 0.0322265625
0 0.11982881597717547 0.615234375 0.017118402282453638 0.01953125
0 0.13623395149786022 0.39013671875 0.02710413694721826 0.0673828125
0 0.1704707560627675 0.3896484375 0.04136947218259629 0.06640625
0 0.15406562054208275 0.7587890625 0.10841654778887304 0.091796875
0 0.20827389443651925 0.0859375 0.042796005706134094 0.10546875
0 0.23395149786019973 0.04736328125 0.014265335235378032 0.0126953125
0 0.2717546362339515 0.763671875 0.12125534950071327 0.115234375
0 0.2710413694721826 0.09912109375 0.05706134094151213 0.1298828125
0 0.2660485021398003 0.255859375 0.06419400855920114 0.037109375
0 0.2746077032810271 0.375 0.02710413694721826 0.033203125
0 0.33737517831669045 0.39794921875 0.09843081312410842 0.0830078125
0 0.4094151212553495 0.37548828125 0.039942938659058486 0.0341796875
0 0.4165477888730385 0.74951171875 0.06562054208273894 0.0673828125
0 0.4643366619115549 0.75830078125 0.03851640513552069 0.0810546875
0 0.4985734664764622 0.3837890625 0.024251069900142655 0.0625
0 0.49928673323823114 0.7412109375 0.028530670470756064 0.05078125
0 0.5292439372325249 0.75732421875 0.028530670470756064 0.0849609375
0 0.5278174037089872 0.390625 0.028530670470756064 0.080078125
0 0.6141226818830243 0.9453125 0.02710413694721826 0.052734375
0 0.630527817403709 0.7451171875 0.028530670470756064 0.060546875
0 0.6440798858773181 0.94580078125 0.01283880171184023 0.0537109375
0 0.6654778887303852 0.736328125 0.029957203994293868 0.041015625
0 0.7018544935805991 0.74609375 0.034236804564907276 0.060546875
0 0.6797432239657633 0.94580078125 0.04136947218259629 0.0517578125
0 0.7161198288159772 0.3779296875 0.03138373751783167 0.021484375
0 0.7582025677603423 0.3896484375 0.03566333808844508 0.046875
0 0.7689015691868759 0.45361328125 0.02282453637660485 0.0400390625
0 0.7895863052781741 0.751953125 0.029957203994293868 0.07421875
0 0.797432239657632 0.0888671875 0.014265335235378032 0.052734375
0 0.8452211126961484 0.11376953125 0.03851640513552069 0.1044921875
0 0.8666191155492154 0.75146484375 0.12125534950071327 0.0751953125
0 0.8922967189728959 0.1015625 0.04136947218259629 0.078125
