0 0.09629101283880172 0.078125 0.02710413694721826 0.064453125
0 0.11340941512125535 0.4443359375 0.03851640513552069 0.0390625
0 0.1312410841654779 0.060546875 0.039942938659058486 0.033203125
0 0.2161198288159772 0.42431640625 0.07845934379457918 0.0732421875
0 0.28031383737517834 0.05859375 0.029957203994293868 0.037109375
0 0.37589158345221113 0.1181640625 0.015691868758915834 0.021484375
0 0.4115549215406562 0.1181640625 0.015691868758915834 0.021484375
0 0.6562054208273894 0.916015625 0.05706134094151213 0.052734375
0 0.6690442225392297 0.71337890625 0.05420827389443652 0.0771484375
0 0.674037089871612 0.3642578125 0.047075606276747506 0.04296875
0 0.7054208273894437 0.91650390625 0.03851640513552069 0.0498046875
0 0.7524964336661912 0.06591796875 0.06419400855920114 0.0517578125
0 0.8038516405135521 0.06591796875 0.03851640513552069 0.0517578125
0 0.898716119828816 0.06103515625 0.03138373751783167 0.0517578125
0 0.9108416547788873 0.9111328125 0.03566333808844508 0.0703125
0 0.9315263908701855 0.05908203125 0.03138373751783167 0.0556640625
