0 0.11055634807417974 0.9296875 0.047075606276747506 0.021484375
0 0.1312410841654779 0.4052734375 0.07132667617689016 0.0234375
0 0.16048502139800286 0.9296875 0.05848787446504993 0.021484375
0 0.19614835948644793 0.9296875 0.015691868758915834 0.013671875
0 0.8202567760342369 0.6513671875 0.06276747503566334 0.08203125
0 0.8231098430813124 0.7900390625 0.02567760342368046 0.099609375
0 0.869472182596291 0.40380859375 0.09557774607703282 0.0244140625
0 0.8651925820256776 0.125 0.07275320970042796 0.12109375
0 0.8758915834522112 0.78076171875 0.07417974322396577 0.0830078125
0 0.869472182596291 0.65283203125 0.02710413694721826 0.0810546875
0 0.8965763195435092 0.52734375 0.04136947218259629 0.03515625
0 0.9044222539229673 0.6357421875 0.039942938659058486 0.05078125
