0 0.14666666666666667 0.6967213114754098 0.096 0.07832422586520947
0 0.176 0.08743169398907104 0.08 0.08378870673952642
0 0.23466666666666666 0.06739526411657559 0.03733333333333333 0.04371584699453552
0 0.25066666666666665 0.6857923497267759 0.026666666666666665 0.056466302367941715
0 0.29733333333333334 0.6885245901639344 0.072 0.08014571948998178
0 0.3506666666666667 0.6757741347905283 0.04533333333333333 0.04007285974499089
0 0.43466666666666665 0.6739526411657559 0.03733333333333333 0.058287795992714025
0 0.46799999999999997 0.6739526411657559 0.034666666666666665 0.058287795992714025
0 0.5546666666666666 0.9043715846994536 0.032 0.060109289617486336
0 0.6013333333333333 0.6794171220400729 0.13599999999999998 0.06557377049180328
0 0.612 0.912568306010929 0.088 0.07650273224043716
0 0.7253333333333333 0.8333333333333334 0.058666666666666666 0.08196721311475409
0 0.7879999999999999 0.668488160291439 0.088 0.06557377049180328
0 0.8426666666666667 0.6493624772313297 0.032 0.023679417122040074
0 0.8546666666666667 0.09836065573770492 0.04533333333333333 0.08378870673952642
0 0.8853333333333333 0.6675774134790529 0.05333333333333333 0.06375227686703097
0 0.9093333333333333 0.09836065573770492 0.064 0.08014571948998178
