0 0.07866666666666666 0.24726277372262773 0.013333333333333332 0.009124087591240875
0 0.08399999999999999 0.5556569343065694 0.013333333333333332 0.009124087591240875
0 0.10266666666666667 0.615875912408759 0.034666666666666665 0.049270072992700725
0 0.10933333333333332 0.8102189781021898 0.064 0.072992700729927
0 0.12933333333333333 0.697992700729927 0.013333333333333332 0.009124087591240875
0 0.13599999999999998 0.437956204379562 0.13333333333333333 0.08759124087591241
0 0.152 0.614963503649635 0.058666666666666666 0.051094890510948905
0 0.16666666666666666 0.30383211678832117 0.16799999999999998 0.09671532846715328
0 0.18533333333333332 0.9370437956204379 0.013333333333333332 0.009124087591240875
0 0.15733333333333333 0.09306569343065693 0.18666666666666665 0.12043795620437955
0 0.22266666666666665 0.437956204379562 0.04533333333333333 0.08759124087591241
0 0.23866666666666667 0.19251824817518248 0.013333333333333332 0.009124087591240875
0 0.24933333333333332 0.20802919708029197 0.013333333333333332 0.010948905109489052
0 0.26 0.20711678832116787 0.013333333333333332 0.009124087591240875
0 0.264 0.5593065693430657 0.016 0.012773722627737226
0 0.27599999999999997 0.6815693430656934 0.013333333333333332 0.009124087591240875
0 0.284 0.1760948905109489 0.013333333333333332 0.009124087591240875
0 0.2866666666666667 0.5611313868613138 0.013333333333333332 0.009124087591240875
0 0.30266666666666664 0.1177007299270073 0.013333333333333332 0.009124087591240875
0 0.3133333333333333 0.17791970802919707 0.013333333333333332 0.009124087591240875
0 0.33466666666666667 0.916970802919708 0.013333333333333332 0.009124087591240875
0 0.32666666666666666 0.8184306569343065 0.04 0.08211678832116788
0 0.348 0.5848540145985401 0.013333333333333332 0.009124087591240875
0 0.37466666666666665 0.2490875912408759 0.013333333333333332 0.009124087591240875
0 0.3853333333333333 0.1906934306569343 0.013333333333333332 0.009124087591240875
0 0.37866666666666665 0.8129562043795621 0.06933333333333333 0.07116788321167883
0 0.41466666666666663 0.3658759124087591 0.013333333333333332 0.009124087591240875
0 0.42266666666666663 0.3658759124087591 0.013333333333333332 0.009124087591240875
0 0.42266666666666663 0.8622262773722628 0.013333333333333332 0.009124087591240875
0 0.428 0.11040145985401459 0.013333333333333332 0.009124087591240875
0 0.43066666666666664 0.14872262773722628 0.013333333333333332 0.009124087591240875
0 0.4493333333333333 0.833029197080292 0.013333333333333332 0.009124087591240875
0 0.45466666666666666 0.15602189781021897 0.013333333333333332 0.009124087591240875
0 0.46266666666666667 0.270985401459854 0.013333333333333332 0.009124087591240875
0 0.4653333333333333 0.6779197080291971 0.013333333333333332 0.009124087591240875
0 0.4706666666666667 0.19251824817518248 0.013333333333333332 0.009124087591240875
0 0.476 0.3677007299270073 0.024 0.016423357664233577
0 0.48933333333333334 0.21441605839416059 0.018666666666666665 0.027372262773722626
0 0.4973333333333333 0.2618613138686131 0.013333333333333332 0.009124087591240875
0 0.5133333333333333 0.34397810218978103 0.013333333333333332 0.009124087591240875
0 0.5266666666666666 0.34397810218978103 0.013333333333333332 0.009124087591240875
0 0.5626666666666666 0.9562043795620437 0.05333333333333333 0.051094890510948905
0 0.5559999999999999 0.43886861313868614 0.013333333333333332 0.009124087591240875
0 0.5559999999999999 0.48266423357664234 0.013333333333333332 0.009124087591240875
0 0.5613333333333334 0.04470802919708029 0.013333333333333332 0.009124087591240875
0 0.5693333333333334 0.447992700729927 0.013333333333333332 0.009124087591240875
0 0.584 0.31204379562043794 0.016 0.010948905109489052
0 0.5866666666666667 0.8357664233576642 0.021333333333333333 0.01824817518248175
0 0.588 0.3895985401459854 0.013333333333333332 0.009124087591240875
0 0.6133333333333333 0.9507299270072992 0.05333333333333333 0.043795620437956206
0 0.6546666666666666 0.8932481751824817 0.013333333333333332 0.009124087591240875
0 0.6839999999999999 0.04835766423357664 0.013333333333333332 0.009124087591240875
0 0.692 0.375 0.013333333333333332 0.009124087591240875
0 0.6973333333333334 0.8950729927007299 0.013333333333333332 0.009124087591240875
0 0.7 0.9844890510948905 0.013333333333333332 0.009124087591240875
0 0.7186666666666667 0.2052919708029197 0.013333333333333332 0.009124087591240875
0 0.732 0.8348540145985401 0.013333333333333332 0.009124087591240875
0 0.748 0.22536496350364962 0.013333333333333332 0.009124087591240875
0 0.7506666666666666 0.22536496350364962 0.013333333333333332 0.009124087591240875
0 0.7533333333333333 0.10675182481751824 0.013333333333333332 0.009124087591240875
0 0.7586666666666666 0.22354014598540145 0.013333333333333332 0.009124087591240875
0 0.7613333333333333 0.1468978102189781 0.013333333333333332 0.009124087591240875
0 0.7613333333333333 0.22354014598540145 0.013333333333333332 0.009124087591240875
0 0.7693333333333333 0.3512773722627737 0.013333333333333332 0.009124087591240875
0 0.7893333333333333 0.06843065693430657 0.032 0.05291970802919708
0 0.8653333333333333 0.9352189781021898 0.14133333333333334 0.07116788321167883
0 0.82 0.5885036496350364 0.013333333333333332 0.009124087591240875
0 0.86 0.07572992700729926 0.11466666666666667 0.07116788321167883
0 0.876 0.8302919708029197 0.11466666666666667 0.07664233576642336
0 0.88 0.4096715328467153 0.10666666666666666 0.3010948905109489
0 0.9373333333333334 0.2527372262773723 0.013333333333333332 0.009124087591240875
0 0.9826666666666667 0.5757299270072993 0.013333333333333332 0.009124087591240875
