0 0.08375 0.18101933216168717 0.0375 0.14762741652021089
0 0.1475 0.1915641476274165 0.1 0.1687170474516696
0 0.13125 0.5184534270650263 0.17250000000000001 0.14411247803163443
0 0.7325 0.5184534270650263 0.03 0.10193321616871705
0 0.75375 0.7442882249560632 0.0825 0.14938488576449913
0 0.76 0.34182776801405973 0.085 0.11423550087873462
0 0.68625 0.164323374340949 0.1475 0.14235500878734622
0 0.8125 0.1344463971880492 0.05 0.08260105448154657
0 0.8125 0.7135325131810193 0.035 0.08787346221441124
0 0.81375 0.5246045694200351 0.1375 0.12126537785588752
