0 0.14250000000000002 0.8822495606326889 0.115 0.10544815465729349
0 0.1775 0.24956063268892792 0.09 0.1968365553602812
0 0.23375 0.7355008787346221 0.0375 0.10720562390158171
0 0.23500000000000001 0.18277680140597538 0.03 0.0632688927943761
0 0.50125 0.15729349736379614 0.1125 0.16695957820738136
0 0.57875 0.11247803163444639 0.0475 0.0773286467486819
0 0.7837500000000001 0.7407732864674867 0.0375 0.10720562390158171
0 0.82625 0.750439367311072 0.0525 0.1265377855887522
0 0.84875 0.1985940246045694 0.0975 0.18980667838312829
0 0.87125 0.7188049209138839 0.0525 0.06678383128295254
