0 0.07625 0.7328646748681897 0.0775 0.14059753954305798
0 0.18375 0.4244288224956063 0.0325 0.10720562390158171
0 0.22625 0.4244288224956063 0.0525 0.11072056239015816
0 0.28750000000000003 0.7231985940246045 0.03 0.09666080843585237
0 0.31375000000000003 0.7319859402460457 0.0275 0.11072056239015816
0 0.35625 0.7231985940246045 0.0625 0.09666080843585237
0 0.485 0.18277680140597538 0.085 0.15114235500878734
0 0.615 0.09578207381370825 0.03 0.06502636203866433
0 0.64125 0.12565905096660807 0.0325 0.12478031634446396
0 0.775 0.1274165202108963 0.04 0.09666080843585237
0 0.79625 0.7126537785588751 0.0425 0.11423550087873462
