0 0.13875 0.49999999999999994 0.0125 0.008787346221441124
0 0.20375000000000001 0.3998242530755712 0.14250000000000002 0.1915641476274165
0 0.20500000000000002 0.1414762741652021 0.14 0.14938488576449913
0 0.6925 0.34358523725834794 0.035 0.06151142355008787
0 0.735 0.34446397188049205 0.05 0.0632688927943761
0 0.79125 0.13884007029876977 0.0725 0.11247803163444639
0 0.8462500000000001 0.6731107205623901 0.0375 0.14762741652021089
0 0.865 0.39191564147627417 0.105 0.11599297012302284
0 0.88125 0.13884007029876977 0.11750000000000001 0.11247803163444639
0 0.905 0.6933216168717047 0.085 0.18453427065026362
