0 0.105 0.38488576449912126 0.05 0.08787346221441124
0 0.1225 0.6115992970123022 0.06 0.20035149384885764
0 0.14625 0.38488576449912126 0.0325 0.08787346221441124
0 0.18 0.35500878734622143 0.015 0.02460456942003515
0 0.1925 0.6124780316344464 0.08 0.20210896309314585
0 0.21625 0.38488576449912126 0.0325 0.08787346221441124
0 0.7875 0.16080843585237256 0.035 0.13884007029876977
0 0.82125 0.18980667838312829 0.0375 0.19332161687170474
0 0.835 0.6107205623901582 0.055 0.20210896309314585
0 0.8625 0.14059753954305798 0.05 0.10193321616871705
