0 0.12625 0.10544815465729349 0.08750000000000001 0.11599297012302284
0 0.11875000000000001 0.6423550087873462 0.0425 0.10369068541300526
0 0.11750000000000001 0.4165202108963093 0.035 0.14762741652021089
0 0.15125 0.3866432337434095 0.0325 0.08787346221441124
0 0.16875 0.6555360281195078 0.0625 0.1265377855887522
0 0.19625 0.40685413005272403 0.0525 0.1282952548330404
0 0.3025 0.6036906854130052 0.035 0.040421792618629174
0 0.35125 0.0773286467486819 0.0375 0.06678383128295254
0 0.365 0.8901581722319859 0.035 0.06502636203866433
0 0.3775 0.649384885764499 0.045 0.1282952548330404
0 0.4025 0.8892794376098417 0.035 0.06678383128295254
0 0.42125 0.624780316344464 0.0425 0.07908611599297012
0 0.45625 0.09490333919156414 0.0825 0.08787346221441124
0 0.44 0.8980667838312829 0.035 0.0843585237258348
0 0.46625 0.6124780316344464 0.0425 0.05448154657293497
0 0.5225 0.09490333919156414 0.055 0.08787346221441124
0 0.64875 0.6537785588752196 0.10250000000000001 0.11599297012302284
0 0.7937500000000001 0.3954305799648506 0.0425 0.10544815465729349
0 0.8512500000000001 0.07996485061511423 0.0425 0.09314586994727592
0 0.86375 0.4086115992970123 0.0975 0.1282952548330404
0 0.8975 0.10281195079086115 0.055 0.13532513181019332
