0 0.13375 0.23022847100175745 0.0225 0.0210896309314587
0 0.1375 0.10808435852372583 0.035 0.09314586994727592
0 0.16625 0.28383128295254834 0.0325 0.1282952548330404
0 0.2425 0.27504393673110716 0.125 0.11423550087873462
0 0.2025 0.6520210896309314 0.135 0.5342706502636203
0 0.25 0.11599297012302284 0.2 0.11247803163444639
0 0.34375 0.4833040421792618 0.0375 0.0843585237258348
0 0.71 0.7671353251318102 0.05 0.13884007029876977
0 0.76 0.6010544815465729 0.085 0.1195079086115993
0 0.85375 0.13356766256590508 0.1225 0.16520210896309315
