0 0.1825 0.7451669595782073 0.05 0.1687170474516696
0 0.18125 0.15202108963093144 0.1325 0.15992970123022845
0 0.2625 0.12302284710017573 0.05 0.10193321616871705
0 0.3575 0.11775043936731107 0.035 0.06678383128295254
0 0.36375 0.937609841827768 0.0125 0.008787346221441124
0 0.67375 0.7240773286467487 0.0425 0.1265377855887522
0 0.7075 0.1704745166959578 0.105 0.11599297012302284
0 0.71875 0.7108963093145869 0.0425 0.10017574692442882
0 0.7987500000000001 0.5061511423550088 0.0375 0.06678383128295254
0 0.83875 0.5175746924428822 0.0425 0.08963093145869946
0 0.87125 0.17135325131810192 0.0675 0.14235500878734622
0 0.875 0.5272407732864675 0.04 0.11247803163444639
