0 0.13 0.6950790861159929 0.115 0.08963093145869946
0 0.12375 0.148506151142355 0.0375 0.1704745166959578
0 0.1675 0.148506151142355 0.055 0.1704745166959578
0 0.2475 0.10544815465729349 0.04 0.08787346221441124
0 0.3125 0.11511423550087872 0.1 0.11072056239015816
0 0.34750000000000003 0.6054481546572935 0.115 0.10369068541300526
0 0.36 0.328646748681898 0.18 0.10193321616871705
0 0.36625 0.8479789103690685 0.0475 0.08611599297012301
0 0.3825 0.49209138840070293 0.05 0.0632688927943761
0 0.7312500000000001 0.5026362038664323 0.0375 0.10896309314586994
0 0.7925 0.805799648506151 0.04 0.1282952548330404
0 0.7887500000000001 0.5131810193321616 0.0825 0.13005272407732865
0 0.83625 0.8471001757469244 0.0525 0.21089630931458697
0 0.8200000000000001 0.13356766256590508 0.105 0.12302284710017573
0 0.855 0.5342706502636203 0.055 0.17223198594024602
0 0.8325 0.32952548330404213 0.11 0.10720562390158171
