0 0.15375 0.20035149384885764 0.0375 0.0632688927943761
0 0.1575 0.8576449912126537 0.035 0.06678383128295254
0 0.20125 0.8576449912126537 0.0525 0.06678383128295254
0 0.195 0.20913884007029876 0.05 0.0843585237258348
0 0.3975 0.09314586994727592 0.125 0.11247803163444639
0 0.485 0.8541300527240773 0.035 0.0773286467486819
0 0.515 0.10456942003514938 0.035 0.10720562390158171
0 0.5700000000000001 0.43409490333919154 0.115 0.17223198594024602
0 0.7000000000000001 0.3532513181019332 0.085 0.09490333919156414
0 0.865 0.07029876977152899 0.03 0.0773286467486819
0 0.8825000000000001 0.8637961335676625 0.04 0.11072056239015816
0 0.9187500000000001 0.09666080843585237 0.08750000000000001 0.13005272407732865
0 0.92125 0.8312829525483304 0.0375 0.0492091388400703
