0 0.09875 0.445518453427065 0.0125 0.008787346221441124
0 0.1225 0.4050966608084358 0.035 0.08260105448154657
0 0.20375000000000001 0.14059753954305798 0.17250000000000001 0.15817223198594024
0 0.15 0.6001757469244288 0.04 0.1282952548330404
0 0.22125 0.41388400702987693 0.1675 0.10369068541300526
0 0.48 0.09666080843585237 0.035 0.06678383128295254
0 0.5175 0.13708260105448153 0.04 0.15114235500878734
0 0.55375 0.13796133567662566 0.0375 0.14938488576449913
0 0.66125 0.4103690685413005 0.0975 0.13181019332161686
0 0.82125 0.8163444639718804 0.1375 0.09666080843585237
0 0.8325 0.11072056239015816 0.14 0.12302284710017573
0 0.86875 0.5817223198594024 0.0375 0.09138840070298769
