0 0.1525 0.13971880492091387 0.04 0.1282952548330404
0 0.145 0.5826010544815465 0.075 0.14938488576449913
0 0.2225 0.5817223198594024 0.085 0.15114235500878734
0 0.27375 0.5246045694200351 0.0125 0.008787346221441124
0 0.27125 0.3224956063268893 0.1075 0.14938488576449913
0 0.33625 0.08963093145869946 0.0425 0.05272407732864674
0 0.44875 0.8137082601054481 0.0825 0.1687170474516696
0 0.65625 0.34270650263620384 0.14250000000000002 0.19332161687170474
0 0.765 0.10896309314586994 0.04 0.07029876977152899
0 0.8275 0.13181019332161686 0.085 0.11599297012302284
0 0.80625 0.3189806678383128 0.0375 0.08611599297012301
0 0.86375 0.8093145869947276 0.0375 0.16695957820738136
0 0.87125 0.3391915641476274 0.0975 0.13005272407732865
