0 0.13125 0.13356766256590508 0.0375 0.07381370826010544
0 0.145 0.43233743409490333 0.08 0.13005272407732865
0 0.17875 0.6669595782073813 0.0575 0.07205623901581722
0 0.22875 0.19595782073813708 0.1625 0.20210896309314585
0 0.31125 0.6942003514938488 0.0375 0.10544815465729349
0 0.3525 0.6836555360281195 0.055 0.08787346221441124
0 0.6950000000000001 0.7073813708260105 0.17500000000000002 0.15992970123022845
0 0.81125 0.4050966608084358 0.0375 0.06502636203866433
0 0.80625 0.18717047451669594 0.17250000000000001 0.1915641476274165
0 0.85375 0.4042179261862917 0.0525 0.06678383128295254
0 0.8462500000000001 0.6977152899824253 0.0925 0.14059753954305798
