0 0.1275 0.34446397188049205 0.085 0.10896309314586994
0 0.09875 0.12302284710017573 0.0725 0.09490333919156414
0 0.1525 0.6695957820738137 0.05 0.15114235500878734
0 0.15 0.15114235500878734 0.035 0.14411247803163443
0 0.1925 0.35500878734622143 0.055 0.1265377855887522
0 0.2 0.14938488576449913 0.075 0.14762741652021089
0 0.19875 0.6906854130052724 0.0525 0.18980667838312829
0 0.30375 0.040421792618629174 0.0775 0.035149384885764495
0 0.3725 0.0421792618629174 0.07 0.03163444639718805
0 0.4675 0.12214411247803163 0.035 0.06502636203866433
0 0.525 0.15114235500878734 0.085 0.1265377855887522
0 0.5675 0.6933216168717047 0.035 0.17750439367311072
0 0.57875 0.36203866432337434 0.0325 0.17574692442882248
0 0.62125 0.6739894551845342 0.0775 0.13884007029876977
0 0.70375 0.657293497363796 0.0325 0.13708260105448153
0 0.73625 0.616871704745167 0.0275 0.0632688927943761
0 0.7775 0.6362038664323374 0.05 0.10193321616871705
0 0.87375 0.0992970123022847 0.0425 0.06502636203866433
