0 0.12125 0.148506151142355 0.0375 0.08260105448154657
0 0.18 0.5043936731107206 0.035 0.10193321616871705
0 0.20625000000000002 0.750439367311072 0.1325 0.1968365553602812
0 0.24125 0.5325131810193321 0.0925 0.15817223198594024
0 0.655 0.35676625659050965 0.03 0.11247803163444639
0 0.70625 0.3383128295254833 0.0725 0.07557117750439367
0 0.76375 0.3391915641476274 0.0475 0.0773286467486819
0 0.7937500000000001 0.15817223198594024 0.1875 0.15114235500878734
0 0.7725 0.5369068541300527 0.04 0.12478031634446396
0 0.8375 0.5254833040421792 0.1 0.10896309314586994
