0 0.23750000000000002 0.8708260105448155 0.16 0.13181019332161686
0 0.2175 0.4182776801405975 0.105 0.13708260105448153
0 0.47875 0.6265377855887522 0.1325 0.156414762741652
0 0.49 0.3884007029876977 0.025 0.045694200351493845
0 0.535 0.398945518453427 0.055 0.06678383128295254
0 0.61625 0.8585237258347979 0.0375 0.12478031634446396
0 0.6625 0.8356766256590509 0.055 0.08963093145869946
0 0.89875 0.6230228471001757 0.11750000000000001 0.16695957820738136
0 0.87 0.21441124780316342 0.085 0.13005272407732865
0 0.9175 0.4059753954305799 0.08 0.08787346221441124
0 0.93625 0.19507908611599295 0.0525 0.08787346221441124
