0 0.11875000000000001 0.4033391915641476 0.0375 0.10720562390158171
0 0.13 0.657293497363796 0.04 0.0773286467486819
0 0.20750000000000002 0.7065026362038664 0.115 0.17574692442882248
0 0.25125000000000003 0.21528998242530756 0.0375 0.04393673110720562
0 0.45375 0.36203866432337434 0.0375 0.15114235500878734
0 0.51875 0.36115992970123023 0.0975 0.14938488576449913
0 0.6125 0.07996485061511423 0.035 0.06502636203866433
0 0.65125 0.09138840070298769 0.0325 0.08787346221441124
0 0.725 0.07557117750439367 0.025 0.045694200351493845
0 0.77875 0.35500878734622143 0.0525 0.08787346221441124
0 0.81 0.7029876977152899 0.125 0.11247803163444639
