0 0.06875 0.5957820738137082 0.0325 0.14762741652021089
0 0.08125 0.13796133567662566 0.0475 0.13181019332161686
0 0.125 0.5852372583479789 0.085 0.13005272407732865
0 0.14250000000000002 0.3998242530755712 0.04 0.06854130052724076
0 0.18875 0.7697715289982425 0.0275 0.09138840070298769
0 0.18375 0.5500878734622143 0.0425 0.05975395430579965
0 0.21375 0.7565905096660808 0.0325 0.06854130052724076
0 0.22375 0.1282952548330404 0.0325 0.11247803163444639
0 0.22375 0.3980667838312829 0.1275 0.07205623901581722
0 0.255 0.1195079086115993 0.03 0.09490333919156414
0 0.28750000000000003 0.1195079086115993 0.035 0.09138840070298769
0 0.3425 0.10808435852372583 0.015 0.050966608084358524
0 0.38 0.11862917398945517 0.035 0.06502636203866433
0 0.755 0.8172231985940246 0.15 0.15817223198594024
0 0.76375 0.27855887521968364 0.0125 0.008787346221441124
0 0.7675000000000001 0.5949033391915641 0.05 0.13884007029876977
0 0.81 0.17574692442882248 0.095 0.1968365553602812
