0 0.0425 0.6520210896309314 0.04 0.11247803163444639
0 0.07375 0.4024604569420035 0.0375 0.1265377855887522
0 0.08375 0.6599297012302284 0.0375 0.13532513181019332
0 0.11 0.3927943760984183 0.035 0.10720562390158171
0 0.12625 0.16080843585237256 0.1625 0.16695957820738136
0 0.145 0.3822495606326889 0.035 0.08611599297012301
0 0.12875 0.6265377855887522 0.0575 0.07205623901581722
0 0.47875 0.3892794376098418 0.0325 0.12126537785588752
0 0.49875 0.6230228471001757 0.0375 0.10720562390158171
0 0.52625 0.3813708260105448 0.0675 0.10544815465729349
0 0.5425 0.6845342706502636 0.055 0.23022847100175745
0 0.57875 0.3734622144112478 0.0475 0.08963093145869946
0 0.6275000000000001 0.633567662565905 0.06 0.14235500878734622
0 0.7312500000000001 0.648506151142355 0.0375 0.1616871704745167
0 0.69625 0.15377855887521968 0.1125 0.20210896309314585
0 0.7937500000000001 0.6388400702987698 0.0925 0.14235500878734622
0 0.77375 0.1344463971880492 0.0475 0.16695957820738136
0 0.79 0.3813708260105448 0.04 0.07029876977152899
