0 0.1125 0.8110720562390158 0.06 0.05448154657293497
0 0.15125 0.22495606326889278 0.0375 0.11247803163444639
0 0.14375000000000002 0.5685413005272407 0.1325 0.15992970123022845
0 0.20875 0.23725834797891035 0.0675 0.13708260105448153
0 0.2325 0.5694200351493849 0.04 0.1546572934973638
0 0.3 0.5676625659050967 0.105 0.15817223198594024
0 0.35125 0.820738137082601 0.0975 0.10896309314586994
0 0.63125 0.8400702987697715 0.0825 0.10896309314586994
0 0.69125 0.8198594024604569 0.0375 0.06502636203866433
0 0.755 0.13005272407732865 0.04 0.10544815465729349
0 0.77875 0.5746924428822495 0.0425 0.10193321616871705
0 0.84125 0.1695957820738137 0.14250000000000002 0.1915641476274165
0 0.845 0.5738137082601054 0.09 0.10369068541300526
