0 0.13611111111111113 0.5696614583333333 0.02777777777777778 0.10026041666666666
0 0.16574074074074074 0.5618489583333333 0.031481481481481485 0.08463541666666666
0 0.19444444444444445 0.560546875 0.02962962962962963 0.08723958333333333
0 0.2240740740740741 0.5696614583333333 0.02962962962962963 0.10286458333333333
0 0.25277777777777777 0.5358072916666666 0.02777777777777778 0.037760416666666664
0 0.27037037037037037 0.7506510416666666 0.022222222222222223 0.06901041666666666
0 0.3 0.7506510416666666 0.02592592592592593 0.07161458333333333
0 0.32685185185185184 0.38736979166666663 0.02777777777777778 0.061197916666666664
0 0.3601851851851852 0.3782552083333333 0.03518518518518519 0.04296875
0 0.4027777777777778 0.10286458333333333 0.031481481481481485 0.10416666666666666
0 0.4314814814814815 0.10286458333333333 0.02962962962962963 0.1015625
0 0.6481481481481481 0.08528645833333333 0.24074074074074076 0.11848958333333333
