0 0.11625 0.3040421792618629 0.0825 0.13005272407732865
0 0.15125 0.4929701230228471 0.0575 0.050966608084358524
0 0.25 0.3031634446397188 0.185 0.1282952548330404
0 0.24875 0.10544815465729349 0.1875 0.15114235500878734
0 0.37625000000000003 0.68804920913884 0.0375 0.10369068541300526
0 0.43375 0.6854130052724077 0.0825 0.10896309314586994
0 0.74625 0.09753954305799648 0.08750000000000001 0.11423550087873462
0 0.83875 0.49824253075571173 0.1325 0.10369068541300526
0 0.8175 0.3057996485061511 0.14 0.13005272407732865
0 0.88 0.0773286467486819 0.055 0.07381370826010544
