0 0.09 0.16783831282952547 0.04 0.09314586994727592
0 0.10625 0.43673110720562386 0.0425 0.18101933216168717
0 0.1525 0.4042179261862917 0.055 0.11599297012302284
0 0.16 0.156414762741652 0.105 0.07381370826010544
0 0.27625 0.4384885764499121 0.0475 0.15289982425307555
0 0.31125 0.10456942003514938 0.0425 0.10017574692442882
0 0.33625 0.6845342706502636 0.0375 0.10720562390158171
0 0.3275 0.4130052724077328 0.06 0.10544815465729349
0 0.3575 0.09314586994727592 0.055 0.08084358523725835
0 0.36125 0.9033391915641475 0.1075 0.13005272407732865
0 0.40125 0.6836555360281195 0.0975 0.10896309314586994
0 0.43375 0.8857644991212653 0.0325 0.09490333919156414
0 0.80875 0.12565905096660807 0.0425 0.09314586994727592
0 0.8575 0.6854130052724077 0.125 0.11247803163444639
0 0.86375 0.4244288224956063 0.0975 0.13181019332161686
0 0.87125 0.11511423550087872 0.08750000000000001 0.07205623901581722
