0 0.15833333333333333 0.7454427083333333 0.05740740740740741 0.09765625
0 0.2388888888888889 0.8365885416666666 0.11111111111111112 0.27994791666666663
0 0.22777777777777777 0.478515625 0.037037037037037035 0.13411458333333331
0 0.26666666666666666 0.44596354166666663 0.037037037037037035 0.06901041666666666
0 0.3851851851851852 0.3515625 0.03333333333333333 0.1015625
0 0.4203703703703704 0.359375 0.037037037037037035 0.125
0 0.45740740740740743 0.3294270833333333 0.037037037037037035 0.06510416666666666
0 0.6481481481481481 0.8763020833333333 0.03333333333333333 0.09635416666666666
0 0.7518518518518519 0.556640625 0.21851851851851853 0.12630208333333331
0 0.6824074074074075 0.8580729166666666 0.03518518518518519 0.0625
0 0.7435185185185186 0.7936197916666666 0.03518518518518519 0.10026041666666666
0 0.7787037037037038 0.7962239583333333 0.03518518518518519 0.11848958333333333
