0 0.17461832061068702 0.82 0.2232824427480916 0.21333333333333332
0 0.2280534351145038 0.5666666666666667 0.11259541984732824 0.07733333333333334
0 0.22614503816793893 0.2833333333333333 0.11641221374045801 0.07866666666666666
0 0.2614503816793893 0.122 0.13740458015267176 0.04666666666666666
0 0.5028625954198473 0.17733333333333332 0.0782442748091603 0.05333333333333333
0 0.6269083969465649 0.05266666666666667 0.0782442748091603 0.028
0 0.7213740458015266 0.8253333333333333 0.030534351145038167 0.026666666666666665
0 0.8034351145038168 0.46799999999999997 0.11450381679389313 0.10133333333333333
0 0.7757633587786259 0.7526666666666666 0.28053435114503816 0.17466666666666666
0 0.8358778625954199 0.30933333333333335 0.14885496183206107 0.08533333333333333
0 0.8339694656488549 0.128 0.1564885496183206 0.08266666666666667
