0 0.17250000000000001 0.42091388400702984 0.16 0.14586994727592267
0 0.26625 0.10808435852372583 0.0575 0.15992970123022845
0 0.26375 0.9103690685413005 0.0375 0.06678383128295254
0 0.3 0.9209138840070298 0.035 0.08787346221441124
0 0.34500000000000003 0.9209138840070298 0.055 0.08787346221441124
0 0.36375 0.08611599297012301 0.0425 0.10193321616871705
0 0.7275 0.9217926186291739 0.03 0.12126537785588752
0 0.8125 0.9209138840070298 0.145 0.12302284710017573
0 0.81375 0.4253075571177504 0.14250000000000002 0.17223198594024602
0 0.8562500000000001 0.09314586994727592 0.0425 0.10193321616871705
