0 0.16944444444444445 0.9088541666666666 0.02777777777777778 0.06510416666666666
0 0.16944444444444445 0.17513020833333331 0.009259259259259259 0.006510416666666666
0 0.20185185185185187 0.892578125 0.037037037037037035 0.037760416666666664
0 0.2064814814814815 0.17708333333333331 0.07962962962962963 0.10677083333333333
0 0.3509259259259259 0.150390625 0.07592592592592592 0.11067708333333333
0 0.6 0.7838541666666666 0.02962962962962963 0.0859375
0 0.6287037037037038 0.7760416666666666 0.02777777777777778 0.06770833333333333
0 0.6333333333333333 0.359375 0.02962962962962963 0.07552083333333333
0 0.700925925925926 0.294921875 0.031481481481481485 0.10026041666666666
0 0.7305555555555556 0.2688802083333333 0.031481481481481485 0.053385416666666664
0 0.7842592592592593 0.8665364583333333 0.031481481481481485 0.15234375
0 0.812962962962963 0.8502604166666666 0.02962962962962963 0.11979166666666666
0 0.862962962962963 0.8131510416666666 0.02962962962962963 0.10286458333333333
0 0.887962962962963 0.3216145833333333 0.02777777777777778 0.1171875
0 0.8925925925925926 0.8046875 0.02962962962962963 0.0859375
0 0.9157407407407407 0.29557291666666663 0.031481481481481485 0.0703125
0 0.9222222222222223 0.8131510416666666 0.02962962962962963 0.10286458333333333
