0 0.08625000000000001 0.7082601054481547 0.0175 0.045694200351493845
0 0.1075 0.16080843585237256 0.04 0.16695957820738136
0 0.1225 0.7293497363796133 0.035 0.08787346221441124
0 0.135 0.5553602811950791 0.04 0.07029876977152899
0 0.15375 0.17223198594024602 0.0575 0.18980667838312829
0 0.38375000000000004 0.16080843585237256 0.1775 0.1282952548330404
0 0.63625 0.7293497363796133 0.0575 0.07381370826010544
0 0.77375 0.16520210896309315 0.0375 0.14762741652021089
0 0.7925 0.7302284710017575 0.035 0.12126537785588752
0 0.85375 0.7390158172231985 0.0925 0.13884007029876977
0 0.83125 0.15377855887521968 0.0825 0.1282952548330404
