0 0.10833333333333334 0.283203125 0.031481481481481485 0.08723958333333333
0 0.13796296296296298 0.2747395833333333 0.02777777777777778 0.0703125
0 0.1638888888888889 0.4407552083333333 0.031481481481481485 0.11848958333333333
0 0.16574074074074074 0.26627604166666663 0.031481481481481485 0.053385416666666664
0 0.19351851851851853 0.41861979166666663 0.031481481481481485 0.06901041666666666
0 0.22222222222222224 0.41666666666666663 0.02962962962962963 0.0703125
0 0.28240740740740744 0.43424479166666663 0.031481481481481485 0.10286458333333333
0 0.3111111111111111 0.41666666666666663 0.02962962962962963 0.0703125
0 0.3425925925925926 0.4251302083333333 0.02962962962962963 0.08723958333333333
0 0.55 0.18424479166666666 0.02962962962962963 0.037760416666666664
0 0.5787037037037037 0.216796875 0.031481481481481485 0.10286458333333333
0 0.6083333333333334 0.20182291666666666 0.031481481481481485 0.06770833333333333
0 0.6342592592592593 0.8984375 0.020370370370370372 0.03645833333333333
0 0.637962962962963 0.208984375 0.031481481481481485 0.08723958333333333
0 0.7546296296296297 0.5130208333333333 0.05 0.06770833333333333
