0 0.12222222222222223 0.8639322916666666 0.02962962962962963 0.10286458333333333
0 0.15092592592592594 0.86328125 0.02777777777777778 0.1015625
0 0.17962962962962964 0.8463541666666666 0.02962962962962963 0.0703125
0 0.2101851851851852 0.87109375 0.031481481481481485 0.11979166666666666
0 0.45462962962962966 0.30078125 0.02777777777777778 0.03645833333333333
0 0.5 0.5403645833333333 0.02962962962962963 0.0859375
0 0.5287037037037037 0.5397135416666666 0.031481481481481485 0.08723958333333333
0 0.5583333333333333 0.5325520833333333 0.031481481481481485 0.0703125
0 0.6055555555555556 0.4915364583333333 0.03333333333333333 0.053385416666666664
0 0.6361111111111112 0.4915364583333333 0.031481481481481485 0.053385416666666664
0 0.6268518518518519 0.8873697916666666 0.031481481481481485 0.08463541666666666
0 0.6564814814814816 0.87890625 0.031481481481481485 0.0703125
0 0.7527777777777778 0.20052083333333331 0.02777777777777778 0.0859375
0 0.7814814814814816 0.22395833333333331 0.02962962962962963 0.13541666666666666
0 0.8101851851851852 0.20833333333333331 0.031481481481481485 0.1015625
