0 0.1699029126213592 0.7173333333333333 0.07184466019417475 0.018666666666666665
0 0.22621359223300969 0.6673333333333333 0.04466019417475728 0.02
0 0.2116504854368932 0.8713333333333333 0.1320388349514563 0.09466666666666666
0 0.22718446601941747 0.32066666666666666 0.13592233009708737 0.06799999999999999
0 0.28252427184466017 0.6246666666666666 0.05242718446601941 0.014666666666666666
0 0.31165048543689317 0.8153333333333334 0.009708737864077669 0.006666666666666666
0 0.28252427184466017 0.14666666666666667 0.17669902912621357 0.11733333333333333
0 0.570873786407767 0.6846666666666666 0.11262135922330097 0.06266666666666666
0 0.7349514563106796 0.4746666666666666 0.07184466019417475 0.018666666666666665
0 0.7601941747572816 0.7346666666666667 0.09514563106796116 0.032
0 0.8097087378640776 0.146 0.1786407766990291 0.124
0 0.8436893203883494 0.6513333333333333 0.07184466019417475 0.03866666666666667
