0 0.1075 0.7469244288224955 0.06 0.09490333919156414
0 0.15875 0.461335676625659 0.1825 0.14938488576449913
0 0.4175 0.1274165202108963 0.14 0.09666080843585237
0 0.3825 0.734622144112478 0.03 0.09490333919156414
0 0.43375 0.734622144112478 0.0725 0.09490333919156414
0 0.48375 0.7179261862917399 0.0325 0.05799648506151142
0 0.5650000000000001 0.7706502636203866 0.04 0.13181019332161686
0 0.6125 0.7539543057996485 0.055 0.0984182776801406
0 0.685 0.7056239015817223 0.03 0.050966608084358524
0 0.845 0.4595782073813708 0.04 0.15289982425307555
0 0.88375 0.7618629173989455 0.0375 0.07205623901581722
