0 0.1328125 0.20933333333333332 0.078125 0.04
0 0.150390625 0.10733333333333334 0.10546875 0.10533333333333333
0 0.1669921875 0.3353333333333333 0.091796875 0.06
0 0.1845703125 0.57 0.072265625 0.030666666666666665
0 0.3486328125 0.7893333333333333 0.115234375 0.03733333333333333
0 0.396484375 0.308 0.12890625 0.06133333333333333
0 0.4697265625 0.14266666666666666 0.048828125 0.021333333333333333
0 0.5888671875 0.09799999999999999 0.126953125 0.04666666666666666
0 0.62109375 0.22666666666666666 0.1796875 0.06933333333333333
0 0.8857421875 0.8153333333333334 0.115234375 0.10533333333333333
0 0.8623046875 0.32 0.119140625 0.096
0 0.8759765625 0.15333333333333332 0.111328125 0.024
