0 0.13840155945419103 0.134 0.13255360623781676 0.06799999999999999
0 0.12475633528265107 0.442 0.15204678362573099 0.07333333333333333
0 0.20760233918128654 0.27799999999999997 0.1189083820662768 0.06799999999999999
0 0.2758284600389863 0.09999999999999999 0.06432748538011696 0.034666666666666665
0 0.4191033138401559 0.736 0.11306042884990253 0.018666666666666665
0 0.4756335282651072 0.628 0.11306042884990253 0.034666666666666665
0 0.8206627680311891 0.27066666666666667 0.09746588693957114 0.064
0 0.7962962962962963 0.42533333333333334 0.18518518518518517 0.08266666666666667
0 0.7621832358674463 0.148 0.22612085769980506 0.029333333333333333
0 0.8654970760233918 0.5539999999999999 0.11695906432748537 0.06533333333333333
