0 0.061111111111111116 0.109375 0.02962962962962963 0.0859375
0 0.08981481481481482 0.07942708333333333 0.02777777777777778 0.026041666666666664
0 0.1537037037037037 0.7063802083333333 0.02962962962962963 0.037760416666666664
0 0.20462962962962963 0.5514322916666666 0.02777777777777778 0.10546875
0 0.2351851851851852 0.5240885416666666 0.037037037037037035 0.04817708333333333
0 0.33981481481481485 0.5286458333333333 0.031481481481481485 0.06510416666666666
0 0.3685185185185185 0.5345052083333333 0.02962962962962963 0.08463541666666666
0 0.39814814814814814 0.5104166666666666 0.02962962962962963 0.03645833333333333
0 0.5675925925925926 0.8899739583333333 0.03518518518518519 0.10026041666666666
0 0.600925925925926 0.89453125 0.03518518518518519 0.10677083333333333
0 0.6314814814814815 0.34765625 0.02962962962962963 0.11979166666666666
0 0.6601851851851852 0.33072916666666663 0.031481481481481485 0.0859375
0 0.6731481481481482 0.7513020833333333 0.03518518518518519 0.04427083333333333
0 0.7083333333333334 0.7610677083333333 0.03518518518518519 0.061197916666666664
0 0.7296296296296296 0.314453125 0.02962962962962963 0.08723958333333333
0 0.7592592592592593 0.30729166666666663 0.02962962962962963 0.0703125
0 0.762962962962963 0.7076822916666666 0.03333333333333333 0.11848958333333333
0 0.7972222222222223 0.6979166666666666 0.03518518518518519 0.09895833333333333
