0 0.13715953307392997 0.6553333333333333 0.11089494163424124 0.028
0 0.17801556420233464 0.2513333333333333 0.09143968871595332 0.09999999999999999
0 0.25 0.524 0.10311284046692606 0.032
0 0.19552529182879377 0.8406666666666667 0.05252918287937743 0.017333333333333333
0 0.3443579766536965 0.30866666666666664 0.10116731517509728 0.06
0 0.4085603112840467 0.134 0.1245136186770428 0.05733333333333333
0 0.8229571984435797 0.594 0.04669260700389105 0.02
0 0.8171206225680934 0.866 0.058365758754863814 0.017333333333333333
0 0.7996108949416343 0.184 0.19066147859922178 0.11733333333333333
0 0.8570038910505837 0.7693333333333333 0.04085603112840467 0.018666666666666665
0 0.867704280155642 0.528 0.042801556420233464 0.018666666666666665
