0 0.21179883945841393 0.3293333333333333 0.13346228239845262 0.104
0 0.27176015473887816 0.8213333333333334 0.1644100580270793 0.10933333333333332
0 0.344294003868472 0.48466666666666663 0.09284332688588008 0.04666666666666666
0 0.49032882011605416 0.7353333333333333 0.09090909090909091 0.06266666666666666
0 0.47388781431334626 0.208 0.17408123791102514 0.08533333333333333
0 0.6160541586073501 0.7999999999999999 0.10251450676982592 0.042666666666666665
0 0.6276595744680851 0.122 0.09864603481624758 0.036
0 0.7485493230174082 0.46399999999999997 0.061895551257253385 0.024
0 0.7427466150870407 0.762 0.11218568665377177 0.04666666666666666
0 0.8491295938104448 0.186 0.13926499032882012 0.05733333333333333
0 0.8384912959381045 0.4353333333333333 0.11411992263056094 0.04133333333333333
