0 0.2101851851851852 0.38671875 0.02777777777777778 0.06770833333333333
0 0.23981481481481481 0.3782552083333333 0.031481481481481485 0.053385416666666664
0 0.26851851851851855 0.39518229166666663 0.02962962962962963 0.08723958333333333
0 0.27870370370370373 0.84375 0.07962962962962963 0.04427083333333333
0 0.31666666666666665 0.6458333333333333 0.037037037037037035 0.13541666666666666
0 0.35555555555555557 0.6673177083333333 0.037037037037037035 0.17578125
0 0.39537037037037037 0.6692708333333333 0.03888888888888889 0.17708333333333331
0 0.6046296296296296 0.19140625 0.061111111111111116 0.09895833333333333
0 0.6481481481481481 0.17057291666666666 0.02962962962962963 0.049479166666666664
0 0.6814814814814815 0.1015625 0.02592592592592593 0.020833333333333332
