0 0.21666666666666667 0.865234375 0.02962962962962963 0.10286458333333333
0 0.24629629629629632 0.8606770833333333 0.02962962962962963 0.09114583333333333
0 0.2601851851851852 0.22721354166666666 0.07962962962962963 0.19661458333333331
0 0.3740740740740741 0.2845052083333333 0.014814814814814815 0.01171875
0 0.4287037037037037 0.1796875 0.09444444444444444 0.25260416666666663
0 0.425 0.12955729166666666 0.009259259259259259 0.009114583333333332
0 0.6138888888888889 0.6998697916666666 0.009259259259259259 0.006510416666666666
0 0.6157407407407408 0.6998697916666666 0.009259259259259259 0.006510416666666666
0 0.6361111111111112 0.6985677083333333 0.009259259259259259 0.006510416666666666
0 0.6509259259259259 0.560546875 0.09814814814814815 0.29296875
0 0.6953703703703704 0.7037760416666666 0.009259259259259259 0.006510416666666666
0 0.7805555555555556 0.8248697916666666 0.02777777777777778 0.053385416666666664
0 0.8092592592592593 0.8411458333333333 0.02962962962962963 0.0859375
0 0.8388888888888889 0.841796875 0.02962962962962963 0.08723958333333333
0 0.8694444444444445 0.8326822916666666 0.02777777777777778 0.06901041666666666
