0 0.17314814814814816 0.865234375 0.03518518518518519 0.10546875
0 0.20925925925925926 0.876953125 0.037037037037037035 0.12630208333333331
0 0.24629629629629632 0.88671875 0.037037037037037035 0.1484375
0 0.28240740740740744 0.8763020833333333 0.03888888888888889 0.12760416666666666
0 0.4083333333333333 0.6634114583333333 0.031481481481481485 0.06380208333333333
0 0.4425925925925926 0.6875 0.037037037037037035 0.09895833333333333
0 0.47870370370370374 0.6640625 0.03518518518518519 0.06510416666666666
0 0.5305555555555556 0.630859375 0.03888888888888889 0.08723958333333333
0 0.5731481481481482 0.619140625 0.05 0.06901041666666666
0 0.762962962962963 0.7591145833333333 0.02962962962962963 0.049479166666666664
0 0.7907407407407407 0.7506510416666666 0.02592592592592593 0.03255208333333333
0 0.8546296296296296 0.54296875 0.02777777777777778 0.033854166666666664
