0 0.1501937984496124 0.8426666666666667 0.0872093023255814 0.056
0 0.14437984496124032 0.286 0.09108527131782945 0.025333333333333333
0 0.25775193798449614 0.7626666666666666 0.13565891472868216 0.07733333333333334
0 0.36046511627906974 0.852 0.05426356589147287 0.032
0 0.3439922480620155 0.27 0.13372093023255813 0.07333333333333333
0 0.688953488372093 0.8486666666666667 0.17248062015503876 0.10266666666666667
0 0.7974806201550387 0.5306666666666666 0.20348837209302326 0.10933333333333332
0 0.8846899224806202 0.8986666666666666 0.09496124031007752 0.06133333333333333
0 0.8643410852713178 0.15133333333333332 0.12015503875968991 0.06
0 0.8624031007751938 0.7466666666666666 0.14728682170542634 0.064
