0 0.12625 0.7100175746924429 0.0375 0.1195079086115993
0 0.17250000000000001 0.4894551845342706 0.06 0.10369068541300526
0 0.16125 0.6792618629173989 0.0375 0.06502636203866433
0 0.195 0.6898066783831283 0.03 0.08260105448154657
0 0.1675 0.8866432337434095 0.11 0.11423550087873462
0 0.3125 0.14586994727592267 0.09 0.14059753954305798
0 0.34125 0.7249560632688927 0.0775 0.10017574692442882
0 0.80625 0.7530755711775043 0.1325 0.15992970123022845
0 0.83625 0.4885764499121265 0.0975 0.13005272407732865
0 0.8425 0.15377855887521968 0.095 0.14235500878734622
