0 0.1574074074074074 0.9173177083333333 0.02962962962962963 0.07421875
0 0.18796296296296297 0.9270833333333333 0.031481481481481485 0.09375
0 0.19074074074074074 0.5325520833333333 0.07777777777777778 0.1015625
0 0.2064814814814815 0.15169270833333331 0.02777777777777778 0.06380208333333333
0 0.22037037037037038 0.9270833333333333 0.03333333333333333 0.09375
0 0.23333333333333334 0.15104166666666666 0.02962962962962963 0.06510416666666666
0 0.2601851851851852 0.14322916666666666 0.02777777777777778 0.049479166666666664
0 0.2888888888888889 0.8912760416666666 0.03333333333333333 0.05859375
0 0.3212962962962963 0.9088541666666666 0.031481481481481485 0.09375
0 0.34814814814814815 0.10546875 0.02962962962962963 0.0859375
0 0.3527777777777778 0.890625 0.031481481481481485 0.057291666666666664
0 0.37777777777777777 0.09765625 0.02962962962962963 0.0703125
0 0.40740740740740744 0.08854166666666666 0.02962962962962963 0.05208333333333333
0 0.4287037037037037 0.501953125 0.02777777777777778 0.07942708333333333
0 0.45555555555555555 0.501953125 0.02962962962962963 0.07942708333333333
0 0.5694444444444444 0.5110677083333333 0.024074074074074074 0.03515625
0 0.5611111111111111 0.919921875 0.02962962962962963 0.10286458333333333
0 0.5972222222222222 0.90234375 0.04259259259259259 0.07291666666666666
0 0.5962962962962963 0.533203125 0.02592592592592593 0.07942708333333333
0 0.6231481481481481 0.5182291666666666 0.02777777777777778 0.049479166666666664
0 0.7324074074074074 0.12239583333333333 0.02777777777777778 0.11979166666666666
0 0.737037037037037 0.4856770833333333 0.02962962962962963 0.06510416666666666
0 0.7777777777777778 0.13932291666666666 0.06666666666666667 0.15364583333333331
0 0.762962962962963 0.478515625 0.02592592592592593 0.05078125
0 0.8250000000000001 0.11458333333333333 0.031481481481481485 0.1015625
0 0.8583333333333334 0.7278645833333333 0.031481481481481485 0.11979166666666666
0 0.887962962962963 0.7180989583333333 0.031481481481481485 0.10286458333333333
