0 0.08333333333333334 0.154296875 0.02962962962962963 0.11848958333333333
0 0.09166666666666667 0.8489583333333333 0.0462962962962963 0.171875
0 0.11203703703703705 0.17252604166666666 0.031481481481481485 0.14973958333333331
0 0.1712962962962963 0.119140625 0.031481481481481485 0.11848958333333333
0 0.18796296296296297 0.787109375 0.02777777777777778 0.06640625
0 0.20092592592592592 0.119140625 0.031481481481481485 0.11848958333333333
0 0.21481481481481482 0.810546875 0.02962962962962963 0.11328125
0 0.23055555555555557 0.111328125 0.031481481481481485 0.10286458333333333
0 0.2638888888888889 0.7565104166666666 0.02777777777777778 0.09895833333333333
0 0.29074074074074074 0.7317708333333333 0.02962962962962963 0.05208333333333333
0 0.32407407407407407 0.5169270833333333 0.02962962962962963 0.13020833333333331
0 0.3527777777777778 0.4700520833333333 0.031481481481481485 0.03645833333333333
0 0.625925925925926 0.158203125 0.02962962962962963 0.10286458333333333
0 0.6555555555555556 0.1328125 0.02962962962962963 0.0546875
0 0.6666666666666667 0.8958333333333333 0.02962962962962963 0.09895833333333333
0 0.6842592592592592 0.158203125 0.031481481481481485 0.10286458333333333
0 0.6944444444444444 0.8723958333333333 0.02962962962962963 0.05208333333333333
0 0.712962962962963 0.15755208333333331 0.02962962962962963 0.10416666666666666
0 0.8009259259259259 0.7903645833333333 0.07222222222222223 0.1875
0 0.8277777777777778 0.095703125 0.02962962962962963 0.10286458333333333
0 0.8574074074074074 0.09440104166666666 0.02962962962962963 0.10286458333333333
