0 0.11851851851851852 0.2942708333333333 0.022222222222222223 0.018229166666666664
0 0.1388888888888889 0.2942708333333333 0.022222222222222223 0.018229166666666664
0 0.15925925925925927 0.29361979166666663 0.018518518518518517 0.01953125
0 0.17407407407407408 0.2981770833333333 0.014814814814814815 0.010416666666666666
0 0.19166666666666668 0.29166666666666663 0.020370370370370372 0.0234375
0 0.2138888888888889 0.29166666666666663 0.024074074074074074 0.0234375
0 0.25462962962962965 0.29166666666666663 0.020370370370370372 0.026041666666666664
0 0.28240740740740744 0.29166666666666663 0.03518518518518519 0.026041666666666664
0 0.31851851851851853 0.29557291666666663 0.037037037037037035 0.033854166666666664
0 0.35370370370370374 0.2923177083333333 0.037037037037037035 0.022135416666666664
0 0.3888888888888889 0.29166666666666663 0.037037037037037035 0.026041666666666664
0 0.42314814814814816 0.29166666666666663 0.03518518518518519 0.026041666666666664
0 0.45092592592592595 0.29166666666666663 0.020370370370370372 0.026041666666666664
0 0.6398148148148148 0.8079427083333333 0.0462962962962963 0.21223958333333331
0 0.6953703703703704 0.7467447916666666 0.0462962962962963 0.09244791666666666
