0 0.1784313725490196 0.614 0.10196078431372549 0.076
0 0.24509803921568626 0.4766666666666666 0.13333333333333333 0.04933333333333333
0 0.2529411764705882 0.8346666666666667 0.058823529411764705 0.024
0 0.35490196078431374 0.7919999999999999 0.09411764705882353 0.072
0 0.39509803921568626 0.4973333333333333 0.07254901960784313 0.04
0 0.8745098039215686 0.5713333333333334 0.043137254901960784 0.017333333333333333
0 0.8931372549019607 0.09533333333333333 0.025490196078431372 0.025333333333333333
0 0.8519607843137255 0.7966666666666666 0.18235294117647058 0.12133333333333333
0 0.9068627450980392 0.5653333333333334 0.029411764705882353 0.013333333333333332
0 0.8784313725490196 0.49133333333333334 0.13333333333333333 0.06799999999999999
0 0.8519607843137255 0.21333333333333332 0.15490196078431373 0.056
0 0.8990196078431373 0.6406666666666666 0.08431372549019608 0.04133333333333333
0 0.942156862745098 0.5619999999999999 0.045098039215686274 0.017333333333333333
