0 0.07001972386587771 0.8773333333333333 0.025641025641025644 0.050666666666666665
0 0.13214990138067062 0.952 0.02366863905325444 0.026666666666666665
0 0.14497041420118345 0.4653333333333333 0.04930966469428008 0.03733333333333333
0 0.21794871794871795 0.8466666666666667 0.2702169625246548 0.248
0 0.4871794871794872 0.8446666666666667 0.3076923076923077 0.252
0 0.4260355029585799 0.64 0.16568047337278108 0.06133333333333333
0 0.465483234714004 0.9526666666666667 0.027613412228796846 0.03866666666666667
0 0.46942800788954636 0.4493333333333333 0.07495069033530573 0.021333333333333333
0 0.5631163708086785 0.15733333333333333 0.13609467455621302 0.08266666666666667
0 0.5660749506903353 0.8013333333333333 0.027613412228796846 0.04533333333333333
0 0.5177514792899408 0.26466666666666666 0.27416173570019725 0.04666666666666666
0 0.6055226824457594 0.612 0.0631163708086785 0.024
0 0.6558185404339251 0.24866666666666665 0.009861932938856016 0.006666666666666666
0 0.7396449704142012 0.8473333333333333 0.32347140039447736 0.14266666666666666
0 0.8402366863905326 0.15333333333333332 0.14201183431952663 0.07733333333333334
0 0.893491124260355 0.33866666666666667 0.14990138067061146 0.06133333333333333
