0 0.04238921001926782 0.382 0.07321772639691715 0.014666666666666666
0 0.11560693641618497 0.3293333333333333 0.046242774566473986 0.029333333333333333
0 0.1252408477842004 0.6506666666666666 0.15028901734104047 0.06933333333333333
0 0.14547206165703275 0.24933333333333332 0.0905587668593449 0.029333333333333333
0 0.1676300578034682 0.874 0.09633911368015415 0.052
0 0.1926782273603083 0.3446666666666667 0.23121387283236994 0.09466666666666666
0 0.197495183044316 0.48066666666666663 0.0905587668593449 0.06
0 0.2321772639691715 0.13533333333333333 0.15606936416184972 0.076
0 0.3554913294797688 0.4686666666666667 0.08285163776493257 0.05466666666666666
0 0.3448940269749518 0.38466666666666666 0.09633911368015415 0.014666666666666666
0 0.4605009633911368 0.08666666666666667 0.19653179190751444 0.08533333333333333
0 0.4094412331406551 0.3853333333333333 0.036608863198458574 0.013333333333333332
0 0.4238921001926782 0.25466666666666665 0.08477842003853564 0.056
0 0.45664739884393063 0.45 0.05009633911368015 0.025333333333333333
0 0.4816955684007707 0.3813333333333333 0.11175337186897881 0.024
0 0.7273603082851637 0.8873333333333333 0.05973025048169557 0.02
0 0.789980732177264 0.8266666666666667 0.05394990366088632 0.042666666666666665
0 0.7996146435452793 0.502 0.13872832369942195 0.108
0 0.7928709055876686 0.118 0.14836223506743737 0.09999999999999999
