0 0.18611111111111112 0.8834635416666666 0.06481481481481481 0.13151041666666666
0 0.45 0.626953125 0.07777777777777778 0.20703125
0 0.587037037037037 0.9088541666666666 0.02962962962962963 0.06770833333333333
0 0.6157407407407408 0.9166666666666666 0.02777777777777778 0.08333333333333333
0 0.6537037037037037 0.8606770833333333 0.02962962962962963 0.13020833333333331
0 0.6472222222222223 0.17578125 0.03888888888888889 0.19010416666666666
0 0.6814814814814815 0.8138020833333333 0.02962962962962963 0.03645833333333333
0 0.6870370370370371 0.17122395833333331 0.037037037037037035 0.17838541666666666
0 0.7268518518518519 0.17578125 0.03888888888888889 0.19010416666666666
0 0.7657407407407407 0.11588541666666666 0.03888888888888889 0.0703125
