0 0.11625 0.42882249560632685 0.0675 0.13005272407732865
0 0.1225 0.6669595782073813 0.015 0.04393673110720562
0 0.19375 0.453427065026362 0.0675 0.17926186291739893
0 0.1825 0.6766256590509666 0.08 0.06678383128295254
0 0.17875 0.08699472759226713 0.0925 0.10369068541300526
0 0.38375000000000004 0.11247803163444639 0.23750000000000002 0.16520210896309315
0 0.6725 0.12126537785588752 0.085 0.14762741652021089
0 0.83375 0.6634446397188049 0.0325 0.04393673110720562
0 0.8475 0.09578207381370825 0.025 0.04745166959578207
0 0.88 0.4253075571177504 0.07 0.09138840070298769
0 0.8875000000000001 0.11687170474516695 0.04 0.09314586994727592
0 0.87875 0.6739894551845342 0.0525 0.06854130052724076
0 0.925 0.11775043936731107 0.04 0.09138840070298769
