0 0.09351851851851853 0.232421875 0.031481481481481485 0.08723958333333333
0 0.12222222222222223 0.24283854166666666 0.02962962962962963 0.10807291666666666
0 0.15185185185185185 0.232421875 0.02962962962962963 0.08723958333333333
0 0.27592592592592596 0.8274739583333333 0.05185185185185186 0.24609375
0 0.36203703703703705 0.59375 0.09814814814814815 0.4036458333333333
0 0.38981481481481484 0.09765625 0.03518518518518519 0.041666666666666664
0 0.5277777777777778 0.9153645833333333 0.02962962962962963 0.13541666666666666
0 0.5574074074074075 0.8990885416666666 0.02962962962962963 0.10286458333333333
0 0.6074074074074074 0.22526041666666666 0.02962962962962963 0.0703125
0 0.6537037037037037 0.23958333333333331 0.06666666666666667 0.10677083333333333
0 0.7444444444444445 0.41666666666666663 0.02962962962962963 0.03645833333333333
0 0.7722222222222223 0.44140625 0.02962962962962963 0.0859375
0 0.7972222222222223 0.8951822916666666 0.06481481481481481 0.09244791666666666
0 0.8388888888888889 0.8756510416666666 0.02962962962962963 0.053385416666666664
