0 0.11262135922330097 0.8993333333333333 0.09320388349514563 0.05466666666666666
0 0.10097087378640776 0.5853333333333333 0.10485436893203882 0.018666666666666665
0 0.14757281553398058 0.834 0.038834951456310676 0.02
0 0.11359223300970873 0.26 0.11067961165048543 0.042666666666666665
0 0.23592233009708738 0.532 0.11067961165048543 0.06133333333333333
0 0.26990291262135924 0.7313333333333333 0.19029126213592232 0.06799999999999999
0 0.4669902912621359 0.7413333333333333 0.06796116504854369 0.034666666666666665
0 0.5631067961165048 0.7406666666666667 0.07378640776699029 0.036
0 0.583495145631068 0.4093333333333333 0.15339805825242717 0.06133333333333333
0 0.7417475728155339 0.47 0.015533980582524271 0.022666666666666665
0 0.8038834951456311 0.102 0.08932038834951456 0.03333333333333333
0 0.8116504854368932 0.504 0.12815533980582525 0.09066666666666666
0 0.8398058252427184 0.7273333333333333 0.1262135922330097 0.08133333333333333
