0 0.21944444444444444 0.39322916666666663 0.031481481481481485 0.1015625
0 0.2212962962962963 0.8958333333333333 0.02777777777777778 0.1015625
0 0.25462962962962965 0.38541666666666663 0.04259259259259259 0.0859375
0 0.2490740740740741 0.8841145833333333 0.031481481481481485 0.06770833333333333
0 0.33611111111111114 0.849609375 0.031481481481481485 0.10286458333333333
0 0.36574074074074076 0.841796875 0.031481481481481485 0.08723958333333333
0 0.4388888888888889 0.08723958333333333 0.02962962962962963 0.08333333333333333
0 0.4675925925925926 0.08203125 0.031481481481481485 0.07291666666666666
0 0.8425925925925927 0.451171875 0.022222222222222223 0.04817708333333333
0 0.8546296296296296 0.09114583333333333 0.031481481481481485 0.08333333333333333
0 0.8833333333333334 0.08333333333333333 0.02962962962962963 0.06770833333333333
0 0.8787037037037038 0.8430989583333333 0.06481481481481481 0.12369791666666666
0 0.9111111111111111 0.076171875 0.02592592592592593 0.05078125
