0 0.09205426356589147 0.58 0.036821705426356585 0.016
0 0.11531007751937984 0.48066666666666663 0.09883720930232558 0.04933333333333333
0 0.15988372093023256 0.29333333333333333 0.11046511627906977 0.08
0 0.25193798449612403 0.14733333333333332 0.1434108527131783 0.08666666666666667
0 0.39341085271317827 0.5926666666666667 0.06589147286821706 0.06533333333333333
0 0.5232558139534884 0.5126666666666666 0.10465116279069767 0.09466666666666666
0 0.7170542635658914 0.29933333333333334 0.10465116279069767 0.04933333333333333
0 0.749031007751938 0.158 0.13372093023255813 0.04666666666666666
0 0.7558139534883721 0.8033333333333333 0.20930232558139533 0.16666666666666666
0 0.8662790697674418 0.4533333333333333 0.03488372093023256 0.016
0 0.8633720930232558 0.518 0.06007751937984496 0.030666666666666665
