0 0.1537037037037037 0.9010416666666666 0.02592592592592593 0.09375
0 0.18055555555555555 0.8938802083333333 0.02777777777777778 0.07682291666666666
0 0.20740740740740743 0.8860677083333333 0.02592592592592593 0.06380208333333333
0 0.23333333333333334 0.87890625 0.02592592592592593 0.049479166666666664
0 0.3425925925925926 0.8997395833333333 0.02592592592592593 0.033854166666666664
0 0.3703703703703704 0.9127604166666666 0.02962962962962963 0.06510416666666666
0 0.44907407407407407 0.1640625 0.031481481481481485 0.08072916666666666
0 0.48240740740740745 0.15494791666666666 0.03518518518518519 0.0625
0 0.4981481481481482 0.8606770833333333 0.02592592592592593 0.09375
0 0.525 0.8671875 0.02777777777777778 0.109375
0 0.5518518518518519 0.8463541666666666 0.02592592592592593 0.0625
0 0.7083333333333334 0.8020833333333333 0.11296296296296297 0.09635416666666666
0 0.8805555555555555 0.8756510416666666 0.08333333333333334 0.09505208333333333
