0 0.1462962962962963 0.4368489583333333 0.02962962962962963 0.061197916666666664
0 0.1814814814814815 0.43359375 0.044444444444444446 0.05208333333333333
0 0.20833333333333334 0.08919270833333333 0.02777777777777778 0.053385416666666664
0 0.23796296296296296 0.08984375 0.024074074074074074 0.0546875
0 0.28703703703703703 0.9153645833333333 0.02592592592592593 0.03645833333333333
0 0.40185185185185185 0.5345052083333333 0.02962962962962963 0.053385416666666664
0 0.4314814814814815 0.54296875 0.02962962962962963 0.0703125
0 0.4601851851851852 0.5345052083333333 0.02777777777777778 0.053385416666666664
0 0.4703703703703704 0.8860677083333333 0.02962962962962963 0.08723958333333333
0 0.5 0.9029947916666666 0.02962962962962963 0.11848958333333333
0 0.5287037037037037 0.8782552083333333 0.031481481481481485 0.06901041666666666
0 0.5583333333333333 0.8782552083333333 0.031481481481481485 0.06901041666666666
0 0.6268518518518519 0.3059895833333333 0.031481481481481485 0.13802083333333331
0 0.6601851851851852 0.27604166666666663 0.03518518518518519 0.08072916666666666
0 0.8490740740740741 0.6783854166666666 0.031481481481481485 0.0703125
0 0.8796296296296297 0.677734375 0.02962962962962963 0.06901041666666666
0 0.9083333333333333 0.669921875 0.031481481481481485 0.053385416666666664
