0 0.12693798449612403 0.6346666666666666 0.036821705426356585 0.03733333333333333
0 0.19670542635658914 0.25866666666666666 0.16085271317829458 0.096
0 0.2238372093023256 0.5933333333333333 0.14147286821705427 0.11733333333333333
0 0.3372093023255814 0.7839999999999999 0.09689922480620156 0.07466666666666666
0 0.3081395348837209 0.9093333333333333 0.06589147286821706 0.032
0 0.4844961240310077 0.17666666666666667 0.17054263565891473 0.06799999999999999
0 0.5939922480620154 0.826 0.1298449612403101 0.052
0 0.749031007751938 0.29533333333333334 0.1569767441860465 0.08133333333333333
0 0.8565891472868217 0.6146666666666667 0.1511627906976744 0.112
0 0.875 0.87 0.13372093023255813 0.10266666666666667
0 0.9457364341085271 0.5886666666666667 0.027131782945736434 0.017333333333333333
