0 0.13148148148148148 0.7708333333333333 0.08518518518518518 0.3828125
0 0.1685185185185185 0.419921875 0.06296296296296297 0.10026041666666666
0 0.2101851851851852 0.1328125 0.09074074074074075 0.18229166666666666
0 0.3703703703703704 0.107421875 0.02962962962962963 0.08723958333333333
0 0.3990740740740741 0.09895833333333333 0.031481481481481485 0.0703125
0 0.6148148148148148 0.123046875 0.07777777777777778 0.16276041666666666
0 0.6805555555555556 0.6920572916666666 0.03518518518518519 0.11067708333333333
0 0.7074074074074075 0.42578125 0.02962962962962963 0.109375
0 0.7268518518518519 0.6927083333333333 0.0462962962962963 0.11197916666666666
0 0.7435185185185186 0.42057291666666663 0.04259259259259259 0.10677083333333333
0 0.7546296296296297 0.09114583333333333 0.031481481481481485 0.0703125
