0 0.15092592592592594 0.8821614583333333 0.03888888888888889 0.11328125
0 0.17314814814814816 0.42578125 0.03888888888888889 0.06770833333333333
0 0.18333333333333335 0.12174479166666666 0.02962962962962963 0.07942708333333333
0 0.19074074074074074 0.8606770833333333 0.037037037037037035 0.0703125
0 0.22962962962962963 0.8821614583333333 0.03333333333333333 0.11328125
0 0.22685185185185186 0.34440104166666663 0.03888888888888889 0.13411458333333331
0 0.38796296296296295 0.6998697916666666 0.03888888888888889 0.22265625
0 0.42685185185185187 0.6770833333333333 0.03888888888888889 0.1796875
0 0.7435185185185186 0.8001302083333333 0.03888888888888889 0.20703125
0 0.787962962962963 0.8229166666666666 0.04259259259259259 0.25
