0 0.10740740740740741 0.4095052083333333 0.02592592592592593 0.08203125
0 0.13611111111111113 0.41796875 0.02777777777777778 0.09895833333333333
0 0.16296296296296298 0.41015625 0.02962962962962963 0.08333333333333333
0 0.31666666666666665 0.20572916666666666 0.02962962962962963 0.08333333333333333
0 0.3453703703703704 0.21354166666666666 0.02777777777777778 0.09635416666666666
0 0.3685185185185185 0.7506510416666666 0.02962962962962963 0.10286458333333333
0 0.3888888888888889 0.8795572916666666 0.02962962962962963 0.10286458333333333
0 0.4027777777777778 0.708984375 0.03888888888888889 0.024739583333333332
0 0.4185185185185185 0.88671875 0.02962962962962963 0.11979166666666666
0 0.44722222222222224 0.8626302083333333 0.02777777777777778 0.06901041666666666
0 0.5537037037037037 0.15690104166666666 0.02962962962962963 0.16276041666666666
0 0.5814814814814815 0.13346354166666666 0.02962962962962963 0.11328125
0 0.5851851851851853 0.5358072916666666 0.02962962962962963 0.11848958333333333
0 0.6101851851851852 0.10221354166666666 0.02777777777777778 0.05078125
0 0.6138888888888889 0.501953125 0.031481481481481485 0.053385416666666664
0 0.6425925925925926 0.5358072916666666 0.02962962962962963 0.11848958333333333
0 0.7277777777777779 0.890625 0.02962962962962963 0.13541666666666666
0 0.7574074074074074 0.8658854166666666 0.02962962962962963 0.0859375
0 0.8027777777777778 0.8287760416666666 0.031481481481481485 0.13671875
0 0.8324074074074075 0.8196614583333333 0.031481481481481485 0.11848958333333333
0 0.8611111111111112 0.787109375 0.02962962962962963 0.053385416666666664
