0 0.10789980732177264 0.5173333333333333 0.046242774566473986 0.04533333333333333
0 0.2186897880539499 0.2806666666666667 0.11753371868978806 0.06799999999999999
0 0.1859344894026975 0.512 0.07129094412331406 0.04533333333333333
0 0.25529865125240847 0.146 0.10597302504816955 0.10533333333333333
0 0.220616570327553 0.6679999999999999 0.06358381502890173 0.034666666666666665
0 0.48554913294797686 0.8026666666666666 0.11175337186897881 0.06933333333333333
0 0.5558766859344894 0.6266666666666666 0.0905587668593449 0.06933333333333333
0 0.594412331406551 0.5066666666666666 0.10211946050096339 0.050666666666666665
0 0.7418111753371869 0.42666666666666664 0.06165703275529865 0.024
0 0.7148362235067437 0.586 0.07321772639691715 0.028
0 0.74373795761079 0.25866666666666666 0.07707129094412331 0.04533333333333333
0 0.7870905587668593 0.5313333333333333 0.02119460500963391 0.017333333333333333
0 0.8169556840077071 0.12333333333333332 0.16184971098265896 0.10533333333333333
0 0.8526011560693642 0.502 0.10982658959537572 0.07866666666666666
