0 0.07037037037037037 0.8151041666666666 0.02962962962962963 0.08072916666666666
0 0.09814814814814815 0.82421875 0.02962962962962963 0.09895833333333333
0 0.12685185185185185 0.8157552083333333 0.031481481481481485 0.08203125
0 0.36944444444444446 0.7682291666666666 0.02777777777777778 0.09895833333333333
0 0.3962962962962963 0.787109375 0.02962962962962963 0.12369791666666666
0 0.42592592592592593 0.7688802083333333 0.02962962962962963 0.10026041666666666
0 0.6712962962962963 0.13346354166666666 0.0462962962962963 0.16796875
0 0.7203703703703704 0.12565104166666666 0.044444444444444446 0.15234375
0 0.7685185185185186 0.11979166666666666 0.04814814814814815 0.14322916666666666
0 0.8194444444444445 0.7623697916666666 0.061111111111111116 0.3763020833333333
