0 0.20185185185185187 0.376953125 0.03333333333333333 0.06901041666666666
0 0.22685185185185186 0.8782552083333333 0.03888888888888889 0.15494791666666666
0 0.26481481481481484 0.8776041666666666 0.037037037037037035 0.15625
0 0.3453703703703704 0.7721354166666666 0.02777777777777778 0.13541666666666666
0 0.34814814814814815 0.16731770833333331 0.044444444444444446 0.11328125
0 0.3740740740740741 0.75 0.02962962962962963 0.08072916666666666
0 0.3962962962962963 0.16861979166666666 0.04814814814814815 0.11328125
0 0.4027777777777778 0.7630208333333333 0.031481481481481485 0.11979166666666666
0 0.4444444444444445 0.16796875 0.044444444444444446 0.11458333333333333
0 0.7453703703703703 0.7884114583333333 0.031481481481481485 0.10286458333333333
0 0.775 0.7884114583333333 0.031481481481481485 0.10286458333333333
0 0.8046296296296297 0.7955729166666666 0.031481481481481485 0.11979166666666666
