0 0.126953125 0.3233333333333333 0.11328125 0.04933333333333333
0 0.154296875 0.7513333333333333 0.08984375 0.03333333333333333
0 0.17578125 0.622 0.0546875 0.022666666666666665
0 0.193359375 0.156 0.16796875 0.12533333333333332
0 0.373046875 0.4393333333333333 0.09765625 0.025333333333333333
0 0.4375 0.43666666666666665 0.03125 0.022666666666666665
0 0.4794921875 0.4353333333333333 0.056640625 0.025333333333333333
0 0.5419921875 0.4333333333333333 0.068359375 0.024
0 0.810546875 0.144 0.14453125 0.07733333333333334
0 0.7548828125 0.532 0.205078125 0.08
0 0.7275390625 0.738 0.220703125 0.11599999999999999
