0 0.19310344827586207 0.7437106918238994 0.022988505747126436 0.04716981132075472
0 0.23908045977011494 0.3459119496855346 0.10574712643678161 0.022012578616352203
0 0.23103448275862068 0.19261006289308177 0.09425287356321839 0.06132075471698113
0 0.2850574712643678 0.7374213836477987 0.1839080459770115 0.18238993710691825
0 0.4011494252873563 0.1517295597484277 0.14482758620689656 0.10849056603773585
0 0.4632183908045977 0.5935534591194969 0.011494252873563218 0.007861635220125786
0 0.6551724137931034 0.48506289308176104 0.2160919540229885 0.0959119496855346
0 0.6206896551724138 0.21855345911949686 0.08275862068965517 0.07861635220125787
0 0.7919540229885057 0.1556603773584906 0.1724137931034483 0.11949685534591195
0 0.8298850574712644 0.39937106918238996 0.11494252873563218 0.04716981132075472
