0 0.16436781609195403 0.21619496855345913 0.14482758620689656 0.055031446540880505
0 0.20344827586206896 0.8388364779874214 0.14482758620689656 0.07075471698113207
0 0.30344827586206896 0.9630503144654089 0.13793103448275862 0.039308176100628936
0 0.7 0.8490566037735849 0.135632183908046 0.09748427672955975
0 0.564367816091954 0.9599056603773586 0.3793103448275862 0.039308176100628936
0 0.732183908045977 0.8946540880503145 0.04367816091954023 0.01886792452830189
0 0.7666666666666666 0.5683962264150944 0.12183908045977011 0.07075471698113207
0 0.8413793103448276 0.7680817610062893 0.11954022988505747 0.04874213836477988
0 0.8816091954022989 0.4897798742138365 0.07586206896551724 0.026729559748427674
0 0.8827586206896552 0.2209119496855346 0.12413793103448276 0.0330188679245283
