0 0.16206896551724137 0.8506289308176102 0.08045977011494253 0.03773584905660378
0 0.20919540229885059 0.20361635220125787 0.16551724137931034 0.13050314465408805
0 0.3195402298850575 0.9606918238993711 0.13793103448275862 0.04088050314465409
0 0.33793103448275863 0.11006289308176101 0.06896551724137931 0.01886792452830189
0 0.3701149425287356 0.8018867924528302 0.10574712643678161 0.04716981132075472
0 0.45632183908045976 0.7523584905660378 0.06206896551724138 0.01729559748427673
0 0.5747126436781609 0.9559748427672956 0.367816091954023 0.04088050314465409
0 0.8459770114942529 0.19811320754716982 0.0367816091954023 0.025157232704402517
0 0.8126436781609195 0.49842767295597484 0.14482758620689656 0.07547169811320756
0 0.871264367816092 0.13364779874213836 0.10114942528735632 0.04716981132075472
0 0.8873563218390804 0.7382075471698114 0.11494252873563218 0.05188679245283019
