0 0.2932692307692308 0.134 0.14807692307692308 0.10266666666666667
0 0.2230769230769231 0.85 0.08846153846153847 0.028
0 0.3096153846153846 0.8106666666666666 0.06923076923076923 0.018666666666666665
0 0.44230769230769235 0.088 0.06538461538461539 0.018666666666666665
0 0.5240384615384616 0.16266666666666665 0.10576923076923078 0.06933333333333333
0 0.6923076923076923 0.6046666666666667 0.10384615384615385 0.03866666666666667
0 0.7038461538461539 0.8786666666666666 0.09230769230769231 0.056
0 0.7701923076923077 0.22333333333333333 0.0826923076923077 0.092
0 0.8230769230769232 0.4933333333333333 0.2 0.07466666666666666
0 0.8480769230769232 0.8266666666666667 0.1576923076923077 0.06133333333333333
0 0.8759615384615385 0.124 0.12115384615384617 0.050666666666666665
