0 0.09425287356321839 0.32940251572327045 0.059770114942528735 0.02358490566037736
0 0.14022988505747125 0.6383647798742139 0.04597701149425287 0.04088050314465409
0 0.12758620689655173 0.19811320754716982 0.08045977011494253 0.015723270440251572
0 0.25057471264367814 0.6297169811320755 0.1793103448275862 0.05188679245283019
0 0.19885057471264367 0.1556603773584906 0.08045977011494253 0.050314465408805034
0 0.22758620689655173 0.5125786163522013 0.17471264367816092 0.10062893081761007
0 0.21839080459770116 0.8655660377358491 0.1103448275862069 0.07075471698113207
0 0.34022988505747126 0.8317610062893083 0.05057471264367816 0.022012578616352203
0 0.503448275862069 0.32940251572327045 0.09655172413793103 0.04874213836477988
0 0.6459770114942529 0.184748427672956 0.13333333333333333 0.06132075471698113
0 0.732183908045977 0.8301886792452831 0.09425287356321839 0.022012578616352203
0 0.8034482758620689 0.13050314465408805 0.14942528735632182 0.07861635220125787
