0 0.21579961464354527 0.8415775401069518 0.16570327552986513 0.10294117647058823
0 0.21483622350674372 0.47927807486631013 0.0905587668593449 0.04679144385026738
0 0.30732177263969174 0.16778074866310158 0.2254335260115607 0.21524064171122995
0 0.40847784200385356 0.551470588235294 0.07707129094412331 0.057486631016042775
0 0.394990366088632 0.8790106951871657 0.07707129094412331 0.025401069518716575
0 0.4393063583815029 0.8790106951871657 0.019267822736030827 0.025401069518716575
0 0.5279383429672447 0.23262032085561496 0.023121387283236993 0.040106951871657755
0 0.5163776493256262 0.5073529411764706 0.06936416184971098 0.028074866310160426
0 0.6213872832369942 0.21590909090909088 0.14065510597302505 0.11363636363636363
0 0.7003853564547206 0.5267379679144385 0.14836223506743737 0.10962566844919786
0 0.8179190751445087 0.14371657754010694 0.14450867052023122 0.11898395721925133
0 0.8371868978805395 0.7473262032085561 0.11753371868978806 0.1016042780748663
