0 0.20306513409961685 0.08666666666666667 0.1417624521072797 0.06666666666666667
0 0.14655172413793102 0.284 0.1053639846743295 0.10666666666666666
0 0.16954022988505746 0.8793333333333333 0.16283524904214558 0.08666666666666667
0 0.24521072796934865 0.7273333333333333 0.10344827586206896 0.025333333333333333
0 0.33524904214559387 0.968 0.08429118773946359 0.029333333333333333
0 0.5775862068965517 0.29933333333333334 0.07854406130268199 0.02
0 0.6139846743295019 0.11933333333333333 0.14367816091954022 0.08399999999999999
0 0.6273946360153256 0.8993333333333333 0.12835249042145594 0.16133333333333333
0 0.6762452107279693 0.756 0.08429118773946359 0.024
0 0.7432950191570881 0.5286666666666666 0.07279693486590037 0.028
0 0.8227969348659003 0.688 0.09003831417624521 0.06666666666666667
