0 0.21839080459770116 0.16745283018867926 0.17011494252873563 0.10534591194968554
0 0.1735632183908046 0.3113207547169812 0.10804597701149425 0.06918238993710692
0 0.20689655172413793 0.5558176100628931 0.17471264367816092 0.08018867924528303
0 0.34367816091954023 0.828616352201258 0.14482758620689656 0.1069182389937107
0 0.3931034482758621 0.1320754716981132 0.05057471264367816 0.04716981132075472
0 0.6540229885057471 0.18946540880503146 0.09885057471264368 0.0959119496855346
0 0.8172413793103448 0.3466981132075472 0.14482758620689656 0.036163522012578615
0 0.8241379310344827 0.1320754716981132 0.18160919540229886 0.10377358490566038
0 0.7919540229885057 0.5353773584905661 0.25057471264367814 0.11163522012578617
0 0.8390804597701149 0.8349056603773586 0.15172413793103448 0.13522012578616352
