0 0.06642728904847398 0.81375 0.025134649910233394 0.1275
0 0.10053859964093358 0.8406250000000001 0.025134649910233394 0.18375
0 0.13375224416517056 0.786875 0.026929982046678638 0.06875
0 0.24057450628366248 0.675625 0.025134649910233394 0.07375
0 0.27289048473967686 0.713125 0.025134649910233394 0.14625
0 0.30700179533213645 0.676875 0.025134649910233394 0.06875
0 0.3545780969479354 0.078125 0.026929982046678638 0.03625
0 0.3877917414721724 0.14375000000000002 0.025134649910233394 0.165
0 0.42100538599640935 0.106875 0.026929982046678638 0.08875
0 0.4542190305206463 0.0975 0.025134649910233394 0.07
0 0.6463195691202873 0.6900000000000001 0.025134649910233394 0.08750000000000001
0 0.7127468581687613 0.560625 0.02154398563734291 0.09375
0 0.7423698384201077 0.56875 0.02333931777378815 0.115
0 0.755834829443447 0.114375 0.02872531418312388 0.07625
