0 0.09515260323159785 0.878125 0.02154398563734291 0.06125
0 0.12208258527827648 0.891875 0.02154398563734291 0.09125
0 0.14901256732495513 0.885 0.02154398563734291 0.0775
0 0.177737881508079 0.8925000000000001 0.02154398563734291 0.0925
0 0.2064631956912029 0.900625 0.02154398563734291 0.10875
0 0.2926391382405745 0.8875000000000001 0.07540394973070018 0.055
0 0.29533213644524237 0.121875 0.02333931777378815 0.14125000000000001
0 0.3240574506283663 0.0975 0.02333931777378815 0.0925
0 0.3680430879712747 0.889375 0.0718132854578097 0.02375
0 0.3527827648114901 0.09 0.02333931777378815 0.0775
0 0.3806104129263914 0.09875 0.02154398563734291 0.0925
0 0.45870736086175945 0.61 0.08797127468581688 0.0225
0 0.47576301615798927 0.859375 0.05745062836624776 0.03625
0 0.5107719928186715 0.60375 0.005385996409335727 0.0075
0 0.5269299820466786 0.60375 0.02333931777378815 0.0075
0 0.5610412926391383 0.836875 0.1059245960502693 0.05375
0 0.5430879712746859 0.601875 0.005385996409335727 0.00375
0 0.5610412926391383 0.6012500000000001 0.01615798922800718 0.0025
0 0.651705565529623 0.8356250000000001 0.0718132854578097 0.02375
0 0.6732495511669659 0.45625 0.025134649910233394 0.0975
0 0.7019748653500898 0.455625 0.025134649910233394 0.09625
0 0.729802513464991 0.464375 0.026929982046678638 0.11375
0 0.7360861759425494 0.8125 0.053859964093357277 0.0375
0 0.8123877917414722 0.798125 0.08078994614003591 0.03875
0 0.8240574506283663 0.681875 0.025134649910233394 0.15125
0 0.8464991023339318 0.095 0.02333931777378815 0.0725
0 0.8536804308797128 0.6900000000000001 0.02333931777378815 0.1675
0 0.8725314183123878 0.10187500000000001 0.02154398563734291 0.08625000000000001
0 0.881508078994614 0.7987500000000001 0.010771992818671455 0.005
0 0.8842010771992819 0.66625 0.02333931777378815 0.1125
0 0.8949730700179533 0.420625 0.1561938958707361 0.15375
0 0.8994614003590664 0.794375 0.02154398563734291 0.00625
0 0.8994614003590664 0.125 0.02154398563734291 0.1325
0 0.9272890484739678 0.785625 0.03052064631956912 0.01625
0 0.9856373429084381 0.39375 0.025134649910233394 0.025
