0 0.05834829443447038 0.166875 0.03052064631956912 0.04625
0 0.08797127468581688 0.55375 0.02154398563734291 0.0675
0 0.09066427289048475 0.17875 0.008976660682226212 0.04
0 0.12028725314183124 0.5725 0.025134649910233394 0.10250000000000001
0 0.10771992818671455 0.15625 0.01436265709156194 0.025
0 0.13375224416517056 0.353125 0.03052064631956912 0.06625
0 0.13734290843806105 0.8575 0.01974865350089767 0.06
0 0.16337522441651706 0.15 0.01436265709156194 0.04
0 0.1732495511669659 0.364375 0.03052064631956912 0.08875
0 0.1651705565529623 0.849375 0.02154398563734291 0.04625
0 0.1813285457809695 0.7325 0.02154398563734291 0.0775
0 0.18850987432675045 0.15937500000000002 0.00718132854578097 0.03875
0 0.19299820466786355 0.87375 0.02333931777378815 0.09
0 0.1992818671454219 0.139375 0.01436265709156194 0.02125
0 0.24865350089766608 0.16875 0.012567324955116697 0.0375
0 0.26929982046678635 0.17625 0.00718132854578097 0.0325
0 0.2836624775583483 0.15812500000000002 0.01436265709156194 0.01875
0 0.6696588868940754 0.585 0.02154398563734291 0.09
0 0.677737881508079 0.69875 0.008976660682226212 0.01
0 0.6876122082585279 0.884375 0.02872531418312388 0.03875
0 0.7028725314183124 0.7325 0.01974865350089767 0.0825
0 0.6983842010771993 0.5925 0.025134649910233394 0.105
0 0.7244165170556554 0.585 0.02333931777378815 0.09
0 0.7271095152603232 0.733125 0.02154398563734291 0.08125
0 0.7477558348294435 0.330625 0.01615798922800718 0.03625
0 0.751346499102334 0.704375 0.01974865350089767 0.02625
0 0.7755834829443448 0.3375 0.025134649910233394 0.0425
0 0.7854578096947936 0.129375 0.026929982046678638 0.07375
0 0.8078994614003591 0.5650000000000001 0.02154398563734291 0.12
0 0.8204667863554758 0.129375 0.025134649910233394 0.07625
0 0.8213644524236984 0.33375 0.01615798922800718 0.035
0 0.848294434470377 0.336875 0.02333931777378815 0.03875
0 0.8357271095152603 0.5425 0.02333931777378815 0.075
0 0.8572710951526032 0.11 0.01974865350089767 0.0375
0 0.8599640933572711 0.389375 0.010771992818671455 0.03125
0 0.862657091561939 0.5425 0.02333931777378815 0.075
0 0.8833034111310593 0.39625 0.017953321364452424 0.035
0 0.8895870736086177 0.5725 0.02333931777378815 0.135
