0 0.09156193895870736 0.115625 0.025134649910233394 0.09875
0 0.11938958707360862 0.1325 0.02333931777378815 0.1325
0 0.13285457809694795 0.600625 0.02154398563734291 0.11125
0 0.15080789946140036 0.12375 0.025134649910233394 0.115
0 0.1570915619389587 0.5725 0.01974865350089767 0.055
0 0.18043087971274688 0.115625 0.02333931777378815 0.09875
0 0.18312387791741472 0.565625 0.02154398563734291 0.04125
0 0.20825852782764812 0.551875 0.017953321364452424 0.01375
0 0.20915619389587076 0.131875 0.02333931777378815 0.13125
0 0.37971274685816875 0.57375 0.01974865350089767 0.0525
0 0.4057450628366248 0.586875 0.02154398563734291 0.08375
0 0.4524236983842011 0.37875000000000003 0.1436265709156194 0.12
0 0.42998204667863554 0.58 0.01974865350089767 0.07
0 0.46768402154398564 0.414375 0.0017953321364452424 0.00125
0 0.5107719928186715 0.415625 0.0017953321364452424 0.00125
0 0.5511669658886894 0.5575 0.02154398563734291 0.0275
0 0.6813285457809695 0.5856250000000001 0.01974865350089767 0.08375
0 0.7064631956912029 0.593125 0.01974865350089767 0.09875
0 0.7324955116696589 0.565625 0.02154398563734291 0.04125
0 0.7594254937163375 0.12375 0.025134649910233394 0.115
0 0.7890484739676841 0.099375 0.02333931777378815 0.06625
0 0.8195691202872532 0.115 0.02333931777378815 0.0975
0 0.8653500897666069 0.5725 0.02154398563734291 0.055
