0 0.13375224416517056 0.619375 0.02333931777378815 0.10875
0 0.21633752244165172 0.14 0.02333931777378815 0.0975
0 0.2450628366247756 0.14875 0.02333931777378815 0.115
0 0.3348294434470377 0.315625 0.06283662477558348 0.08625000000000001
0 0.34919210053859967 0.59375 0.02333931777378815 0.11
0 0.8052064631956912 0.14875 0.02333931777378815 0.115
0 0.8177737881508079 0.410625 0.0017953321364452424 0.00125
0 0.8375224416517056 0.579375 0.02333931777378815 0.08125
0 0.8518850987432676 0.355625 0.06283662477558348 0.16625
0 0.8518850987432676 0.419375 0.0017953321364452424 0.00125
0 0.8662477558348295 0.588125 0.02333931777378815 0.09875
0 0.8734290843806104 0.863125 0.026929982046678638 0.09625
