0 0.1319569120287253 0.1275 0.02333931777378815 0.0475
0 0.13824057450628366 0.453125 0.017953321364452424 0.04125
0 0.16247755834829444 0.12875 0.02333931777378815 0.05
0 0.16247755834829444 0.46 0.01974865350089767 0.0525
0 0.17145421903052066 0.36375 0.01974865350089767 0.0925
0 0.1867145421903052 0.445625 0.017953321364452424 0.02375
0 0.19569120287253142 0.365 0.017953321364452424 0.09
0 0.2073608617594255 0.10875 0.02333931777378815 0.0175
0 0.21813285457809695 0.356875 0.01974865350089767 0.07875
0 0.3240574506283663 0.1125 0.01615798922800718 0.0475
0 0.34470377019748655 0.11875000000000001 0.01436265709156194 0.06
0 0.4515260323159785 0.5593750000000001 0.026929982046678638 0.09375
0 0.5637342908438061 0.551875 0.02154398563734291 0.06125
0 0.5915619389587073 0.543125 0.02333931777378815 0.04625
0 0.7549371633752244 0.200625 0.01974865350089767 0.09125
0 0.755834829443447 0.878125 0.02154398563734291 0.08625000000000001
0 0.7791741472172352 0.18125 0.017953321364452424 0.0525
0 0.781867145421903 0.87 0.01974865350089767 0.075
0 0.803411131059246 0.20125 0.01974865350089767 0.0925
0 0.8087971274685817 0.878125 0.01974865350089767 0.08875
0 0.8150807899461401 0.395 0.017953321364452424 0.105
0 0.8159784560143627 0.163125 0.0017953321364452424 0.00125
0 0.8105924596050269 0.540625 0.01615798922800718 0.01125
0 0.8213644524236984 0.1 0.01974865350089767 0.0425
0 0.8240574506283663 0.53625 0.00718132854578097 0.005
0 0.836624775583483 0.8768750000000001 0.02154398563734291 0.08875
0 0.8384201077199283 0.39375 0.017953321364452424 0.1075
0 0.8447037701974865 0.5475 0.02333931777378815 0.0125
0 0.8473967684021544 0.1075 0.02154398563734291 0.0575
0 0.862657091561939 0.86375 0.02333931777378815 0.055
0 0.862657091561939 0.381875 0.01974865350089767 0.07625
0 0.8850987432675045 0.361875 0.017953321364452424 0.03875
0 0.8833034111310593 0.53625 0.025134649910233394 0.0125
0 0.9084380610412927 0.545 0.00718132854578097 0.01
0 0.9210053859964094 0.54625 0.010771992818671455 0.0125
