0 0.13464991023339318 0.321875 0.06463195691202872 0.043750000000000004
0 0.12208258527827648 0.76625 0.02154398563734291 0.045
0 0.12836624775583483 0.433125 0.01974865350089767 0.06875
0 0.15080789946140036 0.788125 0.02154398563734291 0.09125
0 0.15978456014362658 0.441875 0.02154398563734291 0.08625000000000001
0 0.177737881508079 0.7575000000000001 0.02154398563734291 0.03
0 0.19120287253141832 0.451875 0.02333931777378815 0.10375000000000001
0 0.22710951526032316 0.26375 0.01974865350089767 0.055
0 0.2522441651705566 0.27 0.01615798922800718 0.07
0 0.263016157989228 0.16375 0.01974865350089767 0.0575
0 0.27199281867145425 0.49125 0.08797127468581688 0.0675
0 0.27737881508078993 0.270625 0.01974865350089767 0.07125000000000001
0 0.2881508078994614 0.16375 0.01974865350089767 0.0575
0 0.303411131059246 0.285625 0.02154398563734291 0.09875
0 0.3141831238779174 0.178125 0.02154398563734291 0.08625000000000001
0 0.4228007181328546 0.278125 0.04847396768402155 0.11875000000000001
0 0.5807899461400359 0.12375 0.33572710951526036 0.1225
0 0.4622980251346499 0.240625 0.01974865350089767 0.043750000000000004
0 0.48384201077199285 0.211875 0.005385996409335727 0.00375
0 0.5098743267504489 0.20875 0.03949730700179534 0.02
0 0.585278276481149 0.2575 0.13285457809694795 0.04
0 0.5421903052064632 0.2025 0.02154398563734291 0.0125
0 0.566427289048474 0.296875 0.04847396768402155 0.01875
0 0.5583482944344704 0.609375 0.02154398563734291 0.08625000000000001
0 0.5771992818671454 0.10250000000000001 0.005385996409335727 0.01
0 0.5843806104129264 0.588125 0.01974865350089767 0.04125
0 0.7459605026929982 0.32937500000000003 0.30700179533213645 0.09625
0 0.6651705565529623 0.240625 0.01615798922800718 0.01375
0 0.7423698384201077 0.22375 0.1310592459605027 0.04
0 0.7333931777378815 0.130625 0.008976660682226212 0.00625
0 0.7692998204667864 0.07875 0.04129263913824058 0.0475
0 0.7980251346499103 0.8718750000000001 0.02333931777378815 0.12625
0 0.8141831238779175 0.498125 0.01974865350089767 0.03125
0 0.8240574506283663 0.486875 0.00718132854578097 0.00375
0 0.8258527827648116 0.864375 0.02154398563734291 0.10875
0 0.8267504488330342 0.504375 0.0017953321364452424 0.00125
0 0.8285457809694794 0.093125 0.01974865350089767 0.11125
0 0.8402154398563735 0.204375 0.02872531418312388 0.01625
0 0.855475763016158 0.093125 0.01974865350089767 0.11125
0 0.8536804308797128 0.864375 0.02333931777378815 0.11125
0 0.8689407540394973 0.199375 0.025134649910233394 0.01625
0 0.8842010771992819 0.10625 0.03052064631956912 0.14
0 0.9425493716337523 0.183125 0.11131059245960503 0.03875
0 0.8850987432675045 0.316875 0.02872531418312388 0.01625
0 0.9102333931777379 0.058125 0.017953321364452424 0.04125
0 0.9183123877917415 0.31125 0.03411131059245961 0.0175
0 0.9165170556552963 0.283125 0.03052064631956912 0.01375
0 0.9542190305206464 0.278125 0.04129263913824058 0.01625
0 0.9587073608617595 0.06 0.02154398563734291 0.01
0 0.9748653500897666 0.056875 0.003590664272890485 0.00375
0 0.9874326750448833 0.268125 0.02154398563734291 0.01875
