0 0.329443447037702 0.198125 0.01974865350089767 0.03875
0 0.33662477558348297 0.06875 0.03052064631956912 0.035
0 0.388689407540395 0.24375 0.03052064631956912 0.06
0 0.3850987432675045 0.4675 0.026929982046678638 0.04
0 0.4254937163375225 0.233125 0.02872531418312388 0.03875
0 0.4308797127468582 0.700625 0.02154398563734291 0.058750000000000004
0 0.4569120287253142 0.693125 0.01974865350089767 0.043750000000000004
0 0.4398563734290844 0.470625 0.07899461400359067 0.051250000000000004
0 0.7001795332136446 0.201875 0.017953321364452424 0.04125
0 0.7073608617594255 0.725625 0.025134649910233394 0.03375
0 0.7262118491921006 0.615 0.01974865350089767 0.0575
0 0.7262118491921006 0.22375 0.01974865350089767 0.085
0 0.7378815080789947 0.51 0.017953321364452424 0.08
0 0.7468581687612208 0.9187500000000001 0.02154398563734291 0.06
0 0.7576301615798923 0.215625 0.03231597845601436 0.07125000000000001
0 0.7531418312387792 0.6225 0.01974865350089767 0.0725
0 0.7576301615798923 0.84 0.025134649910233394 0.0325
0 0.7621184919210054 0.503125 0.01615798922800718 0.06625
0 0.7854578096947936 0.47625 0.01615798922800718 0.0125
0 0.8096947935368043 0.869375 0.02154398563734291 0.01625
0 0.829443447037702 0.160625 0.017953321364452424 0.05625
0 0.855475763016158 0.154375 0.01974865350089767 0.043750000000000004
0 0.8833034111310593 0.436875 0.017953321364452424 0.08625000000000001
0 0.9111310592459605 0.400625 0.01615798922800718 0.01375
