0 0.0888689407540395 0.34375 0.01974865350089767 0.04
0 0.11041292639138241 0.5525 0.02333931777378815 0.1475
0 0.11579892280071814 0.356875 0.01974865350089767 0.07125000000000001
0 0.14183123877917414 0.3575 0.02154398563734291 0.0725
0 0.1391382405745063 0.553125 0.02333931777378815 0.14625
0 0.16786355475763018 0.335625 0.01974865350089767 0.02875
0 0.1687612208258528 0.52 0.02154398563734291 0.0825
0 0.18940754039497307 0.8668750000000001 0.03770197486535009 0.14625
0 0.2244165170556553 0.849375 0.025134649910233394 0.10875
0 0.25673249551166966 0.83875 0.025134649910233394 0.09
0 0.3240574506283663 0.463125 0.0017953321364452424 0.00125
0 0.3258527827648115 0.0925 0.01974865350089767 0.07
0 0.3509874326750449 0.091875 0.01974865350089767 0.07125000000000001
0 0.34829443447037706 0.4525 0.04308797127468582 0.03
0 0.3877917414721724 0.45687500000000003 0.025134649910233394 0.01375
0 0.45960502692998206 0.339375 0.02154398563734291 0.11625
0 0.4856373429084381 0.3175 0.01974865350089767 0.0725
0 0.5134649910233393 0.31 0.017953321364452424 0.0575
0 0.604129263913824 0.45625 0.04129263913824058 0.0225
0 0.7737881508078995 0.3425 0.02154398563734291 0.1075
0 0.803411131059246 0.319375 0.01974865350089767 0.06125
0 0.8096947935368043 0.516875 0.02154398563734291 0.06125
0 0.8806104129263914 0.09875 0.01974865350089767 0.0575
0 0.9057450628366248 0.091875 0.01974865350089767 0.03875
