0 0.0933572710951526 0.88125 0.025134649910233394 0.095
0 0.12028725314183124 0.6625 0.025134649910233394 0.115
0 0.12926391382405744 0.881875 0.025134649910233394 0.09625
0 0.15080789946140036 0.629375 0.025134649910233394 0.04875
0 0.1867145421903052 0.448125 0.03590664272890485 0.07875
0 0.4919210053859964 0.8325 0.02154398563734291 0.0575
0 0.5188509874326751 0.839375 0.02154398563734291 0.07125000000000001
0 0.5439856373429085 0.8325 0.02154398563734291 0.0575
0 0.5709156193895871 0.8325 0.02154398563734291 0.0575
0 0.5888689407540395 0.3925 0.025134649910233394 0.0625
0 0.5969479353680431 0.8325 0.01615798922800718 0.0575
0 0.6166965888689407 0.4 0.02333931777378815 0.0825
0 0.6409335727109515 0.099375 0.025134649910233394 0.06875
0 0.6472172351885099 0.408125 0.02333931777378815 0.09875
0 0.6723518850987433 0.0825 0.01615798922800718 0.035
0 0.6768402154398564 0.38375000000000004 0.02154398563734291 0.05
0 0.7657091561938959 0.63375 0.02333931777378815 0.0775
0 0.7917414721723519 0.63375 0.02154398563734291 0.0775
