0 0.11310592459605028 0.254375 0.02154398563734291 0.09125
0 0.1400359066427289 0.255625 0.02154398563734291 0.08875
0 0.144524236983842 0.816875 0.01615798922800718 0.03375
0 0.1526032315978456 0.65 0.02154398563734291 0.115
0 0.16696588868940754 0.255625 0.02154398563734291 0.09125
0 0.17953321364452424 0.64625 0.02154398563734291 0.1075
0 0.20556552962298025 0.628125 0.01974865350089767 0.07125000000000001
0 0.2315978456014363 0.635 0.02154398563734291 0.085
0 0.28276481149012567 0.575625 0.01974865350089767 0.043750000000000004
0 0.41202872531418316 0.8575 0.01974865350089767 0.0525
0 0.4371633752244165 0.843125 0.01615798922800718 0.02625
0 0.44344703770197486 0.80625 0.010771992818671455 0.015
0 0.48473967684021546 0.415625 0.02154398563734291 0.07625
0 0.5143626570915619 0.43062500000000004 0.026929982046678638 0.10875
0 0.5403949730700179 0.41625 0.02154398563734291 0.075
0 0.6283662477558348 0.11812500000000001 0.025134649910233394 0.04625
0 0.796229802513465 0.14375000000000002 0.03411131059245961 0.1225
0 0.8177737881508079 0.689375 0.02333931777378815 0.10875
0 0.8456014362657092 0.6575 0.02154398563734291 0.045
0 0.8411131059245961 0.144375 0.03411131059245961 0.12375
0 0.8581687612208259 0.831875 0.02154398563734291 0.08625000000000001
0 0.874326750448833 0.58375 0.02154398563734291 0.065
0 0.8842010771992819 0.8618750000000001 0.01974865350089767 0.14375000000000002
0 0.9039497307001796 0.5925 0.02333931777378815 0.08
0 0.8859964093357271 0.15625 0.03411131059245961 0.15
0 0.9102333931777379 0.824375 0.02154398563734291 0.07125000000000001
