0 0.11400359066427289 0.350625 0.059245960502693 0.058750000000000004
0 0.13375224416517056 0.64625 0.05565529622980252 0.0775
0 0.1391382405745063 0.228125 0.03411131059245961 0.09875
0 0.4317773788150808 0.09125 0.03411131059245961 0.035
0 0.5152603231597845 0.850625 0.05026929982046679 0.05375
0 0.6166965888689407 0.106875 0.0017953321364452424 0.00125
0 0.6283662477558348 0.08687500000000001 0.02872531418312388 0.03625
0 0.7872531418312388 0.09625 0.03411131059245961 0.095
0 0.8438061041292639 0.53125 0.03590664272890485 0.0375
0 0.8464991023339318 0.35375 0.04488330341113106 0.0675
0 0.8716337522441652 0.57375 0.04129263913824058 0.0275
