0 0.1903052064631957 0.424375 0.03949730700179534 0.13125
0 0.22710951526032316 0.42 0.026929982046678638 0.12
0 0.6723518850987433 0.974375 0.0017953321364452424 0.00125
0 0.6912028725314183 0.9712500000000001 0.02154398563734291 0.02
0 0.710951526032316 0.18937500000000002 0.025134649910233394 0.07125000000000001
0 0.7136445242369839 0.968125 0.01615798922800718 0.01125
0 0.7486535008976661 0.225625 0.03590664272890485 0.14625
0 0.7585278276481149 0.9706250000000001 0.06642728904847398 0.02125
0 0.7836624775583483 0.20750000000000002 0.026929982046678638 0.11
0 0.803411131059246 0.97 0.01615798922800718 0.0175
0 0.8608617594254937 0.969375 0.08797127468581688 0.02375
0 0.848294434470377 0.850625 0.03052064631956912 0.11375
0 0.8617594254937164 0.134375 0.025134649910233394 0.051250000000000004
0 0.8931777378815081 0.134375 0.02333931777378815 0.051250000000000004
0 0.9057450628366248 0.958125 0.0017953321364452424 0.00125
