0 0.1014362657091562 0.9175 0.02333931777378815 0.07
0 0.11131059245960503 0.375625 0.02154398563734291 0.14375000000000002
0 0.1391382405745063 0.384375 0.02333931777378815 0.15875
0 0.16786355475763018 0.344375 0.01974865350089767 0.07625
0 0.35368043087971274 0.8143750000000001 0.02154398563734291 0.04625
0 0.38150807899461403 0.806875 0.01974865350089767 0.02875
0 0.40933572710951527 0.760625 0.025134649910233394 0.01625
0 0.5242369838420108 0.87375 0.02154398563734291 0.1075
0 0.5511669658886894 0.85875 0.02154398563734291 0.0775
0 0.5718132854578097 0.108125 0.02333931777378815 0.06625
0 0.5789946140035906 0.881875 0.02333931777378815 0.12375
0 0.7540394973070018 0.3775 0.017953321364452424 0.0925
0 0.7809694793536804 0.354375 0.02154398563734291 0.04625
0 0.8096947935368043 0.378125 0.02154398563734291 0.09125
0 0.836624775583483 0.37875000000000003 0.02154398563734291 0.09
0 0.8402154398563735 0.600625 0.02154398563734291 0.07625
0 0.8689407540394973 0.5925 0.02154398563734291 0.06
