0 0.09964093357271095 0.68125 0.02333931777378815 0.115
0 0.11669658886894076 0.6325000000000001 0.00718132854578097 0.0075
0 0.1265709156193896 0.38375000000000004 0.02333931777378815 0.065
0 0.13464991023339318 0.65625 0.02154398563734291 0.065
0 0.15439856373429084 0.39125 0.02154398563734291 0.08
0 0.18491921005385997 0.375625 0.02154398563734291 0.04875
0 0.28545780969479356 0.84125 0.02154398563734291 0.06
0 0.3123877917414722 0.825625 0.02154398563734291 0.03125
0 0.4138240574506284 0.23125 0.01615798922800718 0.0375
0 0.4398563734290844 0.87125 0.02154398563734291 0.0725
0 0.4353680430879713 0.23125 0.01615798922800718 0.035
0 0.4515260323159785 0.15625 0.01974865350089767 0.0425
0 0.45780969479353684 0.23125 0.017953321364452424 0.0375
0 0.46858168761220825 0.869375 0.02154398563734291 0.07625
0 0.4775583482944345 0.149375 0.017953321364452424 0.02875
0 0.5134649910233393 0.626875 0.017953321364452424 0.043750000000000004
0 0.5430879712746859 0.5225 0.01974865350089767 0.0425
0 0.5421903052064632 0.63375 0.02154398563734291 0.06
0 0.5574506283662478 0.37625000000000003 0.02333931777378815 0.12
0 0.5691202872531419 0.638125 0.02154398563734291 0.06875
0 0.5843806104129264 0.5375 0.05206463195691203 0.0725
0 0.5843806104129264 0.38375000000000004 0.02333931777378815 0.135
0 0.6113105924596051 0.37625000000000003 0.02333931777378815 0.12
0 0.6956912028725314 0.70375 0.01974865350089767 0.07
0 0.7217235188509875 0.69625 0.02154398563734291 0.0575
0 0.7468581687612208 0.695625 0.017953321364452424 0.05625
0 0.7782764811490126 0.7025 0.03052064631956912 0.0725
0 0.7908438061041293 0.8456250000000001 0.0017953321364452424 0.00125
0 0.8061041292639138 0.853125 0.02154398563734291 0.02875
0 0.8384201077199283 0.875 0.03231597845601436 0.0775
0 0.8527827648114902 0.18937500000000002 0.02154398563734291 0.08625000000000001
0 0.8788150807899462 0.160625 0.01974865350089767 0.02875
0 0.9057450628366248 0.1675 0.01974865350089767 0.0425
