0 0.1704707560627675 0.88818359375 0.024251069900142655 0.1337890625
0 0.24037089871611983 0.78271484375 0.03281027104136947 0.1552734375
0 0.28245363766048504 0.73681640625 0.03138373751783167 0.0673828125
0 0.7310984308131241 0.84228515625 0.03281027104136947 0.1103515625
0 0.7731811697574893 0.185546875 0.03138373751783167 0.201171875
0 0.7731811697574893 0.83056640625 0.03138373751783167 0.0888671875
0 0.7831669044222539 0.0927734375 0.011412268188302425 0.01171875
0 0.7831669044222539 0.11572265625 0.011412268188302425 0.0107421875
0 0.7967189728958631 0.20654296875 0.01283880171184023 0.0205078125
0 0.8238231098430814 0.171875 0.029957203994293868 0.1796875
0 0.8466476462196861 0.0927734375 0.007132667617689016 0.009765625
0 0.8537803138373752 0.732421875 0.03281027104136947 0.08984375
0 0.8780313837375179 0.69775390625 0.01283880171184023 0.0205078125
0 0.9037089871611983 0.75537109375 0.03281027104136947 0.1337890625
0 0.9450784593437946 0.7548828125 0.03281027104136947 0.134765625
