0 0.2791741472172352 0.5075000000000001 0.026929982046678638 0.0225
0 0.3123877917414722 0.500625 0.02154398563734291 0.02375
0 0.35368043087971274 0.498125 0.025134649910233394 0.01875
0 0.355475763016158 0.75125 0.017953321364452424 0.0325
0 0.388689407540395 0.496875 0.02333931777378815 0.00875
0 0.4380610412926392 0.9087500000000001 0.017953321364452424 0.0725
0 0.47127468581687615 0.15625 0.03052064631956912 0.0575
0 0.4658886894075404 0.9087500000000001 0.01974865350089767 0.0725
0 0.4910233393177738 0.886875 0.01615798922800718 0.02875
0 0.49730700179533216 0.15625 0.017953321364452424 0.055
0 0.5242369838420108 0.155625 0.02154398563734291 0.05625
0 0.5547576301615799 0.37625000000000003 0.02154398563734291 0.0625
0 0.8114901256732496 0.1275 0.025134649910233394 0.035
0 0.8527827648114902 0.88 0.017953321364452424 0.095
0 0.877019748653501 0.879375 0.01974865350089767 0.09375
0 0.9003590664272891 0.858125 0.01974865350089767 0.05375
