0 0.047075606276747506 0.716796875 0.02282453637660485 0.060546875
0 0.05920114122681883 0.66748046875 0.047075606276747506 0.0244140625
0 0.06134094151212554 0.7958984375 0.0028530670470756064 0.087890625
0 0.05920114122681883 0.4326171875 0.047075606276747506 0.056640625
0 0.06562054208273894 0.19970703125 0.06562054208273894 0.3349609375
0 0.06419400855920114 0.55126953125 0.06562054208273894 0.1611328125
0 0.07489300998573467 0.6953125 0.018544935805991442 0.013671875
0 0.06990014265335236 0.7314453125 0.028530670470756064 0.025390625
0 0.06490727532097004 0.384765625 0.06419400855920114 0.013671875
0 0.21683309557774608 0.63232421875 0.028530670470756064 0.0341796875
0 0.23680456490727533 0.62451171875 0.011412268188302425 0.0185546875
0 0.2582025677603424 0.71826171875 0.028530670470756064 0.2001953125
0 0.7189728958630528 0.2060546875 0.0456490727532097 0.087890625
0 0.7689015691868759 0.22802734375 0.0456490727532097 0.1337890625
0 0.7910128388017119 0.19677734375 0.0014265335235378032 0.0009765625
0 0.818830242510699 0.228515625 0.0456490727532097 0.134765625
