0 0.15121255349500715 0.41064453125 0.02567760342368046 0.0654296875
0 0.19900142653352354 0.421875 0.047075606276747506 0.087890625
0 0.19400855920114124 0.88427734375 0.02567760342368046 0.1103515625
0 0.2296718972895863 0.21923828125 0.005706134094151213 0.0068359375
0 0.2303851640513552 0.91259765625 0.02710413694721826 0.0927734375
0 0.24893009985734665 0.43310546875 0.047075606276747506 0.1103515625
0 0.2303851640513552 0.85107421875 0.021398002853067047 0.0478515625
0 0.23680456490727533 0.89111328125 0.008559201141226819 0.0068359375
0 0.24108416547788875 0.123046875 0.005706134094151213 0.0078125
0 0.2296718972895863 0.146484375 0.10556348074179743 0.16015625
0 0.2660485021398003 0.87158203125 0.02710413694721826 0.0947265625
0 0.26462196861626247 0.44482421875 0.01283880171184023 0.0439453125
0 0.2867332382310984 0.833984375 0.011412268188302425 0.017578125
0 0.2867332382310984 0.89208984375 0.011412268188302425 0.0185546875
0 0.5599144079885877 0.66455078125 0.0014265335235378032 0.0009765625
0 0.7967189728958631 0.4267578125 0.02710413694721826 0.15234375
0 0.8231098430813124 0.65625 0.042796005706134094 0.115234375
0 0.8359486447931527 0.1181640625 0.08559201141226819 0.095703125
0 0.8537803138373752 0.40673828125 0.08416547788873038 0.1142578125
0 0.8366619115549215 0.6474609375 0.01283880171184023 0.01953125
0 0.8587731811697575 0.64697265625 0.02282453637660485 0.0947265625
0 0.8930099857346648 0.10888671875 0.017118402282453638 0.0751953125
