0 0.05206847360912981 0.486328125 0.024251069900142655 0.123046875
0 0.05492154065620542 0.904296875 0.024251069900142655 0.0859375
0 0.07417974322396577 0.90380859375 0.005706134094151213 0.0087890625
0 0.09486447931526391 0.921875 0.024251069900142655 0.119140625
0 0.16476462196861627 0.63232421875 0.018544935805991442 0.0419921875
0 0.19186875891583452 0.6474609375 0.018544935805991442 0.0703125
0 0.217546362339515 0.6494140625 0.018544935805991442 0.07421875
0 0.29529243937232524 0.275390625 0.05135520684736092 0.126953125
0 0.32168330955777463 0.494140625 0.03281027104136947 0.1015625
0 0.32952924393723254 0.81689453125 0.019971469329529243 0.0693359375
0 0.34807417974322397 0.46533203125 0.019971469329529243 0.0439453125
0 0.36376604850213984 0.8349609375 0.02282453637660485 0.103515625
0 0.3751783166904422 0.49462890625 0.019971469329529243 0.1005859375
0 0.4172610556348074 0.08740234375 0.052781740370898715 0.0751953125
0 0.43651925820256776 0.82421875 0.017118402282453638 0.0546875
0 0.46790299572039945 0.8369140625 0.03138373751783167 0.0859375
0 0.47218259629101283 0.08740234375 0.05420827389443652 0.0751953125
0 0.5078459343794579 0.662109375 0.019971469329529243 0.126953125
0 0.5114122681883024 0.83740234375 0.07275320970042796 0.0849609375
0 0.5378031383737518 0.09716796875 0.02567760342368046 0.0693359375
0 0.543509272467903 0.47216796875 0.019971469329529243 0.1005859375
0 0.5699001426533524 0.46484375 0.018544935805991442 0.083984375
0 0.5955777460770328 0.46484375 0.018544935805991442 0.0859375
0 0.6034236804564908 0.69482421875 0.02282453637660485 0.1611328125
0 0.5962910128388017 0.11474609375 0.07703281027104138 0.1064453125
0 0.637660485021398 0.63720703125 0.034236804564907276 0.0458984375
0 0.6690442225392297 0.1005859375 0.039942938659058486 0.123046875
0 0.7018544935805991 0.08349609375 0.02567760342368046 0.0869140625
0 0.8259629101283881 0.08349609375 0.02567760342368046 0.1337890625
0 0.8445078459343794 0.4833984375 0.02567760342368046 0.091796875
0 0.8502139800285307 0.4423828125 0.008559201141226819 0.0078125
0 0.8609129814550642 0.103515625 0.02710413694721826 0.130859375
0 0.8609129814550642 0.03369140625 0.024251069900142655 0.0283203125
0 0.8644793152639088 0.68212890625 0.02282453637660485 0.1220703125
0 0.8851640513552069 0.46240234375 0.04136947218259629 0.0556640625
0 0.8823109843081313 0.083984375 0.01283880171184023 0.0078125
0 0.8823109843081313 0.12255859375 0.01283880171184023 0.0087890625
0 0.9037089871611983 0.6728515625 0.03851640513552069 0.103515625
0 0.9158345221112696 0.62890625 0.011412268188302425 0.017578125
