0 0.04136947218259629 0.439453125 0.019971469329529243 0.046875
0 0.06704707560627675 0.88037109375 0.014265335235378032 0.0166015625
0 0.08202567760342368 0.39453125 0.018544935805991442 0.041015625
0 0.12054208273894437 0.64013671875 0.04136947218259629 0.1494140625
0 0.11412268188302425 0.4013671875 0.03138373751783167 0.05859375
0 0.1405135520684736 0.40869140625 0.04136947218259629 0.0712890625
0 0.15620542082738945 0.14111328125 0.024251069900142655 0.0361328125
0 0.20328102710413695 0.92236328125 0.03851640513552069 0.0869140625
0 0.33166904422253923 0.87548828125 0.0014265335235378032 0.0009765625
0 0.3416547788873039 0.88232421875 0.018544935805991442 0.1044921875
0 0.3466476462196862 0.4208984375 0.02282453637660485 0.08984375
0 0.38516405135520687 0.40185546875 0.05135520684736092 0.0517578125
0 0.4222539229671897 0.89111328125 0.03138373751783167 0.1533203125
0 0.5156918687589158 0.8623046875 0.06990014265335236 0.111328125
0 0.5634807417974322 0.8466796875 0.02282453637660485 0.080078125
0 0.5813124108416547 0.86279296875 0.009985734664764621 0.0146484375
0 0.550641940085592 0.361328125 0.11412268188302425 0.115234375
0 0.6890156918687589 0.5732421875 0.019971469329529243 0.021484375
0 0.8024251069900142 0.86376953125 0.03566333808844508 0.1123046875
0 0.833095577746077 0.85498046875 0.02282453637660485 0.0947265625
0 0.848074179743224 0.59814453125 0.02710413694721826 0.0947265625
0 0.855206847360913 0.3837890625 0.021398002853067047 0.09375
0 0.8616262482168331 0.83154296875 0.005706134094151213 0.0458984375
0 0.8730385164051355 0.390625 0.008559201141226819 0.0078125
