0 0.15834522111269617 0.5732421875 0.008559201141226819 0.056640625
0 0.3309557774607703 0.57421875 0.08559201141226819 0.115234375
0 0.3930099857346648 0.91796875 0.024251069900142655 0.0859375
0 0.42510699001426533 0.908203125 0.02282453637660485 0.068359375
0 0.4900142653352354 0.5380859375 0.09557774607703282 0.130859375
0 0.6219686162624822 0.0732421875 0.06847360912981455 0.046875
0 0.62339514978602 0.23974609375 0.07417974322396577 0.0537109375
0 0.6255349500713266 0.12890625 0.06419400855920114 0.048828125
0 0.6283880171184023 0.29296875 0.06134094151212554 0.0546875
0 0.62339514978602 0.3544921875 0.06847360912981455 0.046875
0 0.7139800285306704 0.830078125 0.021398002853067047 0.03125
0 0.8009985734664765 0.82080078125 0.018544935805991442 0.0712890625
0 0.8659058487874466 0.55126953125 0.03138373751783167 0.1318359375
0 0.9072753209700428 0.5400390625 0.03138373751783167 0.111328125
0 0.9165477888730386 0.76171875 0.02710413694721826 0.11328125
0 0.9201141226818831 0.92919921875 0.019971469329529243 0.1142578125
0 0.9308131241084165 0.56298828125 0.01283880171184023 0.0224609375
0 0.9457917261055635 0.90673828125 0.019971469329529243 0.0712890625
0 0.9522111269614836 0.732421875 0.02710413694721826 0.056640625
0 0.9750356633380884 0.99853515625 0.0014265335235378032 0.0009765625
0 0.9793152639087019 0.998046875 0.007132667617689016 0.001953125
0 0.9835948644793153 0.99853515625 0.0014265335235378032 0.0009765625
0 0.985021398002853 0.99853515625 0.0014265335235378032 0.0009765625
0 0.9864479315263909 0.99853515625 0.0014265335235378032 0.0009765625
