0 0.1433666191155492 0.16357421875 0.024251069900142655 0.1220703125
0 0.16333808844507847 0.12744140625 0.01283880171184023 0.0517578125
0 0.16333808844507847 0.181640625 0.009985734664764621 0.017578125
0 0.1847360912981455 0.84228515625 0.024251069900142655 0.1337890625
0 0.1825962910128388 0.16357421875 0.02282453637660485 0.1220703125
0 0.20613409415121256 0.79541015625 0.01283880171184023 0.0322265625
0 0.20256776034236806 0.18212890625 0.011412268188302425 0.0166015625
0 0.21683309557774608 0.21875 0.008559201141226819 0.009765625
0 0.2218259629101284 0.1611328125 0.049928673323823114 0.119140625
0 0.2268188302425107 0.83203125 0.02567760342368046 0.111328125
0 0.24179743223965763 0.16455078125 0.01283880171184023 0.0166015625
0 0.24821683309557777 0.85400390625 0.014265335235378032 0.0322265625
0 0.261055634807418 0.16650390625 0.02282453637660485 0.1162109375
0 0.2660485021398003 0.109375 0.009985734664764621 0.01171875
0 0.2710413694721826 0.95947265625 0.02282453637660485 0.0126953125
0 0.2689015691868759 0.83935546875 0.05563480741797432 0.1298828125
0 0.2767475035663338 0.92041015625 0.039942938659058486 0.0478515625
0 0.29101283880171186 0.84326171875 0.014265335235378032 0.0166015625
0 0.2945791726105564 0.142578125 0.021398002853067047 0.072265625
0 0.7082738944365192 0.4853515625 0.03281027104136947 0.01953125
0 0.7082738944365192 0.4208984375 0.03566333808844508 0.099609375
0 0.7318116975748931 0.40771484375 0.005706134094151213 0.0068359375
0 0.7346647646219686 0.3818359375 0.011412268188302425 0.009765625
0 0.7346647646219686 0.4736328125 0.011412268188302425 0.048828125
0 0.7382310984308131 0.4072265625 0.0042796005706134095 0.00390625
0 0.7631954350927247 0.4453125 0.034236804564907276 0.150390625
0 0.7895863052781741 0.3818359375 0.009985734664764621 0.009765625
0 0.7895863052781741 0.408203125 0.01283880171184023 0.0234375
0 0.7895863052781741 0.43359375 0.01283880171184023 0.0078125
0 0.7895863052781741 0.4716796875 0.015691868758915834 0.046875
0 0.8516405135520685 0.17578125 0.005706134094151213 0.015625
0 0.8594864479315264 0.12890625 0.029957203994293868 0.109375
0 0.8837375178316691 0.10986328125 0.01283880171184023 0.0595703125
