0 0.15789473684210525 0.6766666666666667 0.11483253588516745 0.10333333333333335
0 0.2248803827751196 0.5983333333333334 0.11483253588516745 0.06666666666666667
0 0.2643540669856459 0.655 0.06937799043062201 0.04666666666666667
0 0.28708133971291866 0.085 0.028708133971291863 0.08333333333333334
0 0.326555023923445 0.09583333333333334 0.03110047846889952 0.10500000000000001
0 0.38995215311004783 0.4041666666666667 0.028708133971291863 0.115
0 0.4246411483253588 0.4058333333333334 0.02631578947368421 0.11166666666666668
0 0.7021531100478469 0.07 0.03110047846889952 0.02666666666666667
0 0.7715311004784688 0.37833333333333335 0.02631578947368421 0.05666666666666667
0 0.8205741626794258 0.1391666666666667 0.06698564593301436 0.2316666666666667
0 0.8062200956937798 0.40750000000000003 0.028708133971291863 0.115
0 0.8433014354066986 0.3875 0.02631578947368421 0.07500000000000001
0 0.8564593301435406 0.6675000000000001 0.028708133971291863 0.14500000000000002
