0 0.09330143540669857 0.5708333333333334 0.028708133971291863 0.07500000000000001
0 0.11363636363636363 0.13416666666666668 0.03588516746411483 0.125
0 0.1291866028708134 0.5608333333333334 0.028708133971291863 0.058333333333333334
0 0.16028708133971292 0.12166666666666667 0.03349282296650718 0.1
0 0.1638755980861244 0.5716666666666667 0.02631578947368421 0.07666666666666667
0 0.20454545454545453 0.10916666666666668 0.03588516746411483 0.07500000000000001
0 0.29904306220095694 0.7691666666666667 0.03349282296650718 0.13166666666666668
0 0.31339712918660284 0.42333333333333334 0.028708133971291863 0.07333333333333333
0 0.3397129186602871 0.7350000000000001 0.028708133971291863 0.06666666666666667
0 0.34688995215311 0.44333333333333336 0.023923444976076555 0.10666666666666667
0 0.5322966507177034 0.8650000000000001 0.03588516746411483 0.12000000000000001
0 0.5430622009569378 0.14083333333333334 0.03349282296650718 0.13833333333333334
0 0.5753588516746412 0.8533333333333334 0.03588516746411483 0.09666666666666668
0 0.5861244019138756 0.13083333333333333 0.03349282296650718 0.115
0 0.7236842105263157 0.47500000000000003 0.03110047846889952 0.11
0 0.7655502392344498 0.4866666666666667 0.03349282296650718 0.13333333333333333
0 0.8050239234449761 0.4991666666666667 0.03110047846889952 0.15166666666666667
0 0.8456937799043062 0.4966666666666667 0.03588516746411483 0.15333333333333335
0 0.8708133971291866 0.09666666666666668 0.028708133971291863 0.05666666666666667
0 0.9055023923444976 0.12583333333333335 0.02631578947368421 0.115
