0 0.08612440191387559 0.4941666666666667 0.057416267942583726 0.07833333333333334
0 0.08732057416267942 0.12083333333333333 0.04066985645933014 0.15833333333333335
0 0.13636363636363635 0.12416666666666668 0.03349282296650718 0.155
0 0.22727272727272727 0.5283333333333333 0.04784688995215311 0.08333333333333334
0 0.3588516746411483 0.4733333333333334 0.04784688995215311 0.06666666666666667
0 0.4677033492822966 0.5133333333333334 0.04066985645933014 0.04666666666666667
0 0.5861244019138756 0.125 0.03349282296650718 0.13333333333333333
0 0.6351674641148325 0.11083333333333334 0.03588516746411483 0.10500000000000001
0 0.6782296650717703 0.48250000000000004 0.045454545454545456 0.05166666666666667
0 0.7332535885167464 0.3408333333333334 0.02631578947368421 0.115
0 0.7679425837320574 0.33166666666666667 0.023923444976076555 0.09666666666666668
0 0.8301435406698564 0.8058333333333334 0.04784688995215311 0.16166666666666668
0 0.9043062200956937 0.4675 0.043062200956937795 0.07833333333333334
0 0.9031100478468899 0.09666666666666668 0.02631578947368421 0.043333333333333335
