0 0.0645933014354067 0.2941666666666667 0.028708133971291863 0.05166666666666667
0 0.06578947368421052 0.43083333333333335 0.021531100478468897 0.095
0 0.06339712918660287 0.6058333333333333 0.02631578947368421 0.12166666666666667
0 0.11363636363636363 0.16 0.05502392344497607 0.24666666666666667
0 0.0992822966507177 0.43250000000000005 0.02631578947368421 0.095
0 0.09449760765550239 0.5808333333333334 0.02631578947368421 0.06833333333333334
0 0.180622009569378 0.09333333333333334 0.05980861244019139 0.11666666666666667
0 0.23086124401913874 0.2516666666666667 0.045454545454545456 0.09333333333333334
0 0.28827751196172247 0.165 0.045454545454545456 0.11666666666666667
0 0.40909090909090906 0.5875 0.028708133971291863 0.07833333333333334
0 0.44138755980861244 0.4141666666666667 0.02631578947368421 0.07500000000000001
0 0.4449760765550239 0.5775 0.028708133971291863 0.058333333333333334
0 0.5311004784688995 0.5533333333333333 0.03349282296650718 0.08666666666666667
0 0.5430622009569378 0.7908333333333334 0.03827751196172249 0.09833333333333334
0 0.5526315789473684 0.4441666666666667 0.03827751196172249 0.08833333333333333
0 0.6913875598086124 0.21750000000000003 0.03349282296650718 0.095
0 0.7344497607655502 0.1 0.043062200956937795 0.10666666666666667
0 0.8098086124401913 0.060833333333333336 0.0023923444976076554 0.0016666666666666668
0 0.8504784688995215 0.1691666666666667 0.06937799043062201 0.28500000000000003
0 0.8708133971291866 0.42333333333333334 0.023923444976076555 0.08
0 0.8827751196172249 0.7925000000000001 0.028708133971291863 0.09166666666666667
0 0.8767942583732057 0.5733333333333334 0.03588516746411483 0.08
