0 0.06220095693779904 0.11833333333333335 0.043062200956937795 0.13
0 0.11124401913875598 0.5133333333333334 0.10765550239234449 0.14
0 0.09569377990430622 0.8691666666666668 0.028708133971291863 0.058333333333333334
0 0.12200956937799043 0.13333333333333333 0.04784688995215311 0.16333333333333333
0 0.17942583732057416 0.13333333333333333 0.04784688995215311 0.16333333333333333
0 0.354066985645933 0.7233333333333334 0.03349282296650718 0.09666666666666668
0 0.37679425837320574 0.7425 0.0023923444976076554 0.0016666666666666668
0 0.4007177033492823 0.7358333333333333 0.03588516746411483 0.125
0 0.4461722488038277 0.7366666666666667 0.03588516746411483 0.12333333333333334
0 0.5944976076555024 0.5141666666666667 0.0023923444976076554 0.0016666666666666668
0 0.6100478468899522 0.5166666666666667 0.019138755980861243 0.02666666666666667
0 0.6949760765550239 0.4766666666666667 0.0645933014354067 0.11333333333333334
0 0.8002392344497608 0.12083333333333333 0.045454545454545456 0.16166666666666668
0 0.8361244019138756 0.055 0.011961722488038277 0.01
0 0.8361244019138756 0.08750000000000001 0.011961722488038277 0.008333333333333333
0 0.8361244019138756 0.12083333333333333 0.011961722488038277 0.008333333333333333
0 0.8361244019138756 0.15416666666666667 0.011961722488038277 0.008333333333333333
0 0.8720095693779903 0.07166666666666667 0.045454545454545456 0.06333333333333334
0 0.8779904306220095 0.7216666666666667 0.028708133971291863 0.11333333333333334
0 0.8983253588516746 0.4675 0.03110047846889952 0.10166666666666667
