0 0.10526315789473684 0.8475 0.028708133971291863 0.12833333333333335
0 0.11483253588516745 0.3541666666666667 0.03349282296650718 0.115
0 0.14593301435406697 0.8375 0.028708133971291863 0.10500000000000001
0 0.15550239234449761 0.35500000000000004 0.03349282296650718 0.11666666666666667
0 0.2535885167464115 0.09250000000000001 0.03349282296650718 0.09166666666666667
0 0.2966507177033493 0.10416666666666667 0.03349282296650718 0.115
0 0.3409090909090909 0.5425 0.02631578947368421 0.06166666666666667
0 0.7547846889952153 0.09083333333333334 0.03110047846889952 0.06833333333333334
0 0.7739234449760766 0.7425 0.03588516746411483 0.13166666666666668
0 0.7966507177033493 0.115 0.03349282296650718 0.11333333333333334
0 0.8205741626794258 0.7566666666666667 0.03827751196172249 0.16
0 0.8648325358851674 0.5783333333333334 0.021531100478468897 0.03333333333333333
0 0.8708133971291866 0.7708333333333334 0.03827751196172249 0.18833333333333335
