0 0.15789473684210525 0.8350000000000001 0.043062200956937795 0.16
0 0.21650717703349281 0.8550000000000001 0.045454545454545456 0.19
0 0.2511961722488038 0.8675 0.014354066985645932 0.008333333333333333
0 0.2511961722488038 0.9008333333333334 0.014354066985645932 0.008333333333333333
0 0.2511961722488038 0.9341666666666667 0.014354066985645932 0.008333333333333333
0 0.8002392344497608 0.8250000000000001 0.050239234449760764 0.06666666666666667
0 0.8863636363636364 0.2041666666666667 0.03110047846889952 0.011666666666666667
0 0.8863636363636364 0.23833333333333334 0.04066985645933014 0.03666666666666667
0 0.8851674641148325 0.29750000000000004 0.043062200956937795 0.06166666666666667
0 0.9102870813397129 0.6791666666666667 0.12200956937799043 0.37833333333333335
