0 0.050239234449760764 0.6900000000000001 0.019138755980861243 0.07666666666666667
0 0.06698564593301436 0.6741666666666667 0.014354066985645932 0.03833333333333334
0 0.08133971291866028 0.24833333333333335 0.03349282296650718 0.07
0 0.10167464114832535 0.21416666666666667 0.0023923444976076554 0.0016666666666666668
0 0.10526315789473684 0.7033333333333334 0.03827751196172249 0.10333333333333335
0 0.12799043062200957 0.4591666666666667 0.04066985645933014 0.06833333333333334
0 0.13157894736842105 0.2366666666666667 0.05263157894736842 0.04666666666666667
0 0.16028708133971292 0.54 0.019138755980861243 0.05666666666666667
0 0.1901913875598086 0.4341666666666667 0.02631578947368421 0.07500000000000001
0 0.2069377990430622 0.07083333333333333 0.05980861244019139 0.08166666666666667
0 0.2248803827751196 0.4241666666666667 0.028708133971291863 0.058333333333333334
0 0.3038277511961722 0.43333333333333335 0.028708133971291863 0.09666666666666668
0 0.3397129186602871 0.405 0.028708133971291863 0.04
0 0.5119617224880383 0.06916666666666667 0.03827751196172249 0.04166666666666667
0 0.5610047846889952 0.6950000000000001 0.03588516746411483 0.07
0 0.6626794258373205 0.8641666666666667 0.028708133971291863 0.12166666666666667
0 0.6746411483253588 0.6658333333333334 0.019138755980861243 0.045000000000000005
0 0.7679425837320574 0.5308333333333334 0.028708133971291863 0.095
0 0.8038277511961722 0.5133333333333334 0.023923444976076555 0.05333333333333334
0 0.8277511961722488 0.09833333333333334 0.03827751196172249 0.15000000000000002
0 0.8421052631578947 0.42583333333333334 0.028708133971291863 0.095
0 0.8732057416267942 0.1366666666666667 0.03827751196172249 0.22666666666666668
0 0.8779904306220095 0.4166666666666667 0.028708133971291863 0.07666666666666667
0 0.8935406698564593 0.6825 0.02631578947368421 0.07500000000000001
