0 0.11722488038277512 0.7991666666666667 0.05263157894736842 0.20833333333333334
0 0.12200956937799043 0.12583333333333335 0.03827751196172249 0.10166666666666667
0 0.1686602870813397 0.14 0.03588516746411483 0.13
0 0.180622009569378 0.765 0.050239234449760764 0.14
0 0.21531100478468898 0.1391666666666667 0.03827751196172249 0.12833333333333335
0 0.24401913875598086 0.11416666666666668 0.009569377990430622 0.008333333333333333
0 0.24401913875598086 0.08750000000000001 0.009569377990430622 0.008333333333333333
0 0.24401913875598086 0.14 0.009569377990430622 0.006666666666666667
0 0.2727272727272727 0.1275 0.03827751196172249 0.10500000000000001
0 0.8086124401913876 0.07833333333333334 0.03349282296650718 0.1
0 0.8444976076555024 0.7983333333333333 0.04784688995215311 0.24333333333333335
0 0.854066985645933 0.09083333333333334 0.03827751196172249 0.125
0 0.8983253588516746 0.10333333333333335 0.03588516746411483 0.15000000000000002
0 0.9078947368421052 0.7458333333333333 0.050239234449760764 0.13833333333333334
