0 0.09090909090909091 0.64 0.023923444976076555 0.1
0 0.10287081339712918 0.22166666666666668 0.05263157894736842 0.060000000000000005
0 0.09210526315789473 0.7933333333333333 0.02631578947368421 0.07666666666666667
0 0.11961722488038277 0.64 0.023923444976076555 0.1
0 0.12679425837320574 0.7733333333333334 0.028708133971291863 0.03666666666666667
0 0.13516746411483252 0.1275 0.05502392344497607 0.18833333333333335
0 0.19258373205741627 0.52 0.07416267942583732 0.08333333333333334
0 0.27392344497607657 0.7891666666666667 0.01674641148325359 0.058333333333333334
0 0.3720095693779904 0.775 0.02631578947368421 0.07333333333333333
0 0.4055023923444976 0.795 0.02631578947368421 0.11
0 0.4282296650717703 0.5283333333333333 0.05263157894736842 0.10666666666666667
0 0.43779904306220097 0.7858333333333334 0.028708133971291863 0.09166666666666667
0 0.46291866028708134 0.10250000000000001 0.02631578947368421 0.115
0 0.5047846889952153 0.07916666666666668 0.03349282296650718 0.06833333333333334
0 0.5442583732057416 0.5575 0.03110047846889952 0.14833333333333334
0 0.5825358851674641 0.5366666666666667 0.03110047846889952 0.10666666666666667
0 0.7177033492822966 0.5275000000000001 0.07655502392344497 0.08833333333333333
0 0.7511961722488038 0.06916666666666667 0.07655502392344497 0.13833333333333334
0 0.8456937799043062 0.5575 0.03110047846889952 0.14833333333333334
0 0.8839712918660286 0.5566666666666668 0.03110047846889952 0.15000000000000002
0 0.9031100478468899 0.12000000000000001 0.05502392344497607 0.18000000000000002
0 0.9449760765550239 0.7200000000000001 0.08133971291866028 0.15333333333333335
