0 0.11722488038277512 0.30583333333333335 0.043062200956937795 0.08833333333333333
0 0.1291866028708134 0.7066666666666667 0.023923444976076555 0.1
0 0.14593301435406697 0.085 0.03349282296650718 0.07333333333333333
0 0.19617224880382775 0.8783333333333334 0.028708133971291863 0.03666666666666667
0 0.20813397129186603 0.8216666666666668 0.028708133971291863 0.03333333333333333
0 0.33133971291866027 0.6958333333333334 0.02631578947368421 0.09166666666666667
0 0.36483253588516745 0.6775 0.021531100478468897 0.055
0 0.4605263157894737 0.8941666666666668 0.02631578947368421 0.05166666666666667
0 0.5191387559808612 0.8508333333333334 0.04784688995215311 0.12833333333333335
0 0.9019138755980861 0.3425 0.03349282296650718 0.13833333333333334
