0 0.11004784688995214 0.3241666666666667 0.043062200956937795 0.12166666666666667
0 0.09449760765550239 0.8416666666666667 0.03588516746411483 0.060000000000000005
0 0.0992822966507177 0.9658333333333334 0.10765550239234449 0.025
0 0.17224880382775118 0.9666666666666667 0.03349282296650718 0.023333333333333334
0 0.1638755980861244 0.3241666666666667 0.045454545454545456 0.125
0 0.20933014354066984 0.9683333333333334 0.02631578947368421 0.02
0 0.24282296650717702 0.9658333333333334 0.03110047846889952 0.025
0 0.2511961722488038 0.67 0.03349282296650718 0.06666666666666667
0 0.284688995215311 0.9658333333333334 0.023923444976076555 0.025
0 0.3181818181818182 0.9666666666666667 0.03349282296650718 0.01
0 0.3720095693779904 0.9666666666666667 0.06937799043062201 0.023333333333333334
0 0.4019138755980861 0.6516666666666667 0.023923444976076555 0.03666666666666667
0 0.4473684210526316 0.9666666666666667 0.06220095693779904 0.023333333333333334
0 0.5 0.9683333333333334 0.028708133971291863 0.02
0 0.534688995215311 0.9658333333333334 0.03110047846889952 0.025
0 0.5741626794258373 0.9658333333333334 0.023923444976076555 0.025
0 0.59688995215311 0.9741666666666667 0.011961722488038277 0.008333333333333333
0 0.7404306220095693 0.14333333333333334 0.04066985645933014 0.14
0 0.7930622009569378 0.09666666666666668 0.04066985645933014 0.05666666666666667
