0 0.11483253588516745 0.23500000000000001 0.03349282296650718 0.060000000000000005
0 0.1339712918660287 0.43083333333333335 0.09090909090909091 0.155
0 0.17583732057416268 0.22666666666666668 0.02631578947368421 0.09666666666666668
0 0.18899521531100477 0.405 0.057416267942583726 0.07333333333333333
0 0.2595693779904306 0.14666666666666667 0.01674641148325359 0.060000000000000005
0 0.2822966507177033 0.14583333333333334 0.019138755980861243 0.06166666666666667
0 0.29066985645933013 0.8008333333333334 0.03588516746411483 0.07166666666666667
0 0.30143540669856456 0.6375000000000001 0.028708133971291863 0.07833333333333334
0 0.3050239234449761 0.14666666666666667 0.01674641148325359 0.060000000000000005
0 0.3277511961722488 0.14500000000000002 0.019138755980861243 0.060000000000000005
0 0.3373205741626794 0.6275000000000001 0.028708133971291863 0.058333333333333334
0 0.3169856459330143 0.4025 0.0645933014354067 0.095
0 0.5143540669856459 0.0825 0.019138755980861243 0.025
0 0.5358851674641149 0.10750000000000001 0.019138755980861243 0.07500000000000001
0 0.5598086124401913 0.095 0.019138755980861243 0.05
0 0.5849282296650717 0.6258333333333334 0.03110047846889952 0.085
0 0.6232057416267942 0.6275000000000001 0.03110047846889952 0.085
0 0.6507177033492823 0.19833333333333333 0.019138755980861243 0.04666666666666667
0 0.673444976076555 0.21833333333333335 0.01674641148325359 0.08666666666666667
0 0.8062200956937798 0.18583333333333335 0.03349282296650718 0.14833333333333334
0 0.8265550239234449 0.6175 0.02631578947368421 0.055
0 0.8516746411483254 0.14750000000000002 0.03827751196172249 0.07500000000000001
0 0.8612440191387559 0.6083333333333334 0.028708133971291863 0.03666666666666667
