0 0.15789473684210525 0.5358333333333334 0.04784688995215311 0.09833333333333334
0 0.21291866028708134 0.14166666666666666 0.04784688995215311 0.043333333333333335
0 0.21770334928229665 0.535 0.03827751196172249 0.09333333333333334
0 0.27870813397129185 0.13083333333333333 0.05980861244019139 0.045000000000000005
0 0.29545454545454547 0.06666666666666667 0.04066985645933014 0.04666666666666667
0 0.35526315789473684 0.0625 0.06937799043062201 0.04833333333333334
0 0.3504784688995215 0.11833333333333335 0.05502392344497607 0.03666666666666667
0 0.4569377990430622 0.10333333333333335 0.14832535885167464 0.06666666666666667
0 0.45574162679425834 0.7375 0.021531100478468897 0.058333333333333334
0 0.46531100478468895 0.8241666666666667 0.01674641148325359 0.025
0 0.5538277511961722 0.9108333333333334 0.021531100478468897 0.028333333333333335
0 0.5801435406698564 0.9258333333333334 0.021531100478468897 0.058333333333333334
0 0.6064593301435407 0.9183333333333334 0.021531100478468897 0.043333333333333335
0 0.6543062200956937 0.7325 0.02631578947368421 0.07166666666666667
0 0.6854066985645932 0.7225 0.02631578947368421 0.05166666666666667
0 0.8588516746411483 0.11583333333333334 0.04784688995215311 0.09833333333333334
0 0.854066985645933 0.7433333333333334 0.028708133971291863 0.09666666666666668
0 0.8899521531100478 0.7525000000000001 0.028708133971291863 0.115
