0 0.06698564593301436 0.8425 0.03827751196172249 0.15833333333333335
0 0.07894736842105263 0.7691666666666667 0.009569377990430622 0.011666666666666667
0 0.08612440191387559 0.15666666666666668 0.023923444976076555 0.05666666666666667
0 0.11722488038277512 0.8558333333333333 0.03827751196172249 0.18833333333333335
0 0.11722488038277512 0.065 0.023923444976076555 0.03333333333333333
0 0.11961722488038277 0.14583333333333334 0.023923444976076555 0.03833333333333334
0 0.3062200956937799 0.33666666666666667 0.023923444976076555 0.08
0 0.326555023923445 0.9325000000000001 0.03110047846889952 0.025
0 0.3361244019138756 0.32833333333333337 0.021531100478468897 0.06666666666666667
0 0.3624401913875598 0.9325000000000001 0.03110047846889952 0.025
0 0.4019138755980861 0.9325000000000001 0.03349282296650718 0.005
0 0.44138755980861244 0.9316666666666668 0.03110047846889952 0.023333333333333334
0 0.4677033492822966 0.47750000000000004 0.01674641148325359 0.03833333333333334
0 0.4784688995215311 0.9316666666666668 0.03827751196172249 0.02666666666666667
0 0.47727272727272724 0.305 0.021531100478468897 0.05
0 0.4904306220095694 0.4675 0.009569377990430622 0.018333333333333333
0 0.5155502392344498 0.9325000000000001 0.03110047846889952 0.025
0 0.5179425837320574 0.43500000000000005 0.021531100478468897 0.04
0 0.5406698564593301 0.42500000000000004 0.014354066985645932 0.02
0 0.5885167464114832 0.9308333333333334 0.10526315789473684 0.025
0 0.5633971291866029 0.39 0.021531100478468897 0.04
0 0.5861244019138756 0.38083333333333336 0.009569377990430622 0.021666666666666667
0 0.6794258373205742 0.47000000000000003 0.1339712918660287 0.016666666666666666
0 0.757177033492823 0.47000000000000003 0.01674641148325359 0.016666666666666666
0 0.8026315789473684 0.47000000000000003 0.0645933014354067 0.016666666666666666
0 0.8265550239234449 0.8491666666666667 0.04066985645933014 0.115
0 0.8313397129186603 0.15583333333333335 0.03110047846889952 0.12833333333333335
0 0.8732057416267942 0.3166666666666667 0.03827751196172249 0.030000000000000002
0 0.8648325358851674 0.04416666666666667 0.03110047846889952 0.021666666666666667
0 0.8791866028708134 0.8341666666666667 0.03588516746411483 0.085
