0 0.06698564593301436 0.5941666666666667 0.028708133971291863 0.09833333333333334
0 0.07057416267942583 0.3383333333333334 0.04066985645933014 0.11666666666666667
0 0.10406698564593302 0.5641666666666667 0.02631578947368421 0.03833333333333334
0 0.12320574162679425 0.37000000000000005 0.050239234449760764 0.17666666666666667
0 0.22607655502392343 0.8525 0.050239234449760764 0.06166666666666667
0 0.2631578947368421 0.7983333333333333 0.023923444976076555 0.06666666666666667
0 0.2930622009569378 0.8066666666666668 0.021531100478468897 0.08333333333333334
0 0.32296650717703346 0.7883333333333333 0.023923444976076555 0.04666666666666667
0 0.3971291866028708 0.8033333333333333 0.023923444976076555 0.060000000000000005
0 0.41985645933014354 0.65 0.03110047846889952 0.07666666666666667
0 0.4246411483253588 0.8108333333333334 0.021531100478468897 0.07166666666666667
0 0.4665071770334928 0.5541666666666667 0.028708133971291863 0.115
0 0.492822966507177 0.7941666666666667 0.023923444976076555 0.065
0 0.5011961722488039 0.5258333333333334 0.02631578947368421 0.058333333333333334
0 0.49401913875598086 0.050833333333333335 0.07894736842105263 0.08833333333333333
0 0.5215311004784688 0.7766666666666667 0.023923444976076555 0.03333333333333333
0 0.5705741626794258 0.31083333333333335 0.045454545454545456 0.085
0 0.5885167464114832 0.08333333333333334 0.03349282296650718 0.06666666666666667
0 0.5992822966507176 0.5283333333333333 0.03110047846889952 0.06333333333333334
0 0.6291866028708134 0.9333333333333333 0.03827751196172249 0.07666666666666667
0 0.7380382775119617 0.07916666666666668 0.02631578947368421 0.10833333333333334
0 0.7715311004784688 0.07 0.02631578947368421 0.09000000000000001
0 0.8050239234449761 0.06916666666666667 0.02631578947368421 0.09166666666666667
0 0.8600478468899522 0.6483333333333334 0.03588516746411483 0.030000000000000002
