0 0.0562200956937799 0.5275000000000001 0.0023923444976076554 0.0016666666666666668
0 0.07416267942583732 0.5058333333333334 0.03349282296650718 0.13833333333333334
0 0.08373205741626794 0.8408333333333334 0.028708133971291863 0.125
0 0.07894736842105263 0.32666666666666666 0.07655502392344497 0.16666666666666669
0 0.11363636363636363 0.12000000000000001 0.03588516746411483 0.1
0 0.1208133971291866 0.24583333333333335 0.0023923444976076554 0.0016666666666666668
0 0.1208133971291866 0.8391666666666667 0.03110047846889952 0.12833333333333335
0 0.1375598086124402 0.7125 0.03588516746411483 0.025
0 0.1590909090909091 0.8175 0.03110047846889952 0.085
0 0.2452153110047847 0.7041666666666667 0.03110047846889952 0.12166666666666667
0 0.2452153110047847 0.4575 0.05980861244019139 0.10500000000000001
0 0.2822966507177033 0.33 0.028708133971291863 0.14666666666666667
0 0.2834928229665072 0.7025 0.03110047846889952 0.12833333333333335
0 0.3181818181818182 0.32 0.028708133971291863 0.12333333333333334
0 0.32177033492822965 0.7025 0.03110047846889952 0.125
0 0.4066985645933014 0.6983333333333334 0.028708133971291863 0.03333333333333333
0 0.4270334928229665 0.2791666666666667 0.03110047846889952 0.045000000000000005
0 0.47368421052631576 0.5308333333333334 0.04784688995215311 0.05166666666666667
0 0.5550239234449761 0.5325000000000001 0.07177033492822966 0.035
0 0.59688995215311 0.3041666666666667 0.02631578947368421 0.115
0 0.6614832535885167 0.5175000000000001 0.02631578947368421 0.09166666666666667
0 0.673444976076555 0.8508333333333334 0.021531100478468897 0.025
0 0.7057416267942583 0.8725 0.03349282296650718 0.018333333333333333
0 0.7308612440191388 0.7716666666666667 0.03110047846889952 0.12666666666666668
0 0.7691387559808612 0.7725000000000001 0.03110047846889952 0.12833333333333335
0 0.8421052631578947 0.7016666666666667 0.03349282296650718 0.12666666666666668
0 0.8421052631578947 0.42500000000000004 0.07177033492822966 0.07333333333333333
0 0.8516746411483254 0.065 0.03827751196172249 0.05
0 0.8636363636363636 0.29083333333333333 0.028708133971291863 0.07500000000000001
0 0.8791866028708134 0.7008333333333334 0.03110047846889952 0.12833333333333335
0 0.8983253588516746 0.3191666666666667 0.02631578947368421 0.13166666666666668
