0 0.08971291866028708 0.3433333333333334 0.04066985645933014 0.10666666666666667
0 0.10406698564593302 0.77 0.03110047846889952 0.05
0 0.13875598086124402 0.33083333333333337 0.03827751196172249 0.07833333333333334
0 0.14593301435406697 0.12000000000000001 0.03349282296650718 0.07
0 0.3397129186602871 0.7266666666666667 0.03349282296650718 0.03333333333333333
0 0.49760765550239233 0.5666666666666667 0.03349282296650718 0.16
0 0.5382775119617225 0.5441666666666667 0.03349282296650718 0.115
0 0.6495215311004784 0.6425000000000001 0.021531100478468897 0.08166666666666667
0 0.6794258373205742 0.6233333333333334 0.023923444976076555 0.04666666666666667
0 0.8480861244019139 0.75 0.02631578947368421 0.04
0 0.8492822966507176 0.14 0.03349282296650718 0.1366666666666667
0 0.8755980861244019 0.6108333333333333 0.023923444976076555 0.065
0 0.8911483253588517 0.09250000000000001 0.03110047846889952 0.045000000000000005
0 0.8983253588516746 0.5033333333333334 0.02631578947368421 0.08
0 0.9055023923444976 0.6033333333333334 0.021531100478468897 0.04666666666666667
