0 0.09688995215311004 0.30583333333333335 0.03110047846889952 0.04833333333333334
0 0.23803827751196172 0.6933333333333334 0.03110047846889952 0.1366666666666667
0 0.2643540669856459 0.2991666666666667 0.03588516746411483 0.09166666666666667
0 0.36363636363636365 0.10833333333333334 0.023923444976076555 0.07333333333333333
0 0.3971291866028708 0.10750000000000001 0.028708133971291863 0.07166666666666667
0 0.4354066985645933 0.5666666666666667 0.03827751196172249 0.016666666666666666
0 0.5035885167464115 0.5125000000000001 0.23684210526315788 0.058333333333333334
0 0.5107655502392344 0.5675 0.10287081339712918 0.015000000000000001
0 0.5765550239234449 0.5683333333333334 0.014354066985645932 0.016666666666666666
0 0.6507177033492823 0.52 0.04784688995215311 0.03666666666666667
0 0.728468899521531 0.17333333333333334 0.02631578947368421 0.11
0 0.7619617224880383 0.14583333333333334 0.02631578947368421 0.055
0 0.797846889952153 0.07500000000000001 0.02631578947368421 0.03666666666666667
0 0.8576555023923444 0.4591666666666667 0.03110047846889952 0.115
0 0.8983253588516746 0.4716666666666667 0.03110047846889952 0.13333333333333333
