0 0.0992822966507177 0.31333333333333335 0.03110047846889952 0.07333333333333333
0 0.1255980861244019 0.7891666666666667 0.045454545454545456 0.17833333333333334
0 0.13277511961722488 0.10166666666666667 0.03110047846889952 0.023333333333333334
0 0.19138755980861244 0.7708333333333334 0.043062200956937795 0.135
0 0.20574162679425836 0.7141666666666667 0.014354066985645932 0.015000000000000001
0 0.24880382775119617 0.11416666666666668 0.043062200956937795 0.045000000000000005
0 0.27033492822966504 0.135 0.009569377990430622 0.023333333333333334
0 0.26674641148325356 0.18416666666666667 0.045454545454545456 0.04833333333333334
0 0.42105263157894735 0.1675 0.023923444976076555 0.07500000000000001
0 0.4449760765550239 0.08333333333333334 0.023923444976076555 0.03666666666666667
0 0.8098086124401913 0.5925 0.04066985645933014 0.058333333333333334
0 0.8157894736842105 0.2316666666666667 0.028708133971291863 0.1
0 0.819377990430622 0.9325000000000001 0.05980861244019139 0.10500000000000001
0 0.854066985645933 0.125 0.03349282296650718 0.02666666666666667
0 0.8528708133971291 0.22166666666666668 0.02631578947368421 0.08
0 0.8708133971291866 0.5083333333333334 0.03349282296650718 0.07333333333333333
