0 0.04665071770334928 0.12250000000000001 0.0023923444976076554 0.0016666666666666668
0 0.12320574162679425 0.15666666666666668 0.16507177033492823 0.21666666666666667
0 0.0992822966507177 0.04583333333333334 0.0023923444976076554 0.0016666666666666668
0 0.10167464114832535 0.04583333333333334 0.0023923444976076554 0.0016666666666666668
0 0.10645933014354067 0.04583333333333334 0.0023923444976076554 0.0016666666666666668
0 0.19617224880382775 0.68 0.05263157894736842 0.1366666666666667
0 0.24760765550239233 0.665 0.04066985645933014 0.10666666666666667
0 0.2763157894736842 0.6241666666666668 0.011961722488038277 0.008333333333333333
0 0.2763157894736842 0.6516666666666667 0.011961722488038277 0.006666666666666667
0 0.2763157894736842 0.7058333333333334 0.011961722488038277 0.008333333333333333
0 0.2763157894736842 0.6783333333333333 0.011961722488038277 0.006666666666666667
0 0.3803827751196172 0.6916666666666668 0.043062200956937795 0.16
0 0.8528708133971291 0.455 0.02631578947368421 0.07333333333333333
0 0.8875598086124401 0.4441666666666667 0.028708133971291863 0.058333333333333334
