0 0.11004784688995214 0.16833333333333333 0.023923444976076555 0.07666666666666667
0 0.1471291866028708 0.11750000000000001 0.021531100478468897 0.04166666666666667
0 0.33014354066985646 0.8391666666666667 0.028708133971291863 0.09166666666666667
0 0.37320574162679426 0.8633333333333334 0.028708133971291863 0.1366666666666667
0 0.4138755980861244 0.805 0.03349282296650718 0.023333333333333334
0 0.513157894736842 0.13166666666666668 0.03110047846889952 0.10666666666666667
0 0.5562200956937798 0.2916666666666667 0.03110047846889952 0.12666666666666668
0 0.5514354066985646 0.13166666666666668 0.03110047846889952 0.10666666666666667
0 0.5897129186602871 0.13166666666666668 0.03110047846889952 0.10666666666666667
0 0.8576555023923444 0.46416666666666667 0.02631578947368421 0.095
0 0.8624401913875598 0.7408333333333333 0.0023923444976076554 0.0016666666666666668
0 0.8779904306220095 0.7441666666666668 0.019138755980861243 0.095
0 0.8923444976076554 0.44583333333333336 0.028708133971291863 0.058333333333333334
0 0.9126794258373205 0.7141666666666667 0.02631578947368421 0.035
