0 0.08732057416267942 0.6758333333333334 0.0023923444976076554 0.0016666666666666668
0 0.11483253588516745 0.7525000000000001 0.057416267942583726 0.19166666666666668
0 0.16746411483253587 0.7225 0.05263157894736842 0.12833333333333335
0 0.19976076555023922 0.7241666666666667 0.0023923444976076554 0.0016666666666666668
0 0.7990430622009569 0.7483333333333334 0.04784688995215311 0.18000000000000002
0 0.8528708133971291 0.7766666666666667 0.050239234449760764 0.2366666666666667
0 0.8923444976076554 0.2575 0.09569377990430622 0.42833333333333334
0 0.9055023923444976 0.7483333333333334 0.050239234449760764 0.17666666666666667
0 0.9389952153110047 0.12250000000000001 0.0023923444976076554 0.0016666666666666668
0 0.9389952153110047 0.3766666666666667 0.0023923444976076554 0.01
0 0.9485645933014354 0.26916666666666667 0.0023923444976076554 0.0016666666666666668
