0 0.08971291866028708 0.3666666666666667 0.02631578947368421 0.09666666666666668
0 0.11124401913875598 0.5900000000000001 0.06937799043062201 0.09666666666666668
0 0.1124401913875598 0.755 0.06698564593301436 0.12000000000000001
0 0.18301435406698563 0.7366666666666667 0.02631578947368421 0.03666666666666667
0 0.20454545454545453 0.7475 0.0023923444976076554 0.0016666666666666668
0 0.3504784688995215 0.3466666666666667 0.02631578947368421 0.10333333333333335
0 0.381578947368421 0.3458333333333334 0.02631578947368421 0.10166666666666667
0 0.38636363636363635 0.7608333333333334 0.03110047846889952 0.11833333333333335
0 0.3684210526315789 0.5791666666666667 0.08133971291866028 0.08166666666666667
0 0.4677033492822966 0.7858333333333334 0.03588516746411483 0.04833333333333334
0 0.5167464114832536 0.8516666666666667 0.03827751196172249 0.18333333333333335
0 0.8409090909090908 0.1375 0.02631578947368421 0.095
