0 0.08612440191387559 0.21250000000000002 0.03349282296650718 0.13833333333333334
0 0.09449760765550239 0.6975 0.02631578947368421 0.13833333333333334
0 0.09569377990430622 0.39416666666666667 0.03349282296650718 0.07500000000000001
0 0.10765550239234449 0.8483333333333334 0.023923444976076555 0.03666666666666667
0 0.1255980861244019 0.6808333333333334 0.02631578947368421 0.10500000000000001
0 0.12799043062200957 0.19083333333333335 0.03110047846889952 0.09166666666666667
0 0.14354066985645933 0.42250000000000004 0.03827751196172249 0.12833333333333335
0 0.15669856459330142 0.6716666666666667 0.02631578947368421 0.08666666666666667
0 0.36363636363636365 0.6266666666666667 0.023923444976076555 0.05666666666666667
0 0.3684210526315789 0.10916666666666668 0.028708133971291863 0.07833333333333334
0 0.4031100478468899 0.12916666666666668 0.02631578947368421 0.115
0 0.49521531100478466 0.09000000000000001 0.043062200956937795 0.030000000000000002
0 0.5370813397129186 0.09166666666666667 0.03588516746411483 0.02666666666666667
0 0.5813397129186603 0.11083333333333334 0.03827751196172249 0.025
0 0.6004784688995215 0.6316666666666667 0.028708133971291863 0.05666666666666667
0 0.6184210526315789 0.10916666666666668 0.02631578947368421 0.021666666666666667
0 0.6949760765550239 0.09416666666666668 0.07416267942583732 0.04166666666666667
0 0.8169856459330144 0.14500000000000002 0.03110047846889952 0.10333333333333335
0 0.8169856459330144 0.4 0.03588516746411483 0.09333333333333334
0 0.8552631578947368 0.14500000000000002 0.03110047846889952 0.10666666666666667
0 0.8576555023923444 0.43583333333333335 0.03588516746411483 0.165
