0 0.09210526315789473 0.9641666666666667 0.0645933014354067 0.025
0 0.13277511961722488 0.21250000000000002 0.03588516746411483 0.16166666666666668
0 0.12799043062200957 0.8241666666666667 0.02631578947368421 0.10166666666666667
0 0.15071770334928228 0.9641666666666667 0.043062200956937795 0.025
0 0.14952153110047847 0.6625000000000001 0.021531100478468897 0.028333333333333335
0 0.16626794258373206 0.6408333333333334 0.0023923444976076554 0.0016666666666666668
0 0.1638755980861244 0.81 0.02631578947368421 0.07666666666666667
0 0.16985645933014354 0.39666666666666667 0.03349282296650718 0.09666666666666668
0 0.18421052631578946 0.9641666666666667 0.014354066985645932 0.021666666666666667
0 0.180622009569378 0.1975 0.04066985645933014 0.135
0 0.20095693779904306 0.5800000000000001 0.03349282296650718 0.05333333333333334
0 0.2248803827751196 0.9641666666666667 0.04784688995215311 0.025
0 0.2811004784688995 0.9641666666666667 0.050239234449760764 0.025
0 0.3624401913875598 0.9641666666666667 0.10765550239234449 0.025
0 0.534688995215311 0.9641666666666667 0.22727272727272727 0.025
0 0.6949760765550239 0.6133333333333334 0.02631578947368421 0.07666666666666667
0 0.8277511961722488 0.10916666666666668 0.03827751196172249 0.07833333333333334
0 0.8744019138755981 0.10750000000000001 0.04066985645933014 0.08166666666666667
0 0.8839712918660286 0.8583333333333334 0.02631578947368421 0.03666666666666667
