0 0.18074656188605107 0.178125 0.10609037328094302 0.06125
0 0.19941060903732807 0.6675 0.10805500982318271 0.0475
0 0.22102161100196463 0.46375 0.13163064833005894 0.045
0 0.2593320235756385 0.313125 0.11001964636542239 0.02625
0 0.3320235756385069 0.18 0.11787819253438113 0.07
0 0.39390962671905694 0.678125 0.11591355599214144 0.02875
0 0.5255402750491158 0.32375 0.15913555992141454 0.05
0 0.7946954813359528 0.201875 0.1355599214145383 0.06125
0 0.793713163064833 0.464375 0.12966601178781925 0.09625
0 0.8339882121807465 0.678125 0.1355599214145383 0.07375
