0 0.15127701375245578 0.234375 0.1611001964636542 0.10375000000000001
0 0.156188605108055 0.740625 0.15520628683693516 0.07625
0 0.24263261296660116 0.236875 0.021611001964636542 0.03125
0 0.20039292730844793 0.524375 0.16502946954813358 0.07875
0 0.34774066797642433 0.885625 0.1493123772102161 0.01625
0 0.37328094302554027 0.474375 0.12180746561886051 0.07625
0 0.46954813359528486 0.850625 0.04715127701375245 0.01375
0 0.5127701375245579 0.883125 0.07858546168958742 0.02125
0 0.5275049115913556 0.8575 0.060903732809430254 0.015
0 0.5550098231827112 0.7275 0.11591355599214144 0.0775
0 0.5314341846758349 0.14250000000000002 0.3320235756385069 0.0475
0 0.7966601178781925 0.231875 0.15520628683693516 0.07625
0 0.7976424361493123 0.7106250000000001 0.15324165029469547 0.06375
0 0.7888015717092337 0.524375 0.19449901768172886 0.07375
