0 0.08732057416267942 0.0625 0.02631578947368421 0.021666666666666667
0 0.08851674641148324 0.1125 0.028708133971291863 0.045000000000000005
0 0.29186602870813394 0.3566666666666667 0.028708133971291863 0.09666666666666668
0 0.3289473684210526 0.3566666666666667 0.02631578947368421 0.09666666666666668
0 0.40909090909090906 0.07333333333333333 0.03827751196172249 0.07333333333333333
0 0.41626794258373206 0.3666666666666667 0.023923444976076555 0.08666666666666667
0 0.43062200956937796 0.5033333333333334 0.023923444976076555 0.03666666666666667
0 0.4485645933014354 0.35083333333333333 0.02631578947368421 0.05166666666666667
0 0.45574162679425834 0.07416666666666667 0.03588516746411483 0.07500000000000001
0 0.4808612440191387 0.35833333333333334 0.028708133971291863 0.07
0 0.5 0.08666666666666667 0.03827751196172249 0.1
0 0.5311004784688995 0.7066666666666667 0.03827751196172249 0.07333333333333333
0 0.8110047846889952 0.8683333333333334 0.028708133971291863 0.09666666666666668
0 0.8289473684210525 0.09083333333333334 0.04066985645933014 0.10833333333333334
0 0.8373205741626794 0.6625000000000001 0.028708133971291863 0.155
0 0.8456937799043062 0.3725 0.03110047846889952 0.12166666666666667
0 0.8456937799043062 0.8483333333333334 0.02631578947368421 0.05666666666666667
0 0.8720095693779903 0.6333333333333334 0.02631578947368421 0.09666666666666668
0 0.8779904306220095 0.09083333333333334 0.03827751196172249 0.10833333333333334
0 0.8827751196172249 0.35750000000000004 0.028708133971291863 0.08833333333333333
