0 0.1404715127701375 0.748125 0.05697445972495088 0.02625
0 0.17092337917485265 0.44875 0.09823182711198428 0.0725
0 0.18467583497053044 0.5775 0.11787819253438113 0.075
0 0.1886051080550098 0.19125 0.1335952848722986 0.065
0 0.28880157170923376 0.288125 0.11787819253438113 0.051250000000000004
0 0.3143418467583497 0.7775 0.09037328094302553 0.07
0 0.33005893909626716 0.434375 0.11394891944990176 0.07375
0 0.37131630648330055 0.17500000000000002 0.07465618860510805 0.0525
0 0.4273084479371316 0.3025 0.08840864440078584 0.0125
0 0.48821218074656186 0.301875 0.01768172888015717 0.01125
0 0.49607072691552057 0.7831250000000001 0.08447937131630648 0.06375
0 0.5648330058939096 0.30125 0.11984282907662082 0.0125
0 0.7770137524557956 0.295 0.1473477406679764 0.06
0 0.8025540275049116 0.463125 0.1473477406679764 0.08375
0 0.8408644400785854 0.78 0.0943025540275049 0.08750000000000001
0 0.8251473477406679 0.19375 0.12966601178781925 0.065
