0 0.09528487229862474 0.121875 0.09626719056974459 0.05375
0 0.10314341846758349 0.416875 0.09626719056974459 0.05375
0 0.11689587426326128 0.52625 0.10412573673870333 0.055
0 0.09233791748526522 0.73 0.11787819253438113 0.0825
0 0.11100196463654223 0.28875 0.10805500982318271 0.065
0 0.10412573673870333 0.873125 0.11001964636542239 0.04875
0 0.21218074656188604 0.5125 0.011787819253438112 0.005
0 0.22691552062868367 0.525 0.009823182711198428 0.01
0 0.31335952848722987 0.923125 0.10412573673870333 0.051250000000000004
0 0.3035363457760314 0.625 0.16699410609037327 0.045
0 0.3781925343811395 0.16 0.09626719056974459 0.0525
0 0.3172888015717092 0.32625 0.21807465618860508 0.0475
0 0.38703339882121807 0.52125 0.07465618860510805 0.06
0 0.3703339882121807 0.738125 0.12770137524557956 0.04875
0 0.5333988212180746 0.740625 0.09626719056974459 0.05375
0 0.5363457760314342 0.11875000000000001 0.11001964636542239 0.06
0 0.5599214145383103 0.43062500000000004 0.09823182711198428 0.05375
0 0.5451866404715128 0.23875000000000002 0.07269155206286837 0.0975
0 0.5717092337917485 0.896875 0.12180746561886051 0.06875
0 0.5609037328094302 0.59125 0.11591355599214144 0.07
0 0.6591355599214145 0.72 0.09233791748526522 0.015
0 0.7111984282907662 0.641875 0.015717092337917484 0.01875
0 0.7662082514734774 0.314375 0.21611001964636542 0.03875
0 0.81237721021611 0.4175 0.013752455795677798 0.015
0 0.7927308447937131 0.9225 0.18664047151277013 0.0525
0 0.7917485265225933 0.631875 0.1335952848722986 0.03875
0 0.8722986247544203 0.151875 0.07858546168958742 0.09875
0 0.8673870333988212 0.7525000000000001 0.11198428290766207 0.06
0 0.8605108055009822 0.449375 0.11787819253438113 0.07875
