0 0.14145383104125736 0.17875 0.07072691552062868 0.0125
0 0.17190569744597248 0.498125 0.14341846758349705 0.12625
0 0.16601178781925344 0.7731250000000001 0.13163064833005894 0.02625
0 0.3143418467583497 0.15812500000000002 0.10609037328094302 0.09125
0 0.3742632612966601 0.7725 0.14341846758349705 0.065
0 0.4518664047151277 0.433125 0.19253438113948917 0.07375
0 0.47838899803536344 0.289375 0.06483300589390963 0.04625
0 0.5255402750491158 0.14875 0.11591355599214144 0.0675
0 0.6227897838899803 0.7993750000000001 0.03929273084479371 0.10375000000000001
0 0.6542239685658153 0.45437500000000003 0.12573673870333987 0.10125
0 0.8045186640471512 0.795 0.20628683693516697 0.0725
0 0.8084479371316305 0.631875 0.060903732809430254 0.058750000000000004
0 0.8084479371316305 0.15687500000000001 0.12770137524557956 0.07875
0 0.8516699410609037 0.42562500000000003 0.09626719056974459 0.08375
