0 0.20039292730844793 0.870625 0.09037328094302553 0.08125
0 0.22003929273084477 0.31125 0.1768172888015717 0.0925
0 0.3055009823182711 0.750625 0.19449901768172886 0.03875
0 0.4017681728880157 0.855625 0.11198428290766207 0.06125
0 0.38703339882121807 0.5387500000000001 0.08644400785854617 0.015
0 0.44695481335952847 0.170625 0.15127701375245578 0.04625
0 0.5982318271119842 0.174375 0.07662082514734773 0.04625
0 0.6404715127701375 0.869375 0.14145383104125736 0.06625
0 0.7976424361493123 0.7262500000000001 0.10609037328094302 0.0825
0 0.8418467583497052 0.8456250000000001 0.11198428290766207 0.06125
0 0.8831041257367387 0.14375000000000002 0.05304518664047151 0.0625
0 0.8438113948919449 0.305625 0.174852652259332 0.04625
