0 0.12082514734774066 0.440625 0.07662082514734773 0.03125
0 0.12082514734774066 0.5675 0.08840864440078584 0.0125
0 0.18271119842829076 0.789375 0.10609037328094302 0.09375
0 0.22888015717092336 0.150625 0.16699410609037327 0.10375000000000001
0 0.349705304518664 0.445625 0.10609037328094302 0.04125
0 0.39489194499017677 0.150625 0.07072691552062868 0.03625
0 0.5343811394891944 0.5725 0.09037328094302553 0.07
0 0.8369351669941061 0.15625 0.12966601178781925 0.0575
0 0.849705304518664 0.46625 0.10019646365422397 0.1
0 0.818271119842829 0.7275 0.1355599214145383 0.035
