0 0.11787819253438113 0.3175 0.08251473477406679 0.0575
0 0.11886051080550097 0.5906250000000001 0.06876227897838899 0.01375
0 0.12082514734774066 0.86375 0.10019646365422397 0.0475
0 0.19646365422396855 0.166875 0.16895874263261296 0.08875
0 0.21316306483300587 0.7225 0.15520628683693516 0.075
0 0.19842829076620824 0.468125 0.08644400785854617 0.06875
0 0.38899803536345773 0.193125 0.12573673870333987 0.08625000000000001
0 0.41453831041257366 0.339375 0.09037328094302553 0.02875
0 0.3880157170923379 0.4675 0.11984282907662082 0.07
0 0.44204322200392926 0.716875 0.08251473477406679 0.02625
0 0.5795677799607072 0.465625 0.07072691552062868 0.01875
0 0.7888015717092337 0.47250000000000003 0.174852652259332 0.0725
0 0.8271119842829076 0.206875 0.1886051080550098 0.11375
0 0.8261296660117877 0.755625 0.13163064833005894 0.07125000000000001
