0 0.13654223968565815 0.8406250000000001 0.08447937131630648 0.07625
0 0.19449901768172886 0.539375 0.10216110019646364 0.058750000000000004
0 0.22003929273084477 0.699375 0.19253438113948917 0.09625
0 0.21905697445972494 0.13875 0.14341846758349705 0.03
0 0.45088408644400785 0.839375 0.10412573673870333 0.04875
0 0.4990176817288801 0.689375 0.0943025540275049 0.03125
0 0.6424361493123771 0.910625 0.13752455795677798 0.03375
0 0.6728880157170923 0.6843750000000001 0.10412573673870333 0.08625000000000001
0 0.7190569744597249 0.913125 0.003929273084479371 0.00375
0 0.8379174852652259 0.204375 0.12377210216110018 0.10875
0 0.8241650294695481 0.823125 0.0805500982318271 0.05625
0 0.7779960707269155 0.540625 0.23182711198428288 0.06625
0 0.8899803536345775 0.24125 0.011787819253438112 0.0075
0 0.8526522593320235 0.68625 0.0943025540275049 0.08750000000000001
