0 0.09528487229862474 0.8525 0.02554027504911591 0.01
0 0.11001964636542239 0.1825 0.09823182711198428 0.0475
0 0.12377210216110018 0.61125 0.0943025540275049 0.0325
0 0.13850687622789784 0.734375 0.04911591355599214 0.01625
0 0.15815324165029468 0.424375 0.15913555992141454 0.07375
0 0.3005893909626719 0.2325 0.04715127701375245 0.0125
0 0.2868369351669941 0.11812500000000001 0.058939096267190565 0.03875
0 0.3330058939096267 0.7468750000000001 0.14341846758349705 0.04625
0 0.4803536345776031 0.409375 0.09233791748526522 0.04625
0 0.5108055009823183 0.87125 0.07858546168958742 0.0425
0 0.6257367387033398 0.745 0.06876227897838899 0.0425
0 0.680746561886051 0.573125 0.0019646365422396855 0.00375
0 0.7092337917485265 0.565625 0.04715127701375245 0.01375
0 0.7730844793713163 0.16625 0.21414538310412573 0.1125
0 0.7917485265225933 0.435 0.14145383104125736 0.095
0 0.8330058939096266 0.748125 0.16502946954813358 0.05375
