0 0.15717092337917485 0.7225 0.08251473477406679 0.0725
0 0.1473477406679764 0.49312500000000004 0.0943025540275049 0.10375000000000001
0 0.14833005893909626 0.19062500000000002 0.14341846758349705 0.06625
0 0.3222003929273084 0.719375 0.07858546168958742 0.06625
0 0.3290766208251473 0.856875 0.06483300589390963 0.03375
0 0.3968565815324165 0.486875 0.1611001964636542 0.09625
0 0.5265225933202358 0.885 0.12180746561886051 0.0325
0 0.6090373280943026 0.481875 0.11787819253438113 0.07875
0 0.5992141453831041 0.59375 0.0943025540275049 0.015
0 0.62475442043222 0.733125 0.12180746561886051 0.06375
0 0.7701375245579567 0.76625 0.058939096267190565 0.0425
0 0.8172888015717091 0.201875 0.20825147347740666 0.09875
0 0.8339882121807465 0.4825 0.15127701375245578 0.0725
0 0.8831041257367387 0.7262500000000001 0.07269155206286837 0.0325
