0 0.11689587426326128 0.7518750000000001 0.06876227897838899 0.04625
0 0.12475442043222003 0.5425 0.09626719056974459 0.0175
0 0.1630648330058939 0.18875 0.08251473477406679 0.0675
0 0.16404715127701375 0.32875 0.10805500982318271 0.04
0 0.24165029469548133 0.18812500000000001 0.0943025540275049 0.06875
0 0.2829076620825147 0.7518750000000001 0.0943025540275049 0.04625
0 0.3703339882121807 0.33125 0.08447937131630648 0.0775
0 0.38212180746561886 0.543125 0.1355599214145383 0.05375
0 0.45972495088408644 0.756875 0.12573673870333987 0.06375
0 0.7671905697445972 0.761875 0.3084479371316306 0.06125
0 0.7730844793713163 0.5925 0.13163064833005894 0.075
0 0.8290766208251473 0.413125 0.12573673870333987 0.06625
0 0.8605108055009822 0.299375 0.12966601178781925 0.07375
0 0.8673870333988212 0.17 0.09233791748526522 0.07
