0 0.11100196463654223 0.07187500000000001 0.10019646365422397 0.03125
0 0.1335952848722986 0.499375 0.08644400785854617 0.06875
0 0.1630648330058939 0.7675000000000001 0.11787819253438113 0.14
0 0.16895874263261296 0.286875 0.05108055009823182 0.051250000000000004
0 0.21316306483300587 0.0725 0.0805500982318271 0.03
0 0.2691552062868369 0.464375 0.08644400785854617 0.02625
0 0.30746561886051077 0.828125 0.07269155206286837 0.03875
0 0.3192534381139489 0.128125 0.11198428290766207 0.03125
0 0.3516699410609037 0.265 0.08251473477406679 0.05
0 0.4106090373280943 0.50125 0.07465618860510805 0.14250000000000002
0 0.4528487229862475 0.520625 0.021611001964636542 0.03125
0 0.3978388998035363 0.709375 0.11984282907662082 0.06375
0 0.5275049115913556 0.259375 0.045186640471512766 0.01625
0 0.5422396856581532 0.68375 0.09037328094302553 0.0575
0 0.5206286836935167 0.12875 0.2632612966601179 0.0325
0 0.49705304518664045 0.18 0.3536345776031434 0.0325
0 0.6719056974459724 0.12875 0.043222003929273084 0.0325
0 0.7131630648330058 0.128125 0.03929273084479371 0.03125
0 0.7318271119842829 0.2625 0.10805500982318271 0.06
0 0.7760314341846758 0.9 0.14538310412573674 0.0275
0 0.8526522593320235 0.708125 0.11001964636542239 0.08125
