0 0.12573673870333987 0.178125 0.05108055009823182 0.02625
0 0.1630648330058939 0.414375 0.10216110019646364 0.08125
0 0.15520628683693516 0.71 0.07465618860510805 0.0575
0 0.24557956777996068 0.838125 0.058939096267190565 0.01375
0 0.2593320235756385 0.13875 0.07858546168958742 0.0525
0 0.32023575638506874 0.7156250000000001 0.10216110019646364 0.06125
0 0.3231827111984283 0.44375000000000003 0.07269155206286837 0.035
0 0.46365422396856576 0.723125 0.07465618860510805 0.03875
0 0.43222003929273084 0.1975 0.08644400785854617 0.0575
0 0.44891944990176813 0.855625 0.07662082514734773 0.05375
0 0.48821218074656186 0.43875000000000003 0.08840864440078584 0.035
0 0.5589390962671905 0.6725 0.07269155206286837 0.0175
0 0.6542239685658153 0.389375 0.11394891944990176 0.09125
0 0.7131630648330058 0.72375 0.08644400785854617 0.05
0 0.8565815324165029 0.38875 0.10216110019646364 0.085
0 0.8477406679764243 0.19062500000000002 0.08840864440078584 0.05375
0 0.8634577603143417 0.723125 0.11198428290766207 0.05375
