0 0.12573673870333987 0.749375 0.07465618860510805 0.02875
0 0.1424361493123772 0.56125 0.11591355599214144 0.075
0 0.16895874263261296 0.20375000000000001 0.16895874263261296 0.0475
0 0.2544204322200393 0.74125 0.09233791748526522 0.045
0 0.3840864440078585 0.72875 0.07269155206286837 0.0725
0 0.4341846758349705 0.54125 0.05500982318271119 0.0725
0 0.5206286836935167 0.729375 0.09823182711198428 0.07125000000000001
0 0.5687622789783889 0.08750000000000001 0.2848722986247544 0.145
0 0.6522593320235756 0.819375 0.058939096267190565 0.03875
0 0.7357563850687622 0.721875 0.07269155206286837 0.04875
0 0.8526522593320235 0.55375 0.09823182711198428 0.0475
0 0.8398821218074656 0.213125 0.1473477406679764 0.09125
0 0.8762278978388998 0.728125 0.0943025540275049 0.03875
