0 0.14833005893909626 0.796875 0.06876227897838899 0.051250000000000004
0 0.16011787819253437 0.136875 0.11984282907662082 0.051250000000000004
0 0.1817288801571709 0.515625 0.12770137524557956 0.058750000000000004
0 0.36149312377210213 0.186875 0.12573673870333987 0.09875
0 0.44499017681728875 0.855625 0.07269155206286837 0.03375
0 0.4901768172888015 0.7418750000000001 0.060903732809430254 0.03375
0 0.6335952848722985 0.74 0.08840864440078584 0.025
0 0.7662082514734774 0.73375 0.043222003929273084 0.03
0 0.8064833005893909 0.52 0.13163064833005894 0.11750000000000001
0 0.8438113948919449 0.20125 0.15520628683693516 0.1125
