0 0.0712962962962963 0.27734375 0.020370370370370372 0.03125
0 0.09907407407407408 0.2864583333333333 0.024074074074074074 0.046875
0 0.14907407407407408 0.24283854166666666 0.024074074074074074 0.09244791666666666
0 0.16944444444444445 0.06901041666666666 0.024074074074074074 0.05208333333333333
0 0.17685185185185187 0.22786458333333331 0.024074074074074074 0.0625
0 0.20185185185185187 0.0859375 0.02592592592592593 0.08854166666666666
0 0.20555555555555557 0.23502604166666666 0.022222222222222223 0.07682291666666666
0 0.23425925925925928 0.50390625 0.024074074074074074 0.08072916666666666
0 0.2638888888888889 0.5123697916666666 0.024074074074074074 0.09765625
0 0.275 0.796875 0.024074074074074074 0.12760416666666666
0 0.2935185185185185 0.4954427083333333 0.024074074074074074 0.06380208333333333
0 0.3037037037037037 0.76953125 0.022222222222222223 0.07291666666666666
0 0.4537037037037037 0.6477864583333333 0.022222222222222223 0.08203125
0 0.48055555555555557 0.6471354166666666 0.024074074074074074 0.08072916666666666
0 0.49722222222222223 0.9088541666666666 0.020370370370370372 0.09635416666666666
0 0.5101851851851852 0.6477864583333333 0.024074074074074074 0.08203125
0 0.525 0.892578125 0.020370370370370372 0.06380208333333333
0 0.5546296296296297 0.8841145833333333 0.024074074074074074 0.049479166666666664
0 0.6027777777777777 0.28515625 0.024074074074074074 0.0703125
0 0.6342592592592593 0.28515625 0.024074074074074074 0.0703125
0 0.6666666666666667 0.27604166666666663 0.02592592592592593 0.05208333333333333
0 0.7361111111111112 0.16666666666666666 0.031481481481481485 0.06510416666666666
0 0.7601851851851852 0.07421875 0.02777777777777778 0.041666666666666664
0 0.7990740740740742 0.07421875 0.02777777777777778 0.041666666666666664
