0 0.1462962962962963 0.4368489583333333 0.022222222222222223 0.05598958333333333
0 0.1814814814814815 0.43359375 0.037037037037037035 0.046875
0 0.20833333333333334 0.08919270833333333 0.020370370370370372 0.04817708333333333
0 0.23796296296296296 0.08984375 0.016666666666666666 0.049479166666666664
0 0.28703703703703703 0.9153645833333333 0.018518518518518517 0.03125
0 0.40185185185185185 0.5345052083333333 0.022222222222222223 0.04817708333333333
0 0.4314814814814815 0.54296875 0.022222222222222223 0.06510416666666666
0 0.4601851851851852 0.5345052083333333 0.020370370370370372 0.04817708333333333
0 0.4703703703703704 0.8860677083333333 0.022222222222222223 0.08203125
0 0.5 0.9029947916666666 0.022222222222222223 0.11328125
0 0.5287037037037037 0.8782552083333333 0.024074074074074074 0.06380208333333333
0 0.5583333333333333 0.8782552083333333 0.024074074074074074 0.06380208333333333
0 0.6268518518518519 0.3059895833333333 0.024074074074074074 0.1328125
0 0.6601851851851852 0.27604166666666663 0.02777777777777778 0.07552083333333333
0 0.8490740740740741 0.6783854166666666 0.024074074074074074 0.06510416666666666
0 0.8796296296296297 0.677734375 0.022222222222222223 0.06380208333333333
0 0.9083333333333333 0.669921875 0.024074074074074074 0.04817708333333333
