0 0.12222222222222223 0.8639322916666666 0.022222222222222223 0.09765625
0 0.15092592592592594 0.86328125 0.020370370370370372 0.09635416666666666
0 0.17962962962962964 0.8463541666666666 0.022222222222222223 0.06510416666666666
0 0.2101851851851852 0.87109375 0.024074074074074074 0.11458333333333333
0 0.45462962962962966 0.30078125 0.020370370370370372 0.03125
0 0.5 0.5403645833333333 0.022222222222222223 0.08072916666666666
0 0.5287037037037037 0.5397135416666666 0.024074074074074074 0.08203125
0 0.5583333333333333 0.5325520833333333 0.024074074074074074 0.06510416666666666
0 0.6055555555555556 0.4915364583333333 0.02592592592592593 0.04817708333333333
0 0.6361111111111112 0.4915364583333333 0.024074074074074074 0.04817708333333333
0 0.6268518518518519 0.8873697916666666 0.024074074074074074 0.07942708333333333
0 0.6564814814814816 0.87890625 0.024074074074074074 0.06510416666666666
0 0.7527777777777778 0.20052083333333331 0.020370370370370372 0.08072916666666666
0 0.7814814814814816 0.22395833333333331 0.022222222222222223 0.13020833333333331
0 0.8101851851851852 0.20833333333333331 0.024074074074074074 0.09635416666666666
