0 0.2101851851851852 0.38671875 0.020370370370370372 0.0625
0 0.23981481481481481 0.3782552083333333 0.024074074074074074 0.04817708333333333
0 0.26851851851851855 0.39518229166666663 0.022222222222222223 0.08203125
0 0.27870370370370373 0.84375 0.07222222222222223 0.0390625
0 0.31666666666666665 0.6458333333333333 0.02962962962962963 0.13020833333333331
0 0.35555555555555557 0.6673177083333333 0.02962962962962963 0.17057291666666666
0 0.39537037037037037 0.6692708333333333 0.031481481481481485 0.171875
0 0.6046296296296296 0.19140625 0.053703703703703705 0.09375
0 0.6481481481481481 0.17057291666666666 0.022222222222222223 0.04427083333333333
0 0.6814814814814815 0.1015625 0.018518518518518517 0.015625
