0 0.11851851851851852 0.2942708333333333 0.014814814814814815 0.013020833333333332
0 0.1388888888888889 0.2942708333333333 0.014814814814814815 0.013020833333333332
0 0.15925925925925927 0.29361979166666663 0.011111111111111112 0.014322916666666666
0 0.17407407407407408 0.2981770833333333 0.007407407407407408 0.005208333333333333
0 0.19166666666666668 0.29166666666666663 0.012962962962962964 0.018229166666666664
0 0.2138888888888889 0.29166666666666663 0.016666666666666666 0.018229166666666664
0 0.25462962962962965 0.29166666666666663 0.012962962962962964 0.020833333333333332
0 0.28240740740740744 0.29166666666666663 0.02777777777777778 0.020833333333333332
0 0.31851851851851853 0.29557291666666663 0.02962962962962963 0.028645833333333332
0 0.35370370370370374 0.2923177083333333 0.02962962962962963 0.016927083333333332
0 0.3888888888888889 0.29166666666666663 0.02962962962962963 0.020833333333333332
0 0.42314814814814816 0.29166666666666663 0.02777777777777778 0.020833333333333332
0 0.45092592592592595 0.29166666666666663 0.012962962962962964 0.020833333333333332
0 0.6398148148148148 0.8079427083333333 0.03888888888888889 0.20703125
0 0.6953703703703704 0.7467447916666666 0.03888888888888889 0.08723958333333333
