0 0.44537037037037036 0.9973958333333333 0.009259259259259259 0.0026041666666666665
0 0.46944444444444444 0.17838541666666666 0.02777777777777778 0.07552083333333333
0 0.5027777777777778 0.18880208333333331 0.024074074074074074 0.09375
0 0.5231481481481481 0.7259114583333333 0.024074074074074074 0.05078125
0 0.5537037037037037 0.7591145833333333 0.0925925925925926 0.4036458333333333
0 0.5370370370370371 0.15950520833333331 0.02592592592592593 0.037760416666666664
0 0.5666666666666667 0.93359375 0.018518518518518517 0.0546875
0 0.5944444444444444 0.09244791666666666 0.02592592592592593 0.07552083333333333
0 0.6277777777777778 0.111328125 0.02592592592592593 0.11328125
0 0.6620370370370371 0.07356770833333333 0.02777777777777778 0.037760416666666664
0 0.9407407407407408 0.107421875 0.014814814814814815 0.06640625
