0 0.15833333333333333 0.7454427083333333 0.05 0.09244791666666666
0 0.2388888888888889 0.8365885416666666 0.10370370370370371 0.2747395833333333
0 0.22777777777777777 0.478515625 0.02962962962962963 0.12890625
0 0.26666666666666666 0.44596354166666663 0.02962962962962963 0.06380208333333333
0 0.3851851851851852 0.3515625 0.02592592592592593 0.09635416666666666
0 0.4203703703703704 0.359375 0.02962962962962963 0.11979166666666666
0 0.45740740740740743 0.3294270833333333 0.02962962962962963 0.05989583333333333
0 0.6481481481481481 0.8763020833333333 0.02592592592592593 0.09114583333333333
0 0.6796296296296297 0.55859375 0.06666666666666667 0.1171875
0 0.6824074074074075 0.8580729166666666 0.02777777777777778 0.057291666666666664
0 0.7861111111111111 0.5559895833333333 0.1425925925925926 0.11979166666666666
0 0.7435185185185186 0.7936197916666666 0.02777777777777778 0.09505208333333333
0 0.7787037037037038 0.7962239583333333 0.02777777777777778 0.11328125
