0 0.17314814814814816 0.8834635416666666 0.031481481481481485 0.12630208333333331
0 0.20277777777777778 0.8802083333333333 0.024074074074074074 0.11458333333333333
0 0.41944444444444445 0.7024739583333333 0.001851851851851852 0.0013020833333333333
0 0.45 0.626953125 0.07037037037037037 0.20182291666666666
0 0.587037037037037 0.9088541666666666 0.022222222222222223 0.0625
0 0.6157407407407408 0.9166666666666666 0.020370370370370372 0.078125
0 0.6472222222222223 0.181640625 0.001851851851851852 0.0013020833333333333
0 0.6537037037037037 0.8606770833333333 0.022222222222222223 0.125
0 0.6472222222222223 0.23307291666666666 0.031481481481481485 0.0703125
0 0.6481481481481481 0.1328125 0.02962962962962963 0.09895833333333333
0 0.6814814814814815 0.8138020833333333 0.022222222222222223 0.03125
0 0.6870370370370371 0.17122395833333331 0.02962962962962963 0.17317708333333331
0 0.7268518518518519 0.17578125 0.031481481481481485 0.18489583333333331
0 0.7657407407407407 0.11588541666666666 0.031481481481481485 0.06510416666666666
