0 0.17314814814814816 0.865234375 0.02777777777777778 0.10026041666666666
0 0.20925925925925926 0.876953125 0.02962962962962963 0.12109375
0 0.24629629629629632 0.88671875 0.02962962962962963 0.14322916666666666
0 0.28240740740740744 0.8763020833333333 0.031481481481481485 0.12239583333333333
0 0.4083333333333333 0.6634114583333333 0.024074074074074074 0.05859375
0 0.4425925925925926 0.6875 0.02962962962962963 0.09375
0 0.47870370370370374 0.6640625 0.02777777777777778 0.05989583333333333
0 0.5305555555555556 0.630859375 0.031481481481481485 0.08203125
0 0.5731481481481482 0.619140625 0.04259259259259259 0.06380208333333333
0 0.762962962962963 0.7591145833333333 0.022222222222222223 0.04427083333333333
0 0.7907407407407407 0.7506510416666666 0.018518518518518517 0.02734375
0 0.8546296296296296 0.54296875 0.020370370370370372 0.028645833333333332
