0 0.13148148148148148 0.7708333333333333 0.07777777777777778 0.37760416666666663
0 0.1685185185185185 0.419921875 0.05555555555555556 0.09505208333333333
0 0.2101851851851852 0.1328125 0.08333333333333334 0.17708333333333331
0 0.3703703703703704 0.107421875 0.022222222222222223 0.08203125
0 0.3990740740740741 0.09895833333333333 0.024074074074074074 0.06510416666666666
0 0.6148148148148148 0.123046875 0.07037037037037037 0.15755208333333331
0 0.6805555555555556 0.6920572916666666 0.02777777777777778 0.10546875
0 0.7074074074074075 0.42578125 0.022222222222222223 0.10416666666666666
0 0.7268518518518519 0.6927083333333333 0.03888888888888889 0.10677083333333333
0 0.7435185185185186 0.42057291666666663 0.03518518518518519 0.1015625
0 0.7546296296296297 0.09114583333333333 0.024074074074074074 0.06510416666666666
