0 0.11296296296296297 0.7604166666666666 0.022222222222222223 0.06510416666666666
0 0.1425925925925926 0.7682291666666666 0.022222222222222223 0.08333333333333333
0 0.14537037037037037 0.12369791666666666 0.020370370370370372 0.08072916666666666
0 0.14907407407407408 0.4700520833333333 0.024074074074074074 0.09895833333333333
0 0.1712962962962963 0.7682291666666666 0.024074074074074074 0.08072916666666666
0 0.17592592592592593 0.11588541666666666 0.022222222222222223 0.06510416666666666
0 0.17777777777777778 0.45377604166666663 0.022222222222222223 0.06380208333333333
0 0.20185185185185187 0.7610677083333333 0.022222222222222223 0.06380208333333333
0 0.41203703703703703 0.21158854166666666 0.024074074074074074 0.13151041666666666
0 0.4398148148148148 0.1875 0.020370370370370372 0.08072916666666666
0 0.6231481481481481 0.6888020833333333 0.020370370370370372 0.08072916666666666
0 0.6527777777777778 0.6712239583333333 0.020370370370370372 0.04817708333333333
0 0.6824074074074075 0.6803385416666666 0.024074074074074074 0.06380208333333333
0 0.712037037037037 0.6803385416666666 0.024074074074074074 0.06380208333333333
0 0.8009259259259259 0.42578125 0.005555555555555556 0.03125
