0 0.10740740740740741 0.4095052083333333 0.018518518518518517 0.07682291666666666
0 0.13611111111111113 0.41796875 0.020370370370370372 0.09375
0 0.16296296296296298 0.41015625 0.022222222222222223 0.078125
0 0.31666666666666665 0.20572916666666666 0.022222222222222223 0.078125
0 0.3453703703703704 0.21354166666666666 0.020370370370370372 0.09114583333333333
0 0.3685185185185185 0.7506510416666666 0.022222222222222223 0.09765625
0 0.3888888888888889 0.8795572916666666 0.022222222222222223 0.09765625
0 0.4027777777777778 0.708984375 0.031481481481481485 0.01953125
0 0.4185185185185185 0.88671875 0.022222222222222223 0.11458333333333333
0 0.44722222222222224 0.8626302083333333 0.020370370370370372 0.06380208333333333
0 0.5537037037037037 0.15690104166666666 0.022222222222222223 0.15755208333333331
0 0.5814814814814815 0.13346354166666666 0.022222222222222223 0.10807291666666666
0 0.5851851851851853 0.5358072916666666 0.022222222222222223 0.11328125
0 0.6101851851851852 0.10221354166666666 0.020370370370370372 0.045572916666666664
0 0.6138888888888889 0.501953125 0.024074074074074074 0.04817708333333333
0 0.6425925925925926 0.5358072916666666 0.022222222222222223 0.11328125
0 0.7277777777777779 0.890625 0.022222222222222223 0.13020833333333331
0 0.7574074074074074 0.8658854166666666 0.022222222222222223 0.08072916666666666
0 0.8027777777777778 0.8287760416666666 0.024074074074074074 0.13151041666666666
0 0.8324074074074075 0.8196614583333333 0.024074074074074074 0.11328125
0 0.8611111111111112 0.787109375 0.022222222222222223 0.04817708333333333
