0 0.1574074074074074 0.9173177083333333 0.022222222222222223 0.06901041666666666
0 0.16574074074074074 0.51953125 0.020370370370370372 0.06770833333333333
0 0.18796296296296297 0.9270833333333333 0.024074074074074074 0.08854166666666666
0 0.18981481481481483 0.5325520833333333 0.020370370370370372 0.09635416666666666
0 0.2064814814814815 0.15169270833333331 0.020370370370370372 0.05859375
0 0.21481481481481482 0.5162760416666666 0.022222222222222223 0.061197916666666664
0 0.22037037037037038 0.9270833333333333 0.02592592592592593 0.08854166666666666
0 0.23333333333333334 0.15104166666666666 0.022222222222222223 0.05989583333333333
0 0.2601851851851852 0.14322916666666666 0.020370370370370372 0.04427083333333333
0 0.2888888888888889 0.8912760416666666 0.02592592592592593 0.053385416666666664
0 0.3212962962962963 0.9088541666666666 0.024074074074074074 0.08854166666666666
0 0.34814814814814815 0.10546875 0.022222222222222223 0.08072916666666666
0 0.3527777777777778 0.890625 0.024074074074074074 0.05208333333333333
0 0.37777777777777777 0.09765625 0.022222222222222223 0.06510416666666666
0 0.40740740740740744 0.08854166666666666 0.022222222222222223 0.046875
0 0.4287037037037037 0.501953125 0.020370370370370372 0.07421875
0 0.45555555555555555 0.501953125 0.022222222222222223 0.07421875
0 0.5694444444444444 0.5110677083333333 0.016666666666666666 0.029947916666666664
0 0.5611111111111111 0.919921875 0.022222222222222223 0.09765625
0 0.5972222222222222 0.90234375 0.03518518518518519 0.06770833333333333
0 0.5962962962962963 0.533203125 0.018518518518518517 0.07421875
0 0.6231481481481481 0.5182291666666666 0.020370370370370372 0.04427083333333333
0 0.7324074074074074 0.12239583333333333 0.020370370370370372 0.11458333333333333
0 0.737037037037037 0.4856770833333333 0.022222222222222223 0.05989583333333333
0 0.7657407407407407 0.13997395833333331 0.03518518518518519 0.14713541666666666
0 0.762962962962963 0.478515625 0.018518518518518517 0.045572916666666664
0 0.7962962962962963 0.138671875 0.022222222222222223 0.14713541666666666
0 0.8250000000000001 0.11458333333333333 0.024074074074074074 0.09635416666666666
0 0.8583333333333334 0.7278645833333333 0.024074074074074074 0.11458333333333333
0 0.887962962962963 0.7180989583333333 0.024074074074074074 0.09765625
